   1.2250000e+05   2.9693714e-06
   1.2250000e+05   2.4761279e-06
   1.2250000e+05   2.5805148e-06
   1.2250000e+05   3.1988813e-06
   1.2250000e+05   2.7685807e-06
   1.2250000e+05   2.6023313e-06
   1.2250000e+05   2.4276841e-06
   1.7150000e+05   2.2083775e-06
   1.7150000e+05   1.7723244e-06
   1.7150000e+05   1.8757129e-06
   1.7150000e+05   2.1760648e-06
   1.7150000e+05   1.9673954e-06
   1.7150000e+05   1.7310189e-06
   1.7150000e+05   1.7128393e-06
   2.4500000e+05   1.4728239e-06
   2.4500000e+05   1.3757028e-06
   2.4500000e+05   1.0963580e-06
   2.4500000e+05   1.4952786e-06
   2.4500000e+05   1.2092763e-06
   2.4500000e+05   1.5386856e-06
   2.4500000e+05   1.2114969e-06
