   1.6387249e+05   8.1392740e-07
   1.5484371e+05   8.2304826e-07
   1.2597535e+05   9.0890069e-07
   3.3002595e+05   6.5665496e-07
   3.2489379e+05   1.4803490e-06
   3.2577291e+05   4.3422522e-07
   3.4770336e+05   8.9563524e-07
   6.6214277e+05   2.9479577e-07
   4.1556183e+05   7.1880804e-07
   6.0706716e+05   3.7111343e-07
   6.7991522e+05   4.2144512e-07
   1.0943603e+06   1.8120268e-07
   6.6663340e+05   3.0546858e-07
   1.0389046e+06   2.2814159e-07
   1.0922457e+06   3.2204141e-07
   1.5263641e+06   1.6415304e-07
   1.1084738e+06   3.1058046e-07
   1.5607923e+06   1.0055202e-07
   1.5444929e+06   1.9014807e-07
   1.9180946e+06   1.1543230e-07
   1.5301657e+06   1.8016223e-07
   1.9922970e+06   1.7246015e-07
   1.9864521e+06   1.4844712e-07
   2.6711193e+06   9.9597908e-08
   1.9817476e+06   1.0439205e-07
   2.6846625e+06   8.9567715e-08
   2.7393579e+06   9.1620617e-08
   3.8153993e+06   5.4968552e-08
   2.8044840e+06   9.9446728e-08
   3.7781199e+06   4.4106800e-08
   3.8434598e+06   8.2695183e-08
   4.9090231e+06   3.0486633e-08
   3.9381195e+06   5.6661141e-08
   4.9015149e+06   4.4108854e-08
   4.9374162e+06   6.2063657e-08
   6.0727388e+06   3.5084173e-08
   4.8209686e+06   1.0287644e-07
   6.0449634e+06   3.8597994e-08
   6.0612152e+06   3.9173712e-08
   7.2564366e+06   1.9778148e-08
   7.1582366e+06   2.3417401e-08
   7.1949220e+06   4.0905780e-08
   8.3497752e+06   2.5610159e-08
   6.2252302e+06   5.5011722e-08
   8.2915633e+06   3.4807456e-08
   8.3084091e+06   1.8485484e-08
   9.4432802e+06   3.5461473e-08
   7.3585807e+06   1.3626723e-08
   9.3948336e+06   2.7932441e-08
   9.3817894e+06   4.1287452e-08
   1.0566794e+07   1.5828644e-08
   8.4617797e+06   3.9125073e-08
   1.0477932e+07   1.2432862e-08
   1.0475199e+07   1.4333177e-08
   1.1710171e+07   1.5010192e-08
   9.6051331e+06   2.0247612e-08
   1.1611140e+07   2.0275946e-08
   1.1618553e+07   1.6481975e-08
   1.2823444e+07   1.3827985e-08
   1.0758442e+07   2.2361291e-08
   1.2714315e+07   2.1334978e-08
   1.2701793e+07   2.0710909e-08
   1.3926691e+07   1.4796682e-08
   1.1881647e+07   1.6180744e-08
   1.3797413e+07   1.6014686e-08
   1.3775102e+07   2.5438313e-08
   1.5049967e+07   1.0730374e-08
   1.3024881e+07   1.6460126e-08
   1.4880487e+07   1.6341529e-08
   1.4868322e+07   4.6159758e-09
   1.4127962e+07   8.2322062e-09
   1.5231042e+07   1.6018530e-08
