   6.2029485e+06   3.0173133e-08
   6.1703601e+06   2.8951935e-08
   8.7039984e+06   1.7834320e-08
   8.6829502e+06   2.2536096e-08
   8.6765024e+06   2.0476112e-08
   8.6634349e+06   1.9212764e-08
   1.2522132e+07   1.0679168e-08
   1.2437739e+07   1.2922125e-08
   1.2396630e+07   1.4771764e-08
   1.2444598e+07   1.1140035e-08
   1.7444487e+07   4.2406662e-09
   1.7399425e+07   9.2341369e-09
   1.7427764e+07   1.0036111e-08
   1.7493075e+07   1.5559073e-08
   2.4792764e+07   5.9836263e-09
   2.4808429e+07   6.9723469e-09
