   1.5000000e+05   1.7333754e-06
   1.5000000e+05   1.4856692e-06
   1.5000000e+05   1.5017956e-06
   1.5000000e+05   1.7402945e-06
   1.5000000e+05   1.7892644e-06
   1.5000000e+05   1.8393520e-06
   2.5000000e+05   9.6696213e-07
   2.5000000e+05   9.0430403e-07
   2.5000000e+05   8.7993188e-07
   2.5000000e+05   1.0119726e-06
   2.5000000e+05   9.8369871e-07
   2.5000000e+05   1.0262258e-06
   3.5000000e+05   6.6127847e-07
   3.5000000e+05   6.5085030e-07
   3.5000000e+05   8.3485520e-07
   3.5000000e+05   7.3776858e-07
   3.5000000e+05   7.9324463e-07
   3.5000000e+05   6.5925543e-07
   4.5000000e+05   5.2837124e-07
   4.5000000e+05   4.5338064e-07
   4.5000000e+05   3.7322418e-07
   4.5000000e+05   7.3529412e-07
   4.5000000e+05   9.2460882e-07
   4.5000000e+05   7.7613389e-07
