   2.5500000e+07   7.0777247e-09
   2.5500000e+07   7.6157292e-09
   2.5500000e+07   3.7615046e-09
   2.5500000e+07   3.9183673e-09
   2.5500000e+07   9.4870381e-09
   2.5500000e+07   6.9970845e-09
   2.5500000e+07   1.3625450e-08
   2.5500000e+07   3.2501890e-09
   2.5500000e+07   3.0412165e-09
   2.5500000e+07   5.7561486e-09
   2.5500000e+07   1.8259936e-09
   2.5500000e+07   3.8415366e-09
   2.5500000e+07   6.0220810e-10
   2.5500000e+07   8.6923658e-10
   2.5500000e+07   1.5395632e-09
   2.5500000e+07   4.3680630e-09
   2.5500000e+07   7.2028812e-10
   2.5500000e+07   4.8979592e-10
   2.5500000e+07   1.2987013e-09
   2.5500000e+07   8.6096939e-10
   2.5500000e+07   3.3075299e-09
   2.5500000e+07   5.1700680e-10
   2.5500000e+07   2.3906706e-09
   2.5500000e+07   1.0866684e-09
   2.5500000e+07   2.0285223e-09
   2.5500000e+07   2.7520099e-09
   2.5500000e+07   2.4844720e-09
   2.5500000e+07   1.3662369e-09
   2.5500000e+07   1.3097776e-09
   7.5000000e+07   4.1074250e-10
   7.5000000e+07   7.4600355e-10
   7.5000000e+07   2.3178808e-10
   7.5000000e+07   7.3825503e-10
   7.5000000e+07   1.9188192e-09
   7.5000000e+07   9.5744681e-10
   7.5000000e+07   8.4656085e-10
   7.5000000e+07   1.5974441e-10
   7.5000000e+07   6.8259386e-10
   7.5000000e+07   1.0800000e-09
   7.5000000e+07   2.5764895e-10
   7.5000000e+07   2.3102310e-10
   7.5000000e+07   1.5923567e-10
   7.5000000e+07   4.6181172e-10
   7.5000000e+07   1.9575856e-10
   7.5000000e+07   1.7341040e-10
   7.5000000e+07   8.5227273e-11
   7.5000000e+07   9.3750000e-11
   7.5000000e+07   1.4245014e-10
   7.5000000e+07   1.4992504e-10
   7.5000000e+07   5.6379822e-10
   7.5000000e+07   1.5604681e-10
   7.5000000e+07   1.7902813e-10
   7.5000000e+07   2.4324324e-10
   7.5000000e+07   1.9728730e-10
   7.5000000e+07   2.1917808e-10
   7.5000000e+07   1.8691589e-10
   7.5000000e+07   1.0335917e-10
   7.5000000e+07   7.8431373e-11
   7.5000000e+07   8.4151473e-11
   1.5000000e+08   1.0582011e-10
   1.5000000e+08   2.0123839e-10
   1.5000000e+08   2.2260274e-10
   1.5000000e+08   1.4729951e-10
   1.5000000e+08   1.7799353e-10
   1.5000000e+08   3.7037037e-10
   1.5000000e+08   3.0456853e-10
   1.5000000e+08   2.5380711e-10
   1.5000000e+08   2.0168067e-10
   1.5000000e+08   6.5466448e-11
   1.5000000e+08   1.1093502e-10
   1.5000000e+08   1.4851485e-10
   1.5000000e+08   3.2258065e-10
   1.5000000e+08   6.1310782e-10
   1.5000000e+08   6.4102564e-11
   1.5000000e+08   9.5389507e-11
   1.5000000e+08   1.6313214e-10
   1.5000000e+08   6.2305296e-11
   1.5000000e+08   6.3191153e-11
   1.5000000e+08   1.9097222e-10
   1.5000000e+08   9.6930533e-11
   1.5000000e+08   4.5317221e-11
   1.5000000e+08   1.2759171e-10
   1.5000000e+08   2.0270270e-10
   1.5000000e+08   9.9667774e-11
   1.5000000e+08   2.0725389e-10
   1.5000000e+08   9.6153846e-11
   1.5000000e+08   2.0168067e-10
   1.5000000e+08   1.5797788e-10
   1.5000000e+08   5.8309038e-11
   1.5000000e+08   5.7388809e-11
   1.5000000e+08   7.5987842e-11
   1.5000000e+08   7.7760498e-11
   1.5000000e+08   9.2165899e-11
   1.5000000e+08   1.3996890e-10
   1.5000000e+08   1.0028653e-10
   1.5000000e+08   1.0370370e-10
   1.5000000e+08   1.0835913e-10
   1.5000000e+08   3.1746032e-10
   1.5000000e+08   2.8288543e-11
   1.5000000e+08   4.5180723e-11
   1.5000000e+08   8.9552239e-11
   1.5000000e+08   6.2208398e-11
   1.5000000e+08   5.6577086e-11
   1.5000000e+08   1.4128728e-10
   1.5000000e+08   5.9523810e-11
   1.5000000e+08   4.4313146e-11
   1.5000000e+08   1.2987013e-10
   1.5000000e+08   5.5788006e-11
   1.5000000e+08   1.2180268e-11
   1.5000000e+08   1.6666667e-10
   1.5000000e+08   6.6312997e-11
   1.5000000e+08   7.7619664e-11
   1.5000000e+08   6.4516129e-11
   1.5000000e+08   1.5209125e-10
   1.5000000e+08   3.9370079e-11
   1.5000000e+08   1.4686248e-10
   1.5000000e+08   7.5093867e-11
   1.5000000e+08   9.7680098e-11
   1.5000000e+08   1.0840108e-10
   1.5000000e+08   2.3068051e-11
   1.5000000e+08   1.1904762e-10
   1.5000000e+08   3.8560411e-11
   1.5000000e+08   6.5104167e-11
   1.5000000e+08   2.3842917e-10
   1.5000000e+08   1.5604681e-10
   1.5000000e+08   1.6646849e-10
   1.5000000e+08   6.9832402e-11
   1.5000000e+08   1.2804097e-10
   3.0000000e+08   6.1082024e-11
   3.0000000e+08   8.3459788e-11
   3.0000000e+08   1.0887772e-10
   3.0000000e+08   8.0645161e-11
   3.0000000e+08   7.9491256e-11
   3.0000000e+08   8.9285714e-11
   3.0000000e+08   1.0673235e-10
   3.0000000e+08   9.9009901e-11
   3.0000000e+08   1.2355848e-10
   3.0000000e+08   5.6910569e-11
   3.0000000e+08   4.7021944e-11
   3.0000000e+08   8.1300813e-11
   3.0000000e+08   1.7463235e-10
   3.0000000e+08   3.5856574e-10
   3.0000000e+08   4.7770701e-11
   3.0000000e+08   5.5118110e-11
   3.0000000e+08   8.0256822e-11
   3.0000000e+08   3.8699690e-11
   3.0000000e+08   4.7095761e-11
   3.0000000e+08   9.3696763e-11
   3.0000000e+08   4.0000000e-11
   3.0000000e+08   2.2556391e-11
   3.0000000e+08   6.2992126e-11
   3.0000000e+08   8.2781457e-11
   3.0000000e+08   5.7565789e-11
   3.0000000e+08   9.3062606e-11
   3.0000000e+08   4.7619048e-11
   3.0000000e+08   7.4135091e-11
   3.0000000e+08   4.6656299e-11
   3.0000000e+08   2.8985507e-11
   3.0000000e+08   2.8530670e-11
   3.0000000e+08   5.2790347e-11
   3.0000000e+08   3.8580247e-11
   3.0000000e+08   7.6103501e-11
   3.0000000e+08   6.1349693e-11
   3.0000000e+08   5.6737589e-11
   3.0000000e+08   7.3313783e-11
   3.0000000e+08   5.3598775e-11
   3.0000000e+08   1.6153846e-10
   3.0000000e+08   2.8208745e-11
   3.0000000e+08   2.9985007e-11
   3.0000000e+08   4.4378698e-11
   3.0000000e+08   3.8639876e-11
   3.0000000e+08   3.5161744e-11
   3.0000000e+08   6.9659443e-11
   3.0000000e+08   3.6982249e-11
   3.0000000e+08   2.9411765e-11
   3.0000000e+08   6.4102564e-11
   3.0000000e+08   4.1608877e-11
   3.0000000e+08   6.0827251e-12
   3.0000000e+08   6.1475410e-11
   3.0000000e+08   3.9525692e-11
   3.0000000e+08   5.7766367e-11
   3.0000000e+08   3.8461538e-11
   3.0000000e+08   7.4906367e-11
   3.0000000e+08   4.5751634e-11
   3.0000000e+08   9.8684211e-11
   3.0000000e+08   5.5900621e-11
   3.0000000e+08   3.0229746e-11
   3.0000000e+08   7.3726542e-11
   3.0000000e+08   1.7261220e-11
   3.0000000e+08   9.1503268e-11
   3.0000000e+08   2.5608195e-11
   3.0000000e+08   3.8809832e-11
   3.0000000e+08   1.0958904e-10
   3.0000000e+08   5.1216389e-11
   3.0000000e+08   9.9415205e-11
   3.0000000e+08   4.1608877e-11
   3.0000000e+08   5.0568900e-11
   5.0000000e+08   6.0344828e-11
   5.0000000e+08   3.7313433e-11
   5.0000000e+08   4.9180328e-11
   5.0000000e+08   5.5555556e-11
   5.0000000e+08   3.1298905e-11
   5.0000000e+08   4.7846890e-11
   5.0000000e+08   4.8231511e-11
   5.0000000e+08   7.2815534e-11
   5.0000000e+08   4.8231511e-11
   5.0000000e+08   3.2154341e-11
   5.0000000e+08   3.8819876e-11
   5.0000000e+08   5.6000000e-11
   5.0000000e+08   1.0657194e-10
   5.0000000e+08   1.8587361e-10
   5.0000000e+08   3.1545741e-11
   5.0000000e+08   3.1152648e-11
   5.0000000e+08   3.1595577e-11
   5.0000000e+08   3.0721966e-11
   5.0000000e+08   3.8880249e-11
   5.0000000e+08   5.0167224e-11
   5.0000000e+08   3.1746032e-11
   5.0000000e+08   2.9940120e-11
   5.0000000e+08   3.8880249e-11
   5.0000000e+08   4.8859935e-11
   5.0000000e+08   4.8780488e-11
   5.0000000e+08   6.6445183e-11
   5.0000000e+08   3.1446541e-11
   5.0000000e+08   4.0584416e-11
   5.0000000e+08   3.8520801e-11
   5.0000000e+08   2.1613833e-11
   5.0000000e+08   1.4184397e-11
   5.0000000e+08   2.2388060e-11
   5.0000000e+08   3.0627871e-11
   5.0000000e+08   5.2473763e-11
   5.0000000e+08   3.0303030e-11
   5.0000000e+08   2.1037868e-11
   5.0000000e+08   4.3352601e-11
   5.0000000e+08   3.7878788e-11
   5.0000000e+08   8.1967213e-11
   5.0000000e+08   2.1037868e-11
   5.0000000e+08   2.9806259e-11
   5.0000000e+08   2.9325513e-11
   5.0000000e+08   3.0674847e-11
   5.0000000e+08   2.7932961e-11
   5.0000000e+08   6.8702290e-11
   5.0000000e+08   2.2026432e-11
   5.0000000e+08   2.9239766e-11
   5.0000000e+08   4.2194093e-11
   5.0000000e+08   2.7510316e-11
   5.0000000e+08   6.0753341e-12
   5.0000000e+08   4.0485830e-11
   5.0000000e+08   2.6143791e-11
   5.0000000e+08   3.1725888e-11
   5.0000000e+08   3.8167939e-11
   5.0000000e+08   3.6900369e-11
   5.0000000e+08   1.9430052e-11
   5.0000000e+08   6.4516129e-11
   5.0000000e+08   3.6855037e-11
   5.0000000e+08   1.8028846e-11
   5.0000000e+08   3.3025099e-11
   5.0000000e+08   1.7201835e-11
   5.0000000e+08   3.8510911e-11
   5.0000000e+08   3.1847134e-11
   5.0000000e+08   1.9255456e-11
   5.0000000e+08   5.3619303e-11
   5.0000000e+08   3.1685678e-11
   5.0000000e+08   6.3073394e-11
   5.0000000e+08   2.0632737e-11
   5.0000000e+08   1.2515645e-11
   8.0000000e+08   5.5366269e-11
   8.0000000e+08   2.5925926e-11
   8.0000000e+08   2.8409091e-11
   8.0000000e+08   3.1397174e-11
   8.0000000e+08   3.1104199e-11
   8.0000000e+08   2.7646130e-11
   8.0000000e+08   2.7866242e-11
   8.0000000e+08   1.5948963e-11
   8.0000000e+08   3.5828025e-11
   8.0000000e+08   3.5942492e-11
   8.0000000e+08   4.6224961e-11
   8.0000000e+08   2.7689873e-11
   8.0000000e+08   4.3478261e-11
   8.0000000e+08   1.3888889e-10
   8.0000000e+08   2.7429467e-11
   8.0000000e+08   1.9349845e-11
   8.0000000e+08   5.1020408e-11
   8.0000000e+08   2.2900763e-11
   8.0000000e+08   3.4722222e-11
   8.0000000e+08   3.7251656e-11
   8.0000000e+08   2.7602524e-11
   8.0000000e+08   1.4880952e-11
   8.0000000e+08   3.0864198e-11
   8.0000000e+08   3.2258065e-11
   8.0000000e+08   4.0257649e-11
   8.0000000e+08   4.9180328e-11
   8.0000000e+08   2.3437500e-11
   8.0000000e+08   3.6231884e-11
   8.0000000e+08   2.2935780e-11
   8.0000000e+08   1.7934003e-11
   8.0000000e+08   1.0608204e-11
   8.0000000e+08   2.2288262e-11
   8.0000000e+08   2.6636225e-11
   8.0000000e+08   3.7091988e-11
   8.0000000e+08   2.6355422e-11
   8.0000000e+08   1.7458101e-11
   8.0000000e+08   3.2234957e-11
   8.0000000e+08   2.2556391e-11
   8.0000000e+08   5.4985337e-11
   8.0000000e+08   1.7458101e-11
   8.0000000e+08   2.5925926e-11
   8.0000000e+08   2.5510204e-11
   8.0000000e+08   2.6676829e-11
   8.0000000e+08   2.7777778e-11
   8.0000000e+08   5.6475904e-11
   8.0000000e+08   2.5584795e-11
   8.0000000e+08   1.4534884e-11
   8.0000000e+08   2.0920502e-11
   8.0000000e+08   1.3679891e-11
   8.0000000e+08   1.2135922e-11
   8.0000000e+08   2.3427041e-11
   8.0000000e+08   2.9258778e-11
   8.0000000e+08   2.5220681e-11
   8.0000000e+08   2.5252525e-11
   8.0000000e+08   2.7472527e-11
   8.0000000e+08   2.5806452e-11
   8.0000000e+08   5.4140127e-11
   8.0000000e+08   2.4390244e-11
   8.0000000e+08   2.0958084e-11
   8.0000000e+08   2.9527559e-11
   8.0000000e+08   8.5714286e-12
   8.0000000e+08   2.2292994e-11
   8.0000000e+08   1.5822785e-11
   8.0000000e+08   1.5984655e-11
   8.0000000e+08   4.9734748e-11
   8.0000000e+08   2.2040302e-11
   8.0000000e+08   4.5300113e-11
   8.0000000e+08   2.0547945e-11
   8.0000000e+08   1.8726592e-11
