   4.4500000e+05   4.2385404e-08
   2.8650000e+06   4.2930266e-08
   1.7450000e+06   1.7823636e-08
   4.4650000e+06   3.0820447e-08
   3.0750000e+06   1.0717661e-08
   7.2550000e+06   1.7715890e-08
   4.6300000e+06   1.1779809e-08
   1.4655000e+07   4.6380363e-09
   7.7550000e+06   1.2982467e-08
   2.4580000e+07   1.9628740e-09
   1.5275000e+07   3.8542018e-09
   3.5005000e+07   1.3322511e-09
   2.2945000e+07   1.5632459e-09
   4.5990000e+07   5.0286902e-10
   2.8265000e+07   1.7982308e-09
   5.5980000e+07   8.0049806e-10
   3.6005000e+07   1.3724384e-09
   6.5975000e+07   4.3217664e-10
   4.6145000e+07   7.1767660e-10
   7.5700000e+07   2.9626416e-10
   5.6845000e+07   2.4660815e-10
   8.5245000e+07   4.7842856e-10
   6.6855000e+07   6.2800206e-10
   9.5695000e+07   5.5174713e-10
   7.6980000e+07   3.5986779e-10
   1.3061000e+08   1.8212502e-10
   8.7095000e+07   2.8520297e-10
   9.6975000e+07   2.4866583e-10
   1.3225000e+08   1.9603477e-10
