   2.4900000e+06   4.5868976e-09
   2.5500000e+06   5.7874311e-09
   2.9750000e+06   9.6842304e-09
   3.0500000e+06   1.9781924e-08
   5.2500000e+06   8.4002792e-09
   5.3300000e+06   1.9916306e-08
   3.1550000e+06   2.8260057e-08
   7.9100000e+06   3.6628779e-08
   3.8450000e+06   1.8081157e-08
   3.9700000e+06   2.5747719e-08
   2.3350000e+06   2.2871310e-08
   3.2000000e+06   2.1461471e-08
   3.6650000e+06   7.0447496e-09
   7.4350000e+06   4.4080438e-09
   7.6300000e+06   9.7118984e-09
   7.2600000e+06   6.4571042e-09
   7.3450000e+06   7.5606462e-09
   4.6400000e+06   4.6316267e-08
   5.3500000e+06   2.4822527e-08
   5.4200000e+06   4.2898147e-08
   3.5000000e+06   4.4392988e-09
   4.8600000e+06   2.3731390e-08
   4.6050000e+06   4.6391878e-09
   4.6700000e+06   7.3137154e-09
   1.4485000e+07   4.8535670e-09
   9.1600000e+06   5.5994054e-09
   9.3550000e+06   9.3471118e-09
   5.6650000e+06   2.5411932e-09
   1.1965000e+07   1.0799681e-08
   6.3500000e+06   3.9483710e-09
   6.4250000e+06   5.9590768e-09
   4.7200000e+06   1.5693541e-08
   6.3000000e+06   3.7192191e-09
   5.5500000e+06   1.5054106e-09
   1.4350000e+07   1.2542043e-09
   1.2735000e+07   3.8870549e-09
   1.2755000e+07   5.2903373e-09
   6.5700000e+06   2.9965041e-08
   1.4605000e+07   3.6885157e-09
   7.9650000e+06   7.1369343e-09
   8.0350000e+06   1.7410774e-08
   8.0200000e+06   8.4019613e-09
   6.6650000e+06   1.5164160e-09
   6.5550000e+06   6.9457728e-09
   1.9585000e+07   4.9365547e-09
   2.4395000e+07   1.0351695e-09
   1.7865000e+07   2.0486916e-09
   1.7660000e+07   4.1785092e-09
   7.9250000e+06   5.5775756e-09
   1.7025000e+07   8.6853474e-09
   9.6350000e+06   3.4671999e-09
   6.5500000e+06   2.4571517e-08
   8.1150000e+06   1.3480937e-09
   2.4485000e+07   8.5553862e-10
   2.9185000e+07   3.7117782e-09
   2.4775000e+07   1.9062814e-09
   2.4570000e+07   1.8168873e-09
   9.6200000e+06   1.6559182e-08
   1.9445000e+07   3.6041699e-09
   1.2080000e+07   4.6118207e-09
   1.2100000e+07   9.9149384e-09
   1.1895000e+07   4.7885416e-09
   9.3800000e+06   7.1585675e-09
   9.5600000e+06   5.6109314e-09
   2.9330000e+07   5.3703493e-09
   3.4360000e+07   1.2873862e-09
   2.9680000e+07   5.7230199e-09
   1.2210000e+07   2.8414854e-09
   2.4670000e+07   4.7888601e-09
   1.4585000e+07   4.6493649e-09
   9.6000000e+06   3.6325744e-09
   1.2060000e+07   5.2514113e-10
   3.4400000e+07   5.7257121e-10
   3.4765000e+07   9.3445816e-10
   1.4685000e+07   1.2043973e-08
   2.9835000e+07   7.5883683e-09
   1.7090000e+07   1.9474090e-09
   1.7155000e+07   5.2108292e-09
   1.2090000e+07   2.9063370e-09
   1.7050000e+07   5.4635955e-09
   1.4385000e+07   8.8321379e-09
   3.9295000e+07   2.5248434e-09
   4.4600000e+07   1.3428406e-09
   4.0085000e+07   5.1963449e-09
   3.9775000e+07   7.7200057e-09
   1.7210000e+07   6.4419707e-10
   3.4770000e+07   4.6400233e-10
   1.4305000e+07   1.7626454e-08
   1.9650000e+07   3.9378371e-09
   1.6950000e+07   1.2447997e-09
   4.4360000e+07   7.5764351e-10
   4.5045000e+07   6.0715104e-10
   4.4785000e+07   5.3572101e-10
   1.9850000e+07   9.8478907e-09
   3.9710000e+07   3.6924261e-09
   2.4590000e+07   1.8234067e-09
   2.4490000e+07   1.9515506e-09
   2.4575000e+07   1.3812867e-09
   1.9495000e+07   4.8611180e-09
   2.4965000e+07   1.4523891e-09
   4.4870000e+07   1.4533313e-09
   1.9675000e+07   1.6863939e-08
   2.9450000e+07   1.7590803e-08
   2.4340000e+07   4.4556016e-10
   2.9850000e+07   5.7525729e-09
   3.4425000e+07   1.1866627e-10
   3.4605000e+07   8.6150849e-10
   2.4495000e+07   2.2121109e-10
   2.9275000e+07   2.8000280e-09
   3.4620000e+07   8.6147389e-10
   3.9540000e+07   5.5371892e-09
   3.9775000e+07   4.4148780e-09
   2.9365000e+07   1.1405786e-08
   3.9580000e+07   7.7571266e-09
   3.4335000e+07   2.8266263e-10
   3.4115000e+07   7.3888984e-10
   3.9725000e+07   1.6188034e-09
   4.4885000e+07   8.6521703e-10
   4.4505000e+07   1.3371274e-09
   3.9280000e+07   3.4643680e-09
   3.9285000e+07   2.3538150e-09
   4.4995000e+07   5.3237238e-10
   3.9445000e+07   1.1300221e-08
   4.4220000e+07   2.8358409e-10
   4.4395000e+07   7.4161412e-10
   4.4590000e+07   1.9606408e-10
