   7.5000000e+06   1.6415762e-08
   7.5000000e+06   2.4216579e-08
   7.5000000e+06   9.1552075e-09
   1.2500000e+07   1.0699183e-08
   1.2500000e+07   1.5013487e-08
   1.2500000e+07   1.1549423e-08
   1.2500000e+07   1.6210357e-08
   1.2500000e+07   1.3697507e-08
   1.2500000e+07   2.4323109e-08
   1.7500000e+07   8.4575750e-09
   1.7500000e+07   1.1779180e-08
   1.7500000e+07   9.5527877e-09
   1.7500000e+07   4.9620578e-09
   1.7500000e+07   8.0809169e-09
   1.7500000e+07   1.5378523e-08
   2.5000000e+07   6.0797475e-09
   2.5000000e+07   7.8206185e-09
   2.5000000e+07   6.0672007e-09
   2.5000000e+07   5.4599201e-09
   2.5000000e+07   3.2094137e-09
   2.5000000e+07   7.7666498e-09
   3.5000000e+07   3.0433931e-09
   3.5000000e+07   5.7197684e-09
   3.5000000e+07   2.4354288e-09
   3.5000000e+07   2.5681738e-09
   3.5000000e+07   3.1100407e-09
   3.5000000e+07   5.6996158e-09
   4.5000000e+07   2.9545180e-09
   4.5000000e+07   1.9671862e-09
   4.5000000e+07   2.1764581e-09
   4.5000000e+07   2.2201238e-09
   4.5000000e+07   1.1810085e-09
   4.5000000e+07   3.1029615e-09
   5.5000000e+07   3.3508759e-10
   5.5000000e+07   1.5740586e-09
   5.5000000e+07   3.6362473e-10
   5.5000000e+07   1.1664005e-09
   5.5000000e+07   1.8999341e-09
