   3.5000000e+06   1.0825368e-08
   3.5000000e+06   1.1797493e-08
   3.5000000e+06   1.3233034e-08
   3.5000000e+06   1.7489970e-09
   3.5000000e+06   4.5919427e-09
   3.5000000e+06   5.0579465e-09
   3.5000000e+06   4.4112020e-09
   3.5000000e+06   8.1326573e-09
   3.5000000e+06   1.1891444e-07
   3.5000000e+06   1.0272018e-08
   3.5000000e+06   3.5389531e-08
   7.5000000e+06   9.6055474e-09
   7.5000000e+06   9.2345280e-09
   7.5000000e+06   1.0764468e-08
   7.5000000e+06   6.5721437e-09
   7.5000000e+06   6.1077707e-09
   7.5000000e+06   6.9718027e-09
   7.5000000e+06   6.5218364e-09
   7.5000000e+06   9.5267554e-09
   7.5000000e+06   2.0522217e-08
   7.5000000e+06   6.9754567e-09
   7.5000000e+06   1.2797156e-08
   1.2500000e+07   7.2744343e-09
   1.2500000e+07   7.8496465e-09
   1.2500000e+07   7.5837836e-09
   1.2500000e+07   6.0251441e-09
   1.2500000e+07   6.2566691e-09
   1.2500000e+07   5.7764582e-09
   1.2500000e+07   6.0004415e-09
   1.2500000e+07   5.7868320e-09
   1.2500000e+07   1.8612381e-08
   1.2500000e+07   5.4564907e-09
   1.2500000e+07   1.1651702e-08
   1.7500000e+07   3.3666299e-09
   1.7500000e+07   5.0407860e-09
   1.7500000e+07   5.0902278e-09
   1.7500000e+07   4.8775238e-09
   1.7500000e+07   4.4746086e-09
   1.7500000e+07   4.6802991e-09
   1.7500000e+07   4.6015725e-09
   1.7500000e+07   6.0258250e-09
   1.7500000e+07   1.3302927e-08
   1.7500000e+07   4.0617948e-09
   1.7500000e+07   7.4585636e-09
   2.5000000e+07   4.2087877e-09
   2.5000000e+07   4.3054171e-09
   2.5000000e+07   4.3453079e-09
   2.5000000e+07   3.8124018e-09
   2.5000000e+07   3.9087600e-09
   2.5000000e+07   3.5098149e-09
   2.5000000e+07   3.0032839e-09
   2.5000000e+07   4.4846797e-09
   2.5000000e+07   7.7334284e-09
   2.5000000e+07   3.9809459e-09
   2.5000000e+07   5.8208103e-09
   3.5000000e+07   1.5979463e-09
   3.5000000e+07   2.2204916e-09
   3.5000000e+07   2.0919436e-09
   3.5000000e+07   2.7587014e-09
   3.5000000e+07   2.7127617e-09
   3.5000000e+07   2.5104249e-09
   3.5000000e+07   2.3361899e-09
   3.5000000e+07   2.7992535e-09
   3.5000000e+07   6.4836255e-09
   3.5000000e+07   2.7977749e-09
   3.5000000e+07   4.2063635e-09
   4.5000000e+07   1.8563289e-09
   4.5000000e+07   2.0284894e-09
   4.5000000e+07   1.7590859e-09
   4.5000000e+07   1.9424449e-09
   4.5000000e+07   2.0576329e-09
   4.5000000e+07   1.8761132e-09
   4.5000000e+07   1.5737094e-09
   4.5000000e+07   1.9968880e-09
   4.5000000e+07   3.9142591e-09
   4.5000000e+07   2.0054114e-09
   4.5000000e+07   3.1050543e-09
   5.5000000e+07   1.2671242e-09
   5.5000000e+07   1.5665509e-09
   5.5000000e+07   1.7289035e-09
   5.5000000e+07   1.1786904e-09
   5.5000000e+07   1.4440008e-09
   5.5000000e+07   1.5602105e-09
   5.5000000e+07   1.4101563e-09
   5.5000000e+07   1.7798118e-09
   5.5000000e+07   3.3482810e-09
   5.5000000e+07   1.1234202e-09
   5.5000000e+07   1.8069266e-09
   7.5000000e+07   7.4880124e-10
   7.5000000e+07   1.2190390e-09
   7.5000000e+07   1.0460186e-09
   7.5000000e+07   1.0209584e-09
   7.5000000e+07   8.5993701e-10
   7.5000000e+07   7.9811701e-10
   7.5000000e+07   8.8562660e-10
   7.5000000e+07   9.9092347e-10
   7.5000000e+07   2.0248771e-09
   7.5000000e+07   9.2578305e-10
   7.5000000e+07   1.4297453e-09
