   2.3654655e+06   3.7739462e-08
   2.4390403e+06   3.3462605e-08
   2.7460106e+06   3.4151635e-08
   2.4667553e+06   3.0317076e-08
   8.6610532e+05   4.2694877e-08
   7.9715353e+05   1.2361288e-08
   6.0505319e+05   7.4963863e-09
   2.7267668e+06   2.9367757e-08
   9.9501855e+05   1.5270488e-09
   7.7907624e+06   4.6121862e-09
   8.2776850e+05   1.7972675e-08
   7.9400011e+06   5.0180646e-08
   1.1357336e+06   5.5868333e-09
   4.2518894e+06   5.0482799e-09
   2.4749220e+06   3.4474520e-08
   4.1518564e+06   2.0569407e-09
   1.1247541e+07   9.0504528e-09
   4.1603760e+06   9.8196270e-09
   4.1521136e+06   2.7411378e-08
   4.3750000e+06   2.2167011e-08
   4.0957447e+06   2.4049546e-08
   2.5463533e+06   4.4360475e-08
   2.4927459e+06   2.1551935e-08
   2.5132979e+06   6.4780164e-08
   2.3271277e+06   5.0387036e-09
   2.6780746e+06   1.2023702e-09
   5.9891486e+06   8.3537504e-09
   2.5641498e+06   5.5819903e-08
   2.5965945e+06   3.6162776e-08
   9.5436839e+06   2.3156843e-09
   2.5319978e+06   2.8839546e-08
   9.6454730e+06   2.9253336e-08
   2.7866449e+06   3.1448211e-08
   6.0625375e+06   4.8359166e-09
   4.0309122e+06   3.0986857e-08
   5.8676217e+06   6.0412530e-09
   1.5579983e+07   2.8592006e-09
   5.9584341e+06   8.2521426e-09
   5.9479094e+06   1.9283411e-08
   6.1901596e+06   5.2526223e-09
   5.9574468e+06   8.3972334e-10
   4.1784746e+06   3.8012522e-09
   5.0666838e+06   1.3583433e-08
   4.2353723e+06   2.1682383e-08
   5.2127660e+06   1.2539426e-08
   4.2362270e+06   9.1341363e-09
   7.7420701e+06   2.4806045e-08
   1.2124374e+07   5.8909395e-09
   4.3823038e+06   1.3831690e-08
   1.2098023e+07   1.3571237e-08
   4.3391286e+06   2.3722397e-08
   5.7757277e+06   2.8867518e-08
   7.5810340e+06   8.9504429e-09
   1.8724769e+07   6.1723595e-09
   7.6755403e+06   3.6836232e-09
   7.6220313e+06   1.6978545e-08
   8.0518617e+06   8.6039425e-09
   7.9122340e+06   7.6067240e-09
   5.8959742e+06   6.0307358e-09
   7.5173741e+06   2.9408900e-08
   6.0505319e+06   1.1034676e-08
   7.7726064e+06   1.3415875e-08
   5.9404563e+06   2.8713651e-09
   9.6410684e+06   1.1665073e-08
   6.0153151e+06   7.6122496e-09
   6.0972167e+06   1.7507702e-08
   1.5630217e+07   4.5857687e-09
   6.0865331e+06   2.9928426e-08
   1.5551011e+07   1.8928584e-08
   6.0915054e+06   2.4053603e-08
   9.4661331e+06   8.3971660e-09
   9.3421811e+06   5.5814357e-09
   2.3872401e+07   2.5722128e-09
   9.4338601e+06   5.3811888e-09
   9.3375637e+06   1.3240036e-08
   9.5412234e+06   4.1410024e-09
   9.5412234e+06   1.5877027e-08
   7.5720634e+06   8.9005643e-09
   9.3121863e+06   3.1615710e-08
   1.0472074e+07   2.2746701e-08
   9.4015957e+06   3.2215452e-08
   7.6933779e+06   1.3126857e-08
   1.2221758e+07   2.5489501e-08
   7.8653905e+06   1.0034539e-08
   7.9990577e+06   1.9626290e-08
   1.9038676e+07   8.9725122e-09
   8.7159154e+06   1.5632131e-08
   2.2650197e+07   4.3062624e-09
   1.0594145e+07   1.3555634e-08
   1.2058978e+07   1.2368463e-09
   9.4136175e+06   1.1926760e-08
   1.1819687e+07   4.2528556e-09
   3.0927747e+07   3.7262489e-09
   1.2010454e+07   2.2686024e-09
   1.2074192e+07   1.5316564e-08
   1.2007979e+07   4.4617508e-09
   1.2147606e+07   9.1724539e-09
   9.3295964e+06   8.4933625e-09
   1.1966879e+07   9.2353778e-09
   1.5545213e+07   3.8566488e-09
   1.2054521e+07   9.7856477e-09
   9.3976071e+06   5.4848900e-11
   1.5532832e+07   1.1051489e-09
   9.8185112e+06   3.0975132e-08
   9.6516703e+06   2.6460953e-08
   2.4297440e+07   3.7426530e-09
   1.2221758e+07   1.1903909e-08
   3.1345004e+07   3.5953656e-09
   1.5896480e+07   1.4248731e-08
   1.2106744e+07   8.5395021e-09
   1.5347360e+07   2.5538156e-09
   3.7745426e+07   1.9832922e-09
   1.5404928e+07   4.6417447e-09
   1.5465125e+07   9.1732046e-09
   1.5591755e+07   4.7428084e-09
   1.5498670e+07   9.3851527e-09
   1.2107242e+07   1.5784343e-08
   1.5318074e+07   1.2574945e-08
   1.8942819e+07   6.1536653e-09
   1.5452128e+07   1.0235171e-08
   1.2075682e+07   6.1064385e-09
   1.8989983e+07   8.5255626e-09
   1.2203984e+07   1.2176916e-08
   3.1211742e+07   7.6703882e-10
   1.5581525e+07   2.1014340e-08
   1.9296609e+07   4.6113733e-09
   1.8845199e+07   6.1888853e-09
   1.5508693e+07   9.7858567e-09
   1.8970502e+07   3.9205659e-09
   4.7950600e+07   2.3531545e-09
   1.8922158e+07   2.0669780e-09
   1.8940060e+07   4.7332157e-09
   1.9035904e+07   2.3447141e-09
   1.8896277e+07   3.9974690e-09
   1.8873862e+07   7.6342051e-09
   2.4295213e+07   4.2837220e-09
   1.8896277e+07   9.9140238e-09
   1.5581525e+07   3.8331090e-09
   2.4200056e+07   1.0027532e-08
   1.5915801e+07   1.0247699e-09
   1.5754550e+07   8.2615564e-09
   1.8892599e+07   1.7931966e-09
   2.4444740e+07   6.6898987e-09
   2.4032514e+07   5.1134758e-09
   1.8722544e+07   3.2962585e-09
   2.3929548e+07   1.9883616e-09
   6.1594699e+07   3.5877941e-10
   2.4157576e+07   2.9779528e-09
   2.4213052e+07   9.1723774e-09
   2.4295213e+07   2.4895841e-09
   2.4202128e+07   5.9025718e-09
   1.8853206e+07   7.6209687e-09
   2.4147838e+07   6.7826319e-09
   3.1276596e+07   9.6682530e-10
   2.4109043e+07   6.6473926e-09
   1.9087368e+07   4.6444374e-09
   3.1211742e+07   5.9437774e-09
   1.9312649e+07   1.9256653e-09
   1.9254078e+07   6.9031433e-09
   4.8497496e+07   1.7155123e-09
   2.4200056e+07   8.8897277e-09
   3.1191895e+07   4.1306497e-09
   2.3923155e+07   3.4781558e-09
   3.0749917e+07   2.0562622e-09
   6.1695212e+07   1.9254982e-09
   3.0987541e+07   3.4297065e-09
   3.1122395e+07   3.0805802e-09
   3.1276596e+07   4.5490763e-09
   3.1136968e+07   2.9209209e-09
   3.0975836e+07   5.8769033e-09
   3.8118351e+07   1.4483745e-09
   3.1043883e+07   3.3439203e-09
   2.4297440e+07   2.5379787e-09
   3.7931274e+07   7.0451286e-09
   2.4460780e+07   7.1323648e-09
   2.4405247e+07   1.1497087e-08
   6.2277407e+07   1.2673983e-09
   3.1260434e+07   3.7169233e-09
   3.8037356e+07   2.9057406e-09
   3.7934355e+07   1.6001248e-09
   3.1060772e+07   6.4926005e-09
   3.7761562e+07   1.6089757e-09
   4.7913958e+07   2.5677653e-09
   3.7899245e+07   2.9596718e-09
   3.7911638e+07   3.3660288e-09
   3.8164894e+07   1.3383753e-09
   3.8071809e+07   5.1156611e-09
   3.0921737e+07   1.1752022e-09
   3.7887540e+07   2.0776328e-09
   4.8450798e+07   1.0600893e-09
   3.7978723e+07   5.2243216e-09
   3.1211742e+07   1.1013280e-09
   4.8351419e+07   1.2498704e-09
   3.1407099e+07   1.3490627e-09
   3.1304418e+07   3.0806322e-09
   3.8028659e+07   4.4518648e-09
   4.8478951e+07   2.1193159e-09
   4.8207924e+07   7.2620541e-10
   3.8010291e+07   8.5621178e-10
   4.8113974e+07   1.2780555e-09
   3.7476498e+07   5.4984232e-09
   4.8217423e+07   3.7655763e-09
   4.8590426e+07   1.5233117e-09
   4.8357713e+07   2.6057222e-09
   3.7753964e+07   1.1801728e-09
   4.8317949e+07   3.0365858e-09
   6.2273936e+07   8.2293973e-10
   4.8357713e+07   2.8751376e-09
   3.8126043e+07   2.4760359e-09
   6.2423484e+07   1.3799112e-09
   3.8350988e+07   2.0925994e-09
   4.5243233e+07   1.9826191e-09
   4.8351419e+07   3.6892469e-09
   6.2315449e+07   2.3717322e-10
   6.1968300e+07   7.8879924e-10
   4.8225416e+07   8.3370146e-10
   6.1808498e+07   6.0271149e-10
   3.0758658e+07   3.2118950e-09
   6.1998043e+07   6.7250442e-10
   6.2124340e+07   1.2189167e-09
   6.2273936e+07   5.6806370e-10
   6.2227394e+07   1.9437404e-09
   4.8145225e+07   1.4267059e-09
   6.2143324e+07   2.3051273e-09
   6.2134309e+07   1.0497755e-09
   4.8497496e+07   1.5387903e-10
   4.8640445e+07   1.1299892e-10
   6.2277407e+07   1.6668370e-09
   6.2110198e+07   2.9859319e-10
   6.1703963e+07   5.3355199e-10
   5.5084271e+07   1.3727808e-09
   2.4039137e+07   4.6796311e-09
   6.2096602e+07   3.5511960e-10
   6.2475242e+07   4.4802254e-10
   4.8256668e+07   1.9718541e-10
   6.1562526e+07   1.0374558e-09
   3.4475589e+07   1.5897847e-09
   1.8943273e+07   7.7634299e-09
   3.7841634e+07   2.8049802e-09
   4.7992568e+07   3.9721522e-09
   2.3793739e+07   3.9940518e-09
   1.5516449e+07   7.1290587e-09
   3.1006128e+07   3.3139640e-09
   3.7497570e+07   3.4678968e-09
   1.8599381e+07   4.2088323e-09
   1.1994491e+07   8.2346054e-09
   2.4076276e+07   3.0513671e-09
   3.0499844e+07   1.8658192e-09
   1.5405180e+07   2.0973236e-09
   9.5213549e+06   1.3096320e-08
   1.7099846e+07   2.3499393e-09
   2.3598714e+07   8.4890632e-09
   1.1878515e+07   5.7411771e-09
   7.6190202e+06   8.1077912e-09
   1.1820350e+07   3.6573412e-09
   1.8541814e+07   2.2714659e-09
   9.1640158e+06   6.3704170e-09
   5.4749858e+06   1.9334672e-09
   9.2273968e+06   4.0159549e-09
   1.5186253e+07   1.0642767e-08
   6.6895352e+06   8.8443052e-09
   4.1437885e+06   4.0007826e-08
   7.5303542e+06   2.4248180e-09
   1.2021881e+07   1.7809280e-08
   4.3128775e+06   1.6255811e-08
   2.8700748e+06   3.1758545e-08
   5.6911964e+06   9.3926716e-09
   9.5191268e+06   1.3405680e-08
   2.5604705e+06   2.4478675e-08
   4.1814384e+06   8.8863003e-09
   7.5351871e+06   1.2512788e-08
   2.6686474e+06   3.4129497e-08
   5.7402547e+06   1.4843984e-08
   4.0410083e+06   3.3148406e-08
   2.4848363e+06   3.3667487e-08
