   6.5000000e+06   7.7018634e-09
   6.5000000e+06   1.3990887e-08
   6.5000000e+06   3.6113500e-09
   6.5000000e+06   3.5014006e-08
   6.5000000e+06   2.2228298e-08
   6.5000000e+06   5.9514770e-08
   6.5000000e+06   7.8411275e-09
   6.5000000e+06   7.2736331e-09
   6.5000000e+06   6.4708810e-09
   6.5000000e+06   8.6248785e-09
   6.5000000e+06   1.0310559e-08
   6.5000000e+06   8.0993789e-09
   6.5000000e+06   6.3383715e-09
   6.5000000e+06   1.7492711e-08
   6.5000000e+06   1.6288385e-08
   6.5000000e+06   2.2841657e-08
   6.5000000e+06   9.7513408e-09
   6.5000000e+06   2.0164835e-08
   6.5000000e+06   2.6057143e-09
   6.5000000e+06   5.5581075e-09
   6.5000000e+06   4.1691202e-09
   6.5000000e+06   2.5438700e-09
   6.5000000e+06   3.5772358e-09
   6.5000000e+06   1.7259475e-09
   6.5000000e+06   4.2742857e-09
   6.5000000e+06   5.2092812e-09
   6.5000000e+06   4.0683483e-09
   6.5000000e+06   4.4054748e-09
   6.5000000e+06   3.3287101e-08
   6.5000000e+06   1.1828204e-08
   6.5000000e+06   2.8476507e-09
   6.5000000e+06   4.0718869e-09
   6.5000000e+06   2.9744449e-09
   6.5000000e+06   1.8958611e-08
   6.5000000e+06   1.3959667e-08
   6.5000000e+06   2.0708020e-08
   6.5000000e+06   4.3974329e-09
   6.5000000e+06   4.3922592e-09
   6.5000000e+06   7.4680800e-09
   6.5000000e+06   2.0012055e-08
   6.5000000e+06   8.7601078e-09
   6.5000000e+06   1.8836649e-08
   6.5000000e+06   3.6663413e-09
   6.5000000e+06   1.6745160e-09
   6.5000000e+06   1.9286493e-08
   6.5000000e+06   1.9871300e-08
   6.5000000e+06   1.2032559e-08
   6.5000000e+06   2.8234303e-09
   6.5000000e+06   2.1077283e-09
   6.5000000e+06   4.9972841e-09
   6.5000000e+06   6.7857143e-09
   6.5000000e+06   4.9783550e-09
   6.5000000e+06   2.1579629e-09
   6.5000000e+06   3.0458221e-08
   6.5000000e+06   1.8546366e-08
   6.5000000e+06   2.2448980e-08
   6.5000000e+06   5.1500224e-09
   6.5000000e+06   2.0042644e-09
   6.5000000e+06   6.6137566e-09
   6.5000000e+06   5.2893309e-09
   6.5000000e+06   7.4829932e-09
   6.5000000e+06   7.1428571e-09
   6.5000000e+06   4.3956044e-09
   6.5000000e+06   2.4155844e-08
   6.5000000e+06   1.2442396e-08
   6.5000000e+06   1.2035583e-08
   6.5000000e+06   6.0975610e-09
   6.5000000e+06   1.1904762e-08
   6.5000000e+06   4.8742841e-10
   6.5000000e+06   5.2476486e-10
   6.5000000e+06   1.7152659e-09
   6.5000000e+06   3.6422501e-09
   6.5000000e+06   4.4390638e-09
   6.5000000e+06   3.5913807e-09
   6.5000000e+06   5.8970100e-09
   6.5000000e+06   2.8860029e-09
   6.5000000e+06   4.3421624e-09
   6.5000000e+06   3.5913807e-09
   6.5000000e+06   2.3002421e-08
   6.5000000e+06   6.5838509e-09
   6.5000000e+06   7.8567440e-09
   6.5000000e+06   4.6082949e-09
   6.5000000e+06   4.7645083e-09
   6.5000000e+06   7.6077768e-09
   6.5000000e+06   1.2762454e-08
   6.5000000e+06   1.7758242e-08
   6.5000000e+06   3.5833731e-10
   6.5000000e+06   2.6197298e-09
   6.5000000e+06   5.6628057e-09
   6.5000000e+06   2.2167488e-08
   6.5000000e+06   3.5621521e-09
   6.5000000e+06   2.5790988e-08
   6.5000000e+06   3.2686022e-09
   6.5000000e+06   3.0788177e-10
   6.5000000e+06   2.0089286e-08
   6.5000000e+06   9.9378882e-09
   6.5000000e+06   1.1904762e-08
   6.5000000e+06   2.7874564e-09
   6.5000000e+06   1.3127413e-09
   6.5000000e+06   8.7339561e-10
   6.5000000e+06   1.6430853e-08
   6.5000000e+06   7.7001013e-09
   6.5000000e+06   1.7189315e-08
   6.5000000e+06   7.1381610e-10
   6.5000000e+06   2.7397260e-09
   6.5000000e+06   9.3738283e-10
   6.5000000e+06   5.5331992e-09
   6.5000000e+06   8.6651054e-09
   6.5000000e+06   1.7951960e-08
   6.5000000e+06   2.1978022e-08
   6.5000000e+06   1.3386881e-09
   6.5000000e+06   2.5974026e-09
   6.5000000e+06   4.9833887e-10
   6.5000000e+06   2.0325203e-09
   6.5000000e+06   5.9867878e-09
   6.5000000e+06   2.8925620e-09
   6.5000000e+06   7.8952793e-09
   6.5000000e+06   1.9738277e-08
   6.5000000e+06   1.1805556e-08
   6.5000000e+06   2.8801843e-08
   6.5000000e+06   2.5761124e-08
   6.5000000e+06   1.0351967e-08
   6.5000000e+06   8.4275437e-09
   6.5000000e+06   2.0622120e-08
   6.5000000e+06   4.2837219e-09
   6.5000000e+06   5.3338074e-10
   6.5000000e+06   2.6954178e-09
   6.5000000e+06   6.7926130e-09
   6.5000000e+06   1.0559006e-08
   6.5000000e+06   1.0371820e-08
   6.5000000e+06   9.7847358e-09
   6.5000000e+06   5.7915058e-09
   6.5000000e+06   4.2293233e-09
   6.5000000e+06   1.6599598e-08
   6.5000000e+06   2.0731248e-09
   6.5000000e+06   1.4116318e-09
   6.5000000e+06   1.3227513e-09
   6.5000000e+06   1.0368664e-08
   6.5000000e+06   4.3072505e-09
   6.5000000e+06   7.7220077e-09
   6.5000000e+06   1.2180268e-09
   6.5000000e+06   4.5406916e-10
   6.5000000e+06   4.5406916e-10
   6.5000000e+06   1.5233582e-09
   6.5000000e+06   1.4103731e-08
   6.5000000e+06   1.0292301e-08
   6.5000000e+06   2.9990842e-08
   6.5000000e+06   1.3027529e-09
   6.5000000e+06   2.9320736e-10
   6.5000000e+06   1.2595293e-09
   6.5000000e+06   1.4253320e-09
   6.5000000e+06   3.5448423e-09
   6.5000000e+06   5.2650053e-10
   6.5000000e+06   1.6994158e-09
   6.5000000e+06   1.8907563e-08
   6.5000000e+06   1.0150376e-08
   6.5000000e+06   1.9183673e-08
   6.5000000e+06   6.9889553e-09
   6.5000000e+06   7.0102311e-09
   6.5000000e+06   9.7487814e-09
   6.5000000e+06   4.1021950e-09
   6.5000000e+06   2.2361360e-10
   6.5000000e+06   3.5967694e-10
   6.5000000e+06   8.3016257e-09
   6.5000000e+06   4.7331145e-09
   6.5000000e+06   1.0511804e-08
   6.5000000e+06   2.4744309e-09
   6.5000000e+06   8.0710250e-10
   6.5000000e+06   2.4213075e-09
   6.5000000e+06   7.6077768e-09
   6.5000000e+06   2.1569603e-09
   6.5000000e+06   1.6806723e-09
   6.5000000e+06   1.9704433e-09
   1.7500000e+07   2.2992299e-09
   1.7500000e+07   3.2809296e-09
   1.7500000e+07   2.0910209e-09
   1.7500000e+07   4.4911053e-09
   1.7500000e+07   1.7776306e-09
   1.7500000e+07   3.7996546e-09
   1.7500000e+07   2.6072663e-09
   1.7500000e+07   1.2720535e-09
   1.7500000e+07   1.8777778e-09
   1.7500000e+07   7.0569366e-10
   1.7500000e+07   9.9486348e-10
   1.7500000e+07   1.0862409e-09
   1.7500000e+07   6.9716776e-10
   1.7500000e+07   4.2975207e-10
   1.7500000e+07   2.1700224e-09
   1.7500000e+07   1.8691589e-09
   1.7500000e+07   2.6091587e-09
   1.7500000e+07   5.3364790e-09
   1.7500000e+07   1.2465954e-09
   1.7500000e+07   1.1864232e-09
   1.7500000e+07   1.6981737e-09
   1.7500000e+07   1.1771694e-09
   1.7500000e+07   6.8739425e-10
   1.7500000e+07   9.8940689e-10
   1.7500000e+07   5.3855316e-10
   1.7500000e+07   6.0429149e-10
   1.7500000e+07   7.2784810e-10
   1.7500000e+07   4.4534805e-10
   1.7500000e+07   1.1338583e-09
   1.7500000e+07   7.5228904e-10
   1.7500000e+07   9.0810384e-10
   1.7500000e+07   6.2874831e-10
   1.7500000e+07   4.6921383e-10
   1.7500000e+07   4.2794279e-09
   1.7500000e+07   1.2731660e-09
   1.7500000e+07   1.0036391e-08
   1.7500000e+07   1.0976594e-09
   1.7500000e+07   5.9066745e-10
   1.7500000e+07   2.1688034e-09
   1.7500000e+07   1.3767580e-08
   1.7500000e+07   1.2641975e-09
   1.7500000e+07   1.3345760e-08
   1.7500000e+07   7.6991412e-10
   1.7500000e+07   3.5722906e-10
   1.7500000e+07   1.3438381e-08
   1.7500000e+07   5.0089634e-09
   1.7500000e+07   2.7316578e-09
   1.7500000e+07   5.0139813e-10
   1.7500000e+07   6.6578548e-10
   1.7500000e+07   1.8417830e-09
   1.7500000e+07   2.6252983e-09
   1.7500000e+07   1.0151293e-09
   1.7500000e+07   8.9285714e-10
   1.7500000e+07   4.4375324e-09
   1.7500000e+07   1.5527950e-09
   1.7500000e+07   2.9629630e-09
   1.7500000e+07   9.6822995e-10
   1.7500000e+07   7.8500638e-10
   1.7500000e+07   1.5929204e-09
   1.7500000e+07   7.7306480e-10
   1.7500000e+07   1.2267471e-09
   1.7500000e+07   1.0035842e-09
   1.7500000e+07   8.1592040e-10
   1.7500000e+07   1.5966822e-09
   1.7500000e+07   6.7260138e-10
   1.7500000e+07   5.4054054e-09
   1.7500000e+07   8.7719298e-10
   1.7500000e+07   2.9743590e-09
   1.7500000e+07   3.2114858e-10
   1.7500000e+07   3.5660661e-10
   1.7500000e+07   6.7796610e-10
   1.7500000e+07   7.1823204e-10
   1.7500000e+07   1.0228311e-09
   1.7500000e+07   9.8092643e-10
   1.7500000e+07   1.0050251e-09
   1.7500000e+07   9.8066950e-10
   1.7500000e+07   1.4749263e-09
   1.7500000e+07   9.9909173e-10
   1.7500000e+07   1.9464720e-09
   1.7500000e+07   1.0529232e-09
   1.7500000e+07   7.2329540e-10
   1.7500000e+07   6.9444444e-10
   1.7500000e+07   2.1164021e-09
   1.7500000e+07   1.3857678e-09
   1.7500000e+07   9.3474427e-10
   1.7500000e+07   1.5508119e-09
   1.7500000e+07   2.2240756e-10
   1.7500000e+07   7.1281186e-10
   1.7500000e+07   1.0591180e-09
   1.7500000e+07   6.3283582e-09
   1.7500000e+07   7.4336881e-10
   1.7500000e+07   3.2025772e-09
   1.7500000e+07   5.7894737e-10
   1.7500000e+07   5.3763441e-11
   1.7500000e+07   3.9086758e-09
   1.7500000e+07   1.7886179e-09
   1.7500000e+07   1.3053613e-09
   1.7500000e+07   9.7465887e-10
   1.7500000e+07   4.2849491e-10
   1.7500000e+07   3.3465434e-10
   1.7500000e+07   3.3810888e-09
   1.7500000e+07   1.2471961e-09
   1.7500000e+07   2.3125302e-09
   1.7500000e+07   4.2740634e-10
   1.7500000e+07   4.8387097e-10
   1.7500000e+07   3.8244242e-10
   1.7500000e+07   9.7627119e-10
   1.7500000e+07   6.0690366e-09
   1.7500000e+07   5.4402516e-09
   1.7500000e+07   4.5353535e-09
   1.7500000e+07   5.2166225e-10
   1.7500000e+07   6.1249137e-10
   1.7500000e+07   2.5749968e-10
   1.7500000e+07   4.2752171e-10
   1.7500000e+07   2.1174295e-09
   1.7500000e+07   3.1501733e-10
   1.7500000e+07   1.0574776e-09
   1.7500000e+07   2.1909233e-09
   1.7500000e+07   1.1887962e-09
   1.7500000e+07   2.2729306e-09
   1.7500000e+07   2.2592593e-09
   1.7500000e+07   1.9729730e-09
   1.7500000e+07   2.2101449e-09
   1.7500000e+07   3.1759455e-09
   1.7500000e+07   1.3902054e-09
   1.7500000e+07   2.3971895e-10
   1.7500000e+07   2.6337449e-10
   1.7500000e+07   3.0165485e-09
   1.7500000e+07   2.4921278e-09
   1.7500000e+07   1.1834823e-09
   1.7500000e+07   4.6153846e-10
   1.7500000e+07   1.1168831e-09
   1.7500000e+07   1.0564430e-09
   1.7500000e+07   1.2954784e-09
   1.7500000e+07   1.3784135e-09
   1.7500000e+07   9.9151990e-10
   1.7500000e+07   1.0397554e-09
   1.7500000e+07   1.7209691e-09
   1.7500000e+07   8.9430894e-10
   1.7500000e+07   1.4700855e-09
   1.7500000e+07   3.7037037e-10
   1.7500000e+07   2.7622065e-10
   1.7500000e+07   2.2747583e-10
   1.7500000e+07   5.3145760e-10
   1.7500000e+07   4.5410628e-09
   1.7500000e+07   3.5842294e-09
   1.7500000e+07   2.3311258e-09
   1.7500000e+07   5.8660325e-10
   1.7500000e+07   1.9723866e-10
   1.7500000e+07   1.9932536e-10
   1.7500000e+07   3.4425984e-10
   1.7500000e+07   8.0710250e-10
   1.7500000e+07   2.7743778e-10
   1.7500000e+07   4.7350804e-10
   1.7500000e+07   2.2164502e-09
   1.7500000e+07   1.0647011e-09
   1.7500000e+07   2.8547439e-09
   1.7500000e+07   2.4813896e-09
   1.7500000e+07   1.5949734e-09
   1.7500000e+07   3.0509903e-09
   1.7500000e+07   2.7846028e-10
   1.7500000e+07   8.3251714e-10
   1.7500000e+07   1.1907420e-10
   1.7500000e+07   1.8264840e-10
   1.7500000e+07   9.4584287e-10
   1.7500000e+07   2.7777778e-09
   1.7500000e+07   8.6891386e-10
   1.7500000e+07   6.0537268e-10
   1.7500000e+07   4.7940075e-10
   1.7500000e+07   1.0814815e-09
   1.7500000e+07   1.4981273e-09
   1.7500000e+07   6.8649886e-10
   1.7500000e+07   7.1317829e-10
   1.7500000e+07   5.2910053e-10
   3.7500000e+07   1.4611581e-09
   3.7500000e+07   1.5895765e-09
   3.7500000e+07   1.2099528e-09
   3.7500000e+07   1.1016393e-09
   3.7500000e+07   5.4847556e-10
   3.7500000e+07   1.5212982e-09
   3.7500000e+07   9.8183603e-10
   3.7500000e+07   3.7772712e-10
   3.7500000e+07   8.1698817e-10
   3.7500000e+07   2.9201714e-10
   3.7500000e+07   3.3882052e-10
   3.7500000e+07   5.1821862e-10
   3.7500000e+07   3.1694696e-10
   3.7500000e+07   4.1386106e-10
   3.7500000e+07   4.8098798e-10
   3.7500000e+07   7.8181818e-10
   3.7500000e+07   7.1944658e-10
   3.7500000e+07   1.4292401e-09
   3.7500000e+07   7.5890791e-10
   3.7500000e+07   6.5075262e-10
   3.7500000e+07   1.0248399e-09
   3.7500000e+07   3.8841133e-10
   3.7500000e+07   2.2609515e-10
   3.7500000e+07   3.7513909e-10
   3.7500000e+07   3.6369240e-10
   3.7500000e+07   2.2533496e-10
   3.7500000e+07   2.7547347e-10
   3.7500000e+07   1.6156953e-10
   3.7500000e+07   4.8931558e-10
   3.7500000e+07   3.1126120e-10
   3.7500000e+07   3.0966988e-10
   3.7500000e+07   1.4374012e-10
   3.7500000e+07   2.4532877e-10
   3.7500000e+07   1.5506280e-09
   3.7500000e+07   4.4733263e-10
   3.7500000e+07   2.5769935e-09
   3.7500000e+07   6.4157535e-10
   3.7500000e+07   1.8735363e-10
   3.7500000e+07   1.0243675e-09
   3.7500000e+07   9.5705521e-10
   3.7500000e+07   5.5830183e-10
   3.7500000e+07   1.9940985e-09
   3.7500000e+07   2.8103044e-10
   3.7500000e+07   1.3828868e-10
   3.7500000e+07   3.6910283e-09
   3.7500000e+07   1.0592909e-09
   3.7500000e+07   3.0433534e-10
   3.7500000e+07   4.2460375e-10
   3.7500000e+07   3.2032032e-10
   3.7500000e+07   9.2996556e-10
   3.7500000e+07   6.6916643e-10
   3.7500000e+07   6.9309838e-10
   3.7500000e+07   1.6914552e-09
   3.7500000e+07   7.8907436e-10
   3.7500000e+07   1.3593381e-09
   3.7500000e+07   3.6981807e-10
   3.7500000e+07   5.1207448e-10
   3.7500000e+07   8.0668395e-10
   3.7500000e+07   4.3438914e-10
   3.7500000e+07   4.1469194e-10
   3.7500000e+07   4.4794189e-10
   3.7500000e+07   4.9542908e-10
   3.7500000e+07   8.3839611e-10
   3.7500000e+07   3.5252644e-10
   3.7500000e+07   2.1750000e-09
   3.7500000e+07   4.8484848e-10
   3.7500000e+07   1.1664212e-09
   3.7500000e+07   1.8048505e-10
   3.7500000e+07   3.2483898e-10
   3.7500000e+07   3.4675615e-10
   3.7500000e+07   3.2795846e-10
   3.7500000e+07   4.4252563e-10
   3.7500000e+07   3.1149302e-10
   3.7500000e+07   4.4004400e-10
   3.7500000e+07   4.3490382e-10
   3.7500000e+07   9.1197691e-10
   3.7500000e+07   3.0067114e-10
   3.7500000e+07   8.5106383e-10
   3.7500000e+07   4.8008729e-10
   3.7500000e+07   3.0366492e-10
   3.7500000e+07   9.2783505e-11
   3.7500000e+07   6.2564103e-10
   3.7500000e+07   3.3021464e-10
   3.7500000e+07   2.7132794e-10
   3.7500000e+07   4.0652581e-10
   3.7500000e+07   2.2166805e-10
   3.7500000e+07   3.4521158e-10
   3.7500000e+07   4.7767984e-10
   3.7500000e+07   1.0796074e-09
   3.7500000e+07   3.2080201e-10
   3.7500000e+07   1.1499864e-09
   3.7500000e+07   2.0871380e-10
   3.7500000e+07   1.0744024e-10
   3.7500000e+07   8.7991718e-10
   3.7500000e+07   7.3898126e-10
   3.7500000e+07   5.9259259e-10
   3.7500000e+07   4.1917736e-10
   3.7500000e+07   2.5545503e-10
   3.7500000e+07   2.7339642e-10
   3.7500000e+07   7.9083720e-10
   3.7500000e+07   7.1343639e-10
   3.7500000e+07   1.3017253e-09
   3.7500000e+07   3.0161206e-10
   3.7500000e+07   3.5761943e-10
   3.7500000e+07   2.8519575e-10
   3.7500000e+07   4.9178137e-10
   3.7500000e+07   1.7566228e-09
   3.7500000e+07   2.1805495e-09
   3.7500000e+07   1.9293517e-09
   3.7500000e+07   3.9478879e-10
   3.7500000e+07   3.2311835e-10
   3.7500000e+07   1.7955624e-10
   3.7500000e+07   5.2568698e-10
   3.7500000e+07   6.9901869e-10
   3.7500000e+07   2.5262026e-10
   3.7500000e+07   5.6535200e-10
   3.7500000e+07   1.1116883e-09
   3.7500000e+07   8.3186287e-10
   3.7500000e+07   9.6053998e-10
   3.7500000e+07   6.1794734e-10
   3.7500000e+07   6.3000394e-10
   3.7500000e+07   8.0483956e-10
   3.7500000e+07   1.0816629e-09
   3.7500000e+07   7.1627537e-10
   3.7500000e+07   2.0756116e-10
   3.7500000e+07   1.5740285e-10
   3.7500000e+07   1.4655991e-09
   3.7500000e+07   5.0474828e-10
   3.7500000e+07   3.5136153e-10
   3.7500000e+07   2.8011204e-10
   3.7500000e+07   5.1092093e-10
   3.7500000e+07   4.5288716e-10
   3.7500000e+07   4.3569749e-10
   3.7500000e+07   7.6442859e-10
   3.7500000e+07   5.9133565e-10
   3.7500000e+07   5.6781520e-10
   3.7500000e+07   7.7204984e-10
   3.7500000e+07   5.3910951e-10
   3.7500000e+07   8.3291520e-10
   3.7500000e+07   2.0177756e-10
   3.7500000e+07   2.0388350e-10
   3.7500000e+07   2.0403206e-10
   3.7500000e+07   2.6983019e-10
   3.7500000e+07   1.8018996e-09
   3.7500000e+07   1.3469388e-09
   3.7500000e+07   1.0442795e-09
   3.7500000e+07   3.8661009e-10
   3.7500000e+07   1.5429998e-10
   3.7500000e+07   1.2841091e-10
   3.7500000e+07   1.9656020e-10
   3.7500000e+07   3.7320574e-10
   3.7500000e+07   1.6577279e-10
   3.7500000e+07   2.9182879e-10
   3.7500000e+07   1.0055304e-09
   3.7500000e+07   7.3518742e-10
   3.7500000e+07   8.7922705e-10
   3.7500000e+07   1.0909091e-09
   3.7500000e+07   8.5909842e-10
   3.7500000e+07   1.0444874e-09
   3.7500000e+07   7.8297039e-10
   3.7500000e+07   5.5139057e-10
   3.7500000e+07   8.9146423e-11
   3.7500000e+07   6.3752277e-11
   3.7500000e+07   5.1444043e-10
   3.7500000e+07   3.4157303e-10
   3.7500000e+07   3.1943212e-10
   3.7500000e+07   3.3295838e-10
   3.7500000e+07   3.3020973e-10
   3.7500000e+07   6.2103652e-10
   3.7500000e+07   8.0879121e-10
   3.7500000e+07   4.3488109e-10
   3.7500000e+07   4.8780488e-10
   3.7500000e+07   3.4195726e-10
   7.5000000e+07   5.0784857e-10
   7.5000000e+07   5.3571429e-10
   7.5000000e+07   5.7458564e-10
   7.5000000e+07   3.6375239e-10
   7.5000000e+07   2.6416295e-10
   7.5000000e+07   4.0058622e-10
   7.5000000e+07   3.5138157e-10
   7.5000000e+07   1.5806452e-10
   7.5000000e+07   3.5583797e-10
   7.5000000e+07   1.7646132e-10
   7.5000000e+07   1.8700475e-10
   7.5000000e+07   2.1742606e-10
   7.5000000e+07   1.8931494e-10
   7.5000000e+07   2.6007802e-10
   7.5000000e+07   2.3121387e-10
   7.5000000e+07   2.9127656e-10
   7.5000000e+07   2.7484144e-10
   7.5000000e+07   4.1880084e-10
   7.5000000e+07   4.7532546e-10
   7.5000000e+07   2.8725314e-10
   7.5000000e+07   4.2041127e-10
   7.5000000e+07   1.9864417e-10
   7.5000000e+07   1.6861827e-10
   7.5000000e+07   2.2677165e-10
   7.5000000e+07   1.4966402e-10
   7.5000000e+07   1.6956851e-10
   7.5000000e+07   1.6788435e-10
   7.5000000e+07   9.7701149e-11
   7.5000000e+07   3.5796237e-10
   7.5000000e+07   1.9230769e-10
   7.5000000e+07   1.7683722e-10
   7.5000000e+07   1.0885133e-10
   7.5000000e+07   1.3325773e-10
   7.5000000e+07   3.3736379e-10
   7.5000000e+07   2.2119265e-10
   7.5000000e+07   5.5677197e-10
   7.5000000e+07   4.2825883e-10
   7.5000000e+07   1.4277389e-10
   7.5000000e+07   4.8728814e-10
   7.5000000e+07   4.9131216e-10
   7.5000000e+07   2.9825065e-10
   7.5000000e+07   5.2366864e-10
   7.5000000e+07   1.4534884e-10
   7.5000000e+07   6.8906115e-11
   7.5000000e+07   6.7057101e-10
   7.5000000e+07   2.8665616e-10
   7.5000000e+07   2.7761370e-10
   7.5000000e+07   3.1343496e-10
   7.5000000e+07   2.6187050e-10
   7.5000000e+07   1.8726060e-10
   7.5000000e+07   2.5806452e-10
   7.5000000e+07   3.5744681e-10
   7.5000000e+07   3.6374134e-10
   7.5000000e+07   6.3234471e-10
   7.5000000e+07   3.5119048e-10
   7.5000000e+07   3.8296656e-10
   7.5000000e+07   2.1867612e-10
   7.5000000e+07   3.0451020e-10
   7.5000000e+07   4.0101666e-10
   7.5000000e+07   3.4019696e-10
   7.5000000e+07   1.5655233e-10
   7.5000000e+07   2.0951811e-10
   7.5000000e+07   2.6216137e-10
   7.5000000e+07   3.8083904e-10
   7.5000000e+07   1.8637158e-10
   7.5000000e+07   5.6312982e-10
   7.5000000e+07   2.4522384e-10
   7.5000000e+07   4.4075558e-10
   7.5000000e+07   1.6844469e-10
   7.5000000e+07   2.1666667e-10
   7.5000000e+07   1.9961187e-10
   7.5000000e+07   1.6264570e-10
   7.5000000e+07   1.9215372e-10
   7.5000000e+07   1.4388489e-10
   7.5000000e+07   1.1425462e-10
   7.5000000e+07   1.7650303e-10
   7.5000000e+07   2.7652370e-10
   7.5000000e+07   1.4388489e-10
   7.5000000e+07   4.2222222e-10
   7.5000000e+07   2.5876011e-10
   7.5000000e+07   1.4029618e-10
   7.5000000e+07   7.1997943e-11
   7.5000000e+07   1.6157536e-10
   7.5000000e+07   1.3100437e-10
   7.5000000e+07   1.2956725e-10
   7.5000000e+07   2.2239873e-10
   7.5000000e+07   1.5431248e-10
   7.5000000e+07   1.7664919e-10
   7.5000000e+07   1.7982579e-10
   7.5000000e+07   3.8757632e-10
   7.5000000e+07   1.7901542e-10
   7.5000000e+07   4.6401265e-10
   7.5000000e+07   6.2289125e-11
   7.5000000e+07   8.0364318e-11
   7.5000000e+07   3.0893897e-10
   7.5000000e+07   4.0943250e-10
   7.5000000e+07   3.3522574e-10
   7.5000000e+07   1.7630283e-10
   7.5000000e+07   1.3749339e-10
   7.5000000e+07   1.8798956e-10
   7.5000000e+07   3.9844899e-10
   7.5000000e+07   3.5306334e-10
   7.5000000e+07   6.5208531e-10
   7.5000000e+07   2.2709677e-10
   7.5000000e+07   2.1161222e-10
   7.5000000e+07   1.9050071e-10
   7.5000000e+07   2.3234323e-10
   7.5000000e+07   8.3864839e-10
   7.5000000e+07   9.0432865e-10
   7.5000000e+07   6.4690757e-10
   7.5000000e+07   2.8146990e-10
   7.5000000e+07   1.8061562e-10
   7.5000000e+07   1.1746680e-10
   7.5000000e+07   2.8039832e-10
   7.5000000e+07   2.4838156e-10
   7.5000000e+07   1.7091735e-10
   7.5000000e+07   3.1590125e-10
   7.5000000e+07   5.1554208e-10
   7.5000000e+07   4.5437708e-10
   7.5000000e+07   3.6506528e-10
   7.5000000e+07   3.6777352e-10
   7.5000000e+07   2.8685877e-10
   7.5000000e+07   3.4807271e-10
   7.5000000e+07   5.0825255e-10
   7.5000000e+07   3.7529320e-10
   7.5000000e+07   7.3746313e-11
   7.5000000e+07   8.8192063e-11
   7.5000000e+07   3.7439455e-10
   7.5000000e+07   2.0811922e-10
   7.5000000e+07   1.8410250e-10
   7.5000000e+07   1.6184094e-10
   7.5000000e+07   2.2449237e-10
   7.5000000e+07   2.3385993e-10
   7.5000000e+07   2.5468348e-10
   7.5000000e+07   4.2255282e-10
   7.5000000e+07   2.7615911e-10
   7.5000000e+07   3.1810663e-10
   7.5000000e+07   3.4036433e-10
   7.5000000e+07   3.4671100e-10
   7.5000000e+07   4.1779307e-10
   7.5000000e+07   1.7686424e-10
   7.5000000e+07   1.8353055e-10
   7.5000000e+07   1.5949734e-10
   7.5000000e+07   1.6635860e-10
   7.5000000e+07   8.2056609e-10
   7.5000000e+07   6.9595262e-10
   7.5000000e+07   4.6894487e-10
   7.5000000e+07   3.9224842e-10
   7.5000000e+07   1.3110307e-10
   7.5000000e+07   1.1885714e-10
   7.5000000e+07   1.2891754e-10
   7.5000000e+07   1.8961839e-10
   7.5000000e+07   1.0682204e-10
   7.5000000e+07   1.7382907e-10
   7.5000000e+07   6.2775871e-10
   7.5000000e+07   5.1294229e-10
   7.5000000e+07   5.1997164e-10
   7.5000000e+07   3.9590126e-10
   7.5000000e+07   4.4824399e-10
   7.5000000e+07   4.7596607e-10
   7.5000000e+07   4.6556275e-10
   7.5000000e+07   2.8148855e-10
   7.5000000e+07   7.5605960e-11
   7.5000000e+07   5.9104342e-11
   7.5000000e+07   2.8514146e-10
   7.5000000e+07   2.1390374e-10
   7.5000000e+07   2.0686620e-10
   7.5000000e+07   2.6327532e-10
   7.5000000e+07   2.5226820e-10
   7.5000000e+07   2.3686477e-10
   7.5000000e+07   1.9819044e-10
   7.5000000e+07   2.2854582e-10
   7.5000000e+07   2.7733576e-10
   7.5000000e+07   2.0075842e-10
   1.5000000e+08   1.8310071e-10
   1.5000000e+08   3.5240275e-10
   1.5000000e+08   2.0408163e-10
   1.5000000e+08   1.1281730e-10
   1.5000000e+08   1.1936548e-10
   1.5000000e+08   1.3888889e-10
   1.5000000e+08   1.1144247e-10
   1.5000000e+08   7.2011522e-11
   1.5000000e+08   1.3891057e-10
   1.5000000e+08   1.1400906e-10
   1.5000000e+08   9.4206312e-11
   1.5000000e+08   1.0912542e-10
   1.5000000e+08   1.0489510e-10
   1.5000000e+08   1.5885751e-10
   1.5000000e+08   1.0476190e-10
   1.5000000e+08   1.1278746e-10
   1.5000000e+08   1.0576493e-10
   1.5000000e+08   1.5788697e-10
   1.5000000e+08   8.4282123e-11
   1.5000000e+08   1.2979351e-10
   1.5000000e+08   1.5664628e-10
   1.5000000e+08   7.3368717e-11
   1.5000000e+08   8.0507819e-11
   1.5000000e+08   5.9171598e-11
   1.5000000e+08   4.2443535e-11
   1.5000000e+08   9.1577841e-11
   1.5000000e+08   9.0951133e-11
   1.5000000e+08   6.5770661e-11
   1.5000000e+08   2.2993688e-10
   1.5000000e+08   1.2409812e-10
   1.5000000e+08   5.7471264e-11
   1.5000000e+08   4.4159544e-11
   1.5000000e+08   5.7738347e-11
   1.5000000e+08   1.0716383e-10
   1.5000000e+08   1.2269032e-10
   1.5000000e+08   3.5757760e-10
   1.5000000e+08   1.2394797e-10
   1.5000000e+08   7.9560249e-11
   1.5000000e+08   1.8762003e-10
   1.5000000e+08   1.6520468e-10
   1.5000000e+08   1.5823679e-10
   1.5000000e+08   1.6866080e-10
   1.5000000e+08   6.9264069e-11
   1.5000000e+08   4.2918455e-11
   1.5000000e+08   1.0766398e-10
   1.5000000e+08   9.6085912e-11
   1.5000000e+08   1.5147102e-10
   1.5000000e+08   9.9593211e-11
   1.5000000e+08   9.6577191e-11
   1.5000000e+08   8.9950808e-11
   1.5000000e+08   1.1077264e-10
   1.5000000e+08   1.3656633e-10
   1.5000000e+08   1.6444570e-10
   1.5000000e+08   1.5459723e-10
   1.5000000e+08   1.6379058e-10
   1.5000000e+08   1.1777902e-10
   1.5000000e+08   1.6661795e-10
   1.5000000e+08   1.4714205e-10
   1.5000000e+08   1.2735327e-10
   1.5000000e+08   2.0246479e-10
   1.5000000e+08   7.9413561e-11
   1.5000000e+08   1.3625592e-10
   1.5000000e+08   1.3225992e-10
   1.5000000e+08   1.6934307e-10
   1.5000000e+08   1.0963647e-10
   1.5000000e+08   1.9890458e-10
   1.5000000e+08   1.4929577e-10
   1.5000000e+08   1.7922151e-10
   1.5000000e+08   1.0579065e-10
   1.5000000e+08   1.0442429e-10
   1.5000000e+08   9.8819654e-11
   1.5000000e+08   1.0486690e-10
   1.5000000e+08   4.2294475e-11
   1.5000000e+08   3.1746032e-11
   1.5000000e+08   4.8688126e-11
   1.5000000e+08   8.4745763e-11
   1.5000000e+08   8.0712497e-11
   1.5000000e+08   3.4391534e-11
   1.5000000e+08   2.2578890e-10
   1.5000000e+08   1.7828632e-10
   1.5000000e+08   4.1279670e-11
   1.5000000e+08   3.3307712e-11
   1.5000000e+08   6.0105184e-11
   1.5000000e+08   1.1659436e-10
   1.5000000e+08   9.7837281e-11
   1.5000000e+08   9.9502488e-11
   1.5000000e+08   9.5706864e-11
   1.5000000e+08   9.8495212e-11
   1.5000000e+08   9.1896408e-11
   1.5000000e+08   1.6666667e-10
   1.5000000e+08   1.0103499e-10
   1.5000000e+08   1.6232930e-10
   1.5000000e+08   3.6222510e-11
   1.5000000e+08   4.5357524e-11
   1.5000000e+08   1.4214464e-10
   1.5000000e+08   2.2092433e-10
   1.5000000e+08   2.3929806e-10
   1.5000000e+08   7.7101002e-11
   1.5000000e+08   6.5651261e-11
   1.5000000e+08   7.2426280e-11
   1.5000000e+08   2.0057682e-10
   1.5000000e+08   1.2372449e-10
   1.5000000e+08   2.7364820e-10
   1.5000000e+08   1.3013524e-10
   1.5000000e+08   1.3087292e-10
   1.5000000e+08   1.3770241e-10
   1.5000000e+08   1.4093697e-10
   1.5000000e+08   3.4253712e-10
   1.5000000e+08   2.9543656e-10
   1.5000000e+08   2.1368642e-10
   1.5000000e+08   1.3364174e-10
   1.5000000e+08   1.0462624e-10
   1.5000000e+08   7.3622747e-11
   1.5000000e+08   1.3696860e-10
   1.5000000e+08   7.8298317e-11
   1.5000000e+08   1.1253806e-10
   1.5000000e+08   1.3458774e-10
   1.5000000e+08   1.8107908e-10
   1.5000000e+08   2.0523965e-10
   1.5000000e+08   2.0291298e-10
   1.5000000e+08   2.1953754e-10
   1.5000000e+08   1.4522293e-10
   1.5000000e+08   1.3051191e-10
   1.5000000e+08   2.0439448e-10
   1.5000000e+08   1.5349194e-10
   1.5000000e+08   5.2657360e-11
   1.5000000e+08   5.9756098e-11
   1.5000000e+08   1.6833719e-10
   1.5000000e+08   1.0934520e-10
   1.5000000e+08   7.1490201e-11
   1.5000000e+08   9.1559012e-11
   1.5000000e+08   9.3539536e-11
   1.5000000e+08   9.5905570e-11
   1.5000000e+08   1.1606819e-10
   1.5000000e+08   1.1998041e-10
   1.5000000e+08   1.4119705e-10
   1.5000000e+08   1.5030060e-10
   1.5000000e+08   1.5083667e-10
   1.5000000e+08   1.7740430e-10
   1.5000000e+08   1.9740010e-10
   1.5000000e+08   9.2395167e-11
   1.5000000e+08   1.3400335e-10
   1.5000000e+08   1.0069528e-10
   1.5000000e+08   8.7076077e-11
   1.5000000e+08   3.6418059e-10
   1.5000000e+08   2.6472693e-10
   1.5000000e+08   2.1203997e-10
   1.5000000e+08   7.5566751e-11
   1.5000000e+08   9.2072760e-11
   1.5000000e+08   8.6344013e-11
   1.5000000e+08   7.7296820e-11
   1.5000000e+08   7.7482977e-11
   1.5000000e+08   7.0031393e-11
   1.5000000e+08   6.2230732e-11
   1.5000000e+08   3.6614360e-10
   1.5000000e+08   3.1720306e-10
   1.5000000e+08   2.9947017e-10
   1.5000000e+08   1.9867550e-10
   1.5000000e+08   1.9435028e-10
   1.5000000e+08   2.1173763e-10
   1.5000000e+08   2.6500938e-10
   1.5000000e+08   9.8800282e-11
   1.5000000e+08   3.5445281e-11
   1.5000000e+08   4.5330916e-11
   1.5000000e+08   1.0762135e-10
   1.5000000e+08   1.3668430e-10
   1.5000000e+08   1.2851231e-10
   1.5000000e+08   1.6516186e-10
   1.5000000e+08   1.4860140e-10
   1.5000000e+08   8.7252607e-11
   1.5000000e+08   1.3225256e-10
   1.5000000e+08   1.0633584e-10
   1.5000000e+08   1.2556054e-10
   1.5000000e+08   1.1704947e-10
   3.0000000e+08   5.3795136e-11
   3.0000000e+08   8.1786030e-11
   3.0000000e+08   6.9172932e-11
   3.0000000e+08   6.3526495e-11
   3.0000000e+08   9.0020177e-11
   3.0000000e+08   5.9045820e-11
   3.0000000e+08   5.6659423e-11
   3.0000000e+08   5.5608516e-11
   3.0000000e+08   5.6958128e-11
   3.0000000e+08   5.9450278e-11
   3.0000000e+08   4.3552652e-11
   3.0000000e+08   3.6764706e-11
   3.0000000e+08   5.6621579e-11
   3.0000000e+08   8.2135524e-11
   3.0000000e+08   5.8121269e-11
   3.0000000e+08   5.4316338e-11
   3.0000000e+08   5.8962264e-11
   3.0000000e+08   7.9895410e-11
   3.0000000e+08   4.9120235e-11
   3.0000000e+08   5.1688992e-11
   3.0000000e+08   4.0393655e-11
   3.0000000e+08   4.1066171e-11
   3.0000000e+08   4.2236216e-11
   3.0000000e+08   2.7089783e-11
   3.0000000e+08   2.3396226e-11
   3.0000000e+08   5.4299316e-11
   3.0000000e+08   2.7497709e-11
   3.0000000e+08   3.6221591e-11
   3.0000000e+08   1.4837667e-10
   3.0000000e+08   7.4828962e-11
   3.0000000e+08   3.0714286e-11
   3.0000000e+08   3.1910367e-11
   3.0000000e+08   3.5004201e-11
   3.0000000e+08   5.5918664e-11
   3.0000000e+08   7.0093458e-11
   3.0000000e+08   1.1238431e-10
   3.0000000e+08   5.4413543e-11
   3.0000000e+08   6.0275545e-11
   3.0000000e+08   5.4379350e-11
   3.0000000e+08   5.9686466e-11
   3.0000000e+08   8.4840056e-11
   3.0000000e+08   6.8046498e-11
   3.0000000e+08   3.0094583e-11
   3.0000000e+08   3.0626781e-11
   3.0000000e+08   5.3959355e-11
   3.0000000e+08   5.5983205e-11
   3.0000000e+08   8.5365854e-11
   3.0000000e+08   5.1388889e-11
   3.0000000e+08   4.5013363e-11
   3.0000000e+08   3.4127316e-11
   3.0000000e+08   5.4779512e-11
   3.0000000e+08   6.0489414e-11
   3.0000000e+08   7.3919107e-11
   3.0000000e+08   5.0747863e-11
   3.0000000e+08   9.7841727e-11
   3.0000000e+08   5.9589800e-11
   3.0000000e+08   1.0638298e-10
   3.0000000e+08   6.8321249e-11
   3.0000000e+08   5.4674686e-11
   3.0000000e+08   8.0529192e-11
   3.0000000e+08   2.1645022e-11
   3.0000000e+08   4.2372881e-11
   3.0000000e+08   4.9659478e-11
   3.0000000e+08   7.7519380e-11
   3.0000000e+08   5.1369863e-11
   3.0000000e+08   7.0661391e-11
   3.0000000e+08   6.9386622e-11
   3.0000000e+08   7.9779917e-11
   3.0000000e+08   7.0247934e-11
   3.0000000e+08   5.5751972e-11
   3.0000000e+08   3.9412884e-11
   3.0000000e+08   4.7897818e-11
   3.0000000e+08   3.1587260e-11
   3.0000000e+08   1.5822785e-11
   3.0000000e+08   4.9798116e-11
   3.0000000e+08   4.3372188e-11
   3.0000000e+08   4.2794036e-11
   3.0000000e+08   1.7136831e-11
   3.0000000e+08   1.1040170e-10
   3.0000000e+08   9.9346405e-11
   3.0000000e+08   3.3401850e-11
   3.0000000e+08   2.8089888e-11
   3.0000000e+08   4.2320139e-11
   3.0000000e+08   6.7006165e-11
   3.0000000e+08   3.9520653e-11
   3.0000000e+08   6.2224527e-11
   3.0000000e+08   5.5525460e-11
   3.0000000e+08   7.1796261e-11
   3.0000000e+08   4.8289183e-11
   3.0000000e+08   6.0194672e-11
   3.0000000e+08   5.7331056e-11
   3.0000000e+08   7.6064909e-11
   3.0000000e+08   1.9334880e-11
   3.0000000e+08   2.7888446e-11
   3.0000000e+08   5.6552742e-11
   3.0000000e+08   9.8136646e-11
   3.0000000e+08   1.3373150e-10
   3.0000000e+08   3.5705177e-11
   3.0000000e+08   3.3915993e-11
   3.0000000e+08   3.3384694e-11
   3.0000000e+08   6.2973911e-11
   3.0000000e+08   5.1656797e-11
   3.0000000e+08   6.2972292e-11
   3.0000000e+08   7.5571632e-11
   3.0000000e+08   6.6658282e-11
   3.0000000e+08   8.6217990e-11
   3.0000000e+08   1.0452084e-10
   3.0000000e+08   9.6079939e-11
   3.0000000e+08   8.3429598e-11
   3.0000000e+08   6.0233325e-11
   3.0000000e+08   5.8632735e-11
   3.0000000e+08   4.5992944e-11
   3.0000000e+08   6.6284257e-11
   3.0000000e+08   2.5896672e-11
   3.0000000e+08   6.6116784e-11
   3.0000000e+08   6.4466220e-11
   3.0000000e+08   7.0780399e-11
   3.0000000e+08   9.9964510e-11
   3.0000000e+08   1.0004880e-10
   3.0000000e+08   1.0296174e-10
   3.0000000e+08   6.5293822e-11
   3.0000000e+08   6.0037523e-11
   3.0000000e+08   9.5768653e-11
   3.0000000e+08   7.8105316e-11
   3.0000000e+08   3.3499817e-11
   3.0000000e+08   2.9700570e-11
   3.0000000e+08   8.2775180e-11
   3.0000000e+08   4.4019620e-11
   3.0000000e+08   2.9372170e-11
   3.0000000e+08   5.6549838e-11
   3.0000000e+08   4.7571976e-11
   3.0000000e+08   3.7754232e-11
   3.0000000e+08   5.4977889e-11
   3.0000000e+08   4.5971449e-11
   3.0000000e+08   8.6865451e-11
   3.0000000e+08   8.0207305e-11
   3.0000000e+08   7.1975853e-11
   3.0000000e+08   8.3715596e-11
   3.0000000e+08   4.2253521e-11
   3.0000000e+08   8.2644628e-11
   3.0000000e+08   4.7472110e-11
   3.0000000e+08   5.4520672e-11
   3.0000000e+08   1.2154031e-10
   3.0000000e+08   7.0864312e-11
   3.0000000e+08   8.1145585e-11
   3.0000000e+08   6.7045455e-11
   3.0000000e+08   6.0080107e-11
   3.0000000e+08   5.8571750e-11
   3.0000000e+08   4.2735043e-11
   3.0000000e+08   4.4268406e-11
   3.0000000e+08   4.0767386e-11
   3.0000000e+08   2.7354900e-11
   3.0000000e+08   1.8692661e-10
   3.0000000e+08   1.9412029e-10
   3.0000000e+08   1.6886603e-10
   3.0000000e+08   6.8293775e-11
   3.0000000e+08   7.9804921e-11
   3.0000000e+08   8.9024115e-11
   3.0000000e+08   1.5535755e-10
   3.0000000e+08   5.0081528e-11
   3.0000000e+08   2.7593819e-11
   3.0000000e+08   3.1588448e-11
   3.0000000e+08   4.4545850e-11
   3.0000000e+08   6.9595476e-11
   3.0000000e+08   5.9139785e-11
   3.0000000e+08   7.5823224e-11
   3.0000000e+08   7.9672696e-11
   3.0000000e+08   5.0632911e-11
   3.0000000e+08   8.4210526e-11
   3.0000000e+08   4.4936431e-11
   3.0000000e+08   5.4251550e-11
   3.0000000e+08   6.1122026e-11
   5.0000000e+08   3.0621172e-11
   5.0000000e+08   4.7846890e-11
   5.0000000e+08   4.3755562e-11
   5.0000000e+08   4.4369645e-11
   5.0000000e+08   6.0984906e-11
   5.0000000e+08   3.7348273e-11
   5.0000000e+08   3.9907905e-11
   5.0000000e+08   3.6140792e-11
   5.0000000e+08   3.2724505e-11
   5.0000000e+08   4.0439493e-11
   5.0000000e+08   3.1611411e-11
   5.0000000e+08   2.7954651e-11
   5.0000000e+08   3.2659409e-11
   5.0000000e+08   4.3512044e-11
   5.0000000e+08   3.7267081e-11
   5.0000000e+08   3.7971056e-11
   5.0000000e+08   3.7150350e-11
   5.0000000e+08   4.9327995e-11
   5.0000000e+08   4.6464353e-11
   5.0000000e+08   2.7381467e-11
   5.0000000e+08   2.7684686e-11
   5.0000000e+08   1.7675991e-11
   5.0000000e+08   2.5129455e-11
   5.0000000e+08   1.9245574e-11
   5.0000000e+08   1.9531250e-11
   5.0000000e+08   3.5320088e-11
   5.0000000e+08   9.1157703e-12
   5.0000000e+08   2.8204767e-11
   5.0000000e+08   5.9209588e-11
   5.0000000e+08   4.7043955e-11
   5.0000000e+08   2.4137441e-11
   5.0000000e+08   3.0298760e-11
   5.0000000e+08   2.1551724e-11
   5.0000000e+08   3.7345590e-11
   5.0000000e+08   4.5362903e-11
   5.0000000e+08   7.0402299e-11
   5.0000000e+08   2.6913876e-11
   5.0000000e+08   3.6159955e-11
   5.0000000e+08   2.7973031e-11
   5.0000000e+08   3.8374076e-11
   5.0000000e+08   5.1285558e-11
   5.0000000e+08   3.0069930e-11
   5.0000000e+08   3.1339031e-11
   5.0000000e+08   2.6192836e-11
   5.0000000e+08   3.5357737e-11
   5.0000000e+08   2.8373702e-11
   5.0000000e+08   4.5845676e-11
   5.0000000e+08   3.6431125e-11
   5.0000000e+08   2.3002928e-11
   5.0000000e+08   2.2827892e-11
   5.0000000e+08   2.8447575e-11
   5.0000000e+08   3.1241510e-11
   5.0000000e+08   3.7108301e-11
   5.0000000e+08   2.7763088e-11
   5.0000000e+08   3.8103302e-11
   5.0000000e+08   3.0128732e-11
   5.0000000e+08   5.4898649e-11
   5.0000000e+08   4.4016506e-11
   5.0000000e+08   2.7041644e-11
   5.0000000e+08   2.5474101e-11
   5.0000000e+08   1.0057471e-11
   5.0000000e+08   2.1732831e-11
   5.0000000e+08   2.1073335e-11
   5.0000000e+08   3.5340684e-11
   5.0000000e+08   1.9774011e-11
   5.0000000e+08   2.3690078e-11
   5.0000000e+08   3.4218451e-11
   5.0000000e+08   2.8432169e-11
   5.0000000e+08   4.2108123e-11
   5.0000000e+08   2.5551372e-11
   5.0000000e+08   1.8878101e-11
   5.0000000e+08   2.2403795e-11
   5.0000000e+08   1.0462987e-11
   5.0000000e+08   5.2576236e-12
   5.0000000e+08   2.5319829e-11
   5.0000000e+08   2.6874496e-11
   5.0000000e+08   2.6006022e-11
   5.0000000e+08   7.8822911e-12
   5.0000000e+08   5.3357626e-11
   5.0000000e+08   4.9987183e-11
   5.0000000e+08   3.4456355e-11
   5.0000000e+08   2.9202641e-11
   5.0000000e+08   2.4685263e-11
   5.0000000e+08   3.9672044e-11
   5.0000000e+08   2.7826967e-11
   5.0000000e+08   4.3533931e-11
   5.0000000e+08   3.4824538e-11
   5.0000000e+08   3.6057692e-11
   5.0000000e+08   3.1429352e-11
   5.0000000e+08   2.9106555e-11
   5.0000000e+08   3.3767487e-11
   5.0000000e+08   2.2477522e-11
   5.0000000e+08   1.9260401e-11
   5.0000000e+08   1.9809826e-11
   5.0000000e+08   2.9175784e-11
   5.0000000e+08   4.7514620e-11
   5.0000000e+08   5.3110774e-11
   5.0000000e+08   2.9121297e-11
   5.0000000e+08   2.0730759e-11
   5.0000000e+08   2.4234694e-11
   5.0000000e+08   3.3633710e-11
   5.0000000e+08   3.6164110e-11
   5.0000000e+08   2.4875622e-11
   5.0000000e+08   2.4815475e-11
   5.0000000e+08   3.1649497e-11
   5.0000000e+08   4.3643264e-11
   5.0000000e+08   4.1939065e-11
   5.0000000e+08   4.3363499e-11
   5.0000000e+08   4.1661406e-11
   5.0000000e+08   3.3203859e-11
   5.0000000e+08   4.0690506e-11
   5.0000000e+08   3.1214883e-11
   5.0000000e+08   3.2708517e-11
   5.0000000e+08   1.9322427e-11
   5.0000000e+08   3.6826463e-11
   5.0000000e+08   4.0733198e-11
   5.0000000e+08   3.9370079e-11
   5.0000000e+08   5.7991185e-11
   5.0000000e+08   4.0071770e-11
   5.0000000e+08   4.4214722e-11
   5.0000000e+08   3.3465543e-11
   5.0000000e+08   3.7078235e-11
   5.0000000e+08   5.7732465e-11
   5.0000000e+08   3.4730836e-11
   5.0000000e+08   2.0571152e-11
   5.0000000e+08   1.4461316e-11
   5.0000000e+08   4.4132273e-11
   5.0000000e+08   2.2441092e-11
   5.0000000e+08   1.9467088e-11
   5.0000000e+08   3.6868625e-11
   5.0000000e+08   3.3047736e-11
   5.0000000e+08   2.5383779e-11
   5.0000000e+08   3.4283012e-11
   5.0000000e+08   3.4164469e-11
   5.0000000e+08   4.9049292e-11
   5.0000000e+08   4.4935633e-11
   5.0000000e+08   3.7766079e-11
   5.0000000e+08   4.2860365e-11
   5.0000000e+08   1.9785847e-11
   5.0000000e+08   4.4134727e-11
   5.0000000e+08   3.1742300e-11
   5.0000000e+08   3.2584270e-11
   5.0000000e+08   3.8768797e-11
   5.0000000e+08   2.9782360e-11
   5.0000000e+08   4.1099108e-11
   5.0000000e+08   2.8033191e-11
   5.0000000e+08   3.2981530e-11
   5.0000000e+08   3.1173458e-11
   5.0000000e+08   2.4989135e-11
   5.0000000e+08   3.1177829e-11
   5.0000000e+08   2.1408183e-11
   5.0000000e+08   3.0754672e-11
   5.0000000e+08   1.0612425e-10
   5.0000000e+08   9.9373515e-11
   5.0000000e+08   8.9787971e-11
   5.0000000e+08   5.3015242e-11
   5.0000000e+08   4.0366572e-11
   5.0000000e+08   4.4286980e-11
   5.0000000e+08   8.8632838e-11
   5.0000000e+08   2.6522140e-11
   5.0000000e+08   1.9758507e-11
   5.0000000e+08   2.2421525e-11
   5.0000000e+08   3.9844928e-11
   5.0000000e+08   3.2175032e-11
   5.0000000e+08   2.9755579e-11
   5.0000000e+08   4.1613316e-11
   5.0000000e+08   4.0271301e-11
   5.0000000e+08   3.6549708e-11
   5.0000000e+08   4.4513458e-11
   5.0000000e+08   4.9967413e-11
   5.0000000e+08   4.0525739e-11
   5.0000000e+08   3.6661635e-11
   7.0000000e+08   1.8840580e-11
   7.0000000e+08   2.6569008e-11
   7.0000000e+08   2.8672254e-11
   7.0000000e+08   3.1847134e-11
   7.0000000e+08   3.6150023e-11
   7.0000000e+08   2.9348162e-11
   7.0000000e+08   3.8069134e-11
   7.0000000e+08   2.8861154e-11
   7.0000000e+08   3.0243460e-11
   7.0000000e+08   3.1032395e-11
   7.0000000e+08   2.3751149e-11
   7.0000000e+08   1.9305019e-11
   7.0000000e+08   2.4721879e-11
   7.0000000e+08   3.1582191e-11
   7.0000000e+08   2.0036991e-11
   7.0000000e+08   3.9817975e-11
   7.0000000e+08   2.6753435e-11
   7.0000000e+08   2.9732408e-11
   7.0000000e+08   2.8053517e-11
   7.0000000e+08   6.4497635e-12
   7.0000000e+08   2.1735980e-11
   7.0000000e+08   1.8379537e-11
   7.0000000e+08   2.5761479e-11
   7.0000000e+08   1.9171779e-11
   7.0000000e+08   3.3672553e-11
   7.0000000e+08   2.9226947e-11
   7.0000000e+08   3.7913254e-12
   7.0000000e+08   2.1736082e-11
   7.0000000e+08   4.8646362e-11
   7.0000000e+08   3.6171397e-11
   7.0000000e+08   1.9782394e-11
   7.0000000e+08   2.6614372e-11
   7.0000000e+08   1.5921362e-11
   7.0000000e+08   2.2098660e-11
   7.0000000e+08   2.8542886e-11
   7.0000000e+08   5.5964863e-11
   7.0000000e+08   2.6026175e-11
   7.0000000e+08   3.0972828e-11
   7.0000000e+08   3.2097004e-11
   7.0000000e+08   2.6798307e-11
   7.0000000e+08   3.9258156e-11
   7.0000000e+08   2.7109690e-11
   7.0000000e+08   1.8403171e-11
   7.0000000e+08   2.3943662e-11
   7.0000000e+08   2.1341044e-11
   7.0000000e+08   2.3396642e-11
   7.0000000e+08   2.9354207e-11
   7.0000000e+08   3.1390747e-11
   7.0000000e+08   1.3183458e-11
   7.0000000e+08   1.4460818e-11
   7.0000000e+08   1.7510776e-11
   7.0000000e+08   1.7548596e-11
   7.0000000e+08   1.5006821e-11
   7.0000000e+08   1.7091770e-11
   7.0000000e+08   1.6806723e-11
   7.0000000e+08   1.3612851e-11
   7.0000000e+08   4.1771094e-11
   7.0000000e+08   2.7270248e-11
   7.0000000e+08   1.4792899e-11
   7.0000000e+08   1.1264433e-11
   7.0000000e+08   1.4338973e-12
   7.0000000e+08   4.3277553e-12
   7.0000000e+08   1.1191942e-11
   7.0000000e+08   2.1055587e-11
   7.0000000e+08   1.1254924e-11
   7.0000000e+08   1.1095700e-11
   7.0000000e+08   1.4953779e-11
   7.0000000e+08   1.6155089e-11
   7.0000000e+08   3.3674569e-11
   7.0000000e+08   1.3379716e-11
   7.0000000e+08   1.3433638e-11
   7.0000000e+08   1.3119916e-11
   7.0000000e+08   1.0441138e-11
   7.0000000e+08   1.3130252e-12
   7.0000000e+08   3.4473614e-11
   7.0000000e+08   1.4701951e-11
   7.0000000e+08   1.3616558e-11
   7.0000000e+08   2.6232949e-12
   7.0000000e+08   3.6054597e-11
   7.0000000e+08   3.5532995e-11
   7.0000000e+08   3.5487959e-11
   7.0000000e+08   2.1459227e-11
   7.0000000e+08   2.0879391e-11
   7.0000000e+08   3.4111782e-11
   7.0000000e+08   2.0125786e-11
   7.0000000e+08   2.9195227e-11
   7.0000000e+08   1.7291833e-11
   7.0000000e+08   2.5192257e-11
   7.0000000e+08   2.1727322e-11
   7.0000000e+08   1.1323603e-11
   7.0000000e+08   2.1562051e-11
   7.0000000e+08   1.6161114e-11
   7.0000000e+08   8.9536966e-12
   7.0000000e+08   1.4469876e-11
   7.0000000e+08   2.7797921e-11
   7.0000000e+08   2.8964518e-11
   7.0000000e+08   1.7517518e-11
   7.0000000e+08   1.5105740e-11
   7.0000000e+08   1.6774194e-11
   7.0000000e+08   2.0309723e-11
   7.0000000e+08   2.8366112e-11
   7.0000000e+08   2.5380711e-11
   7.0000000e+08   1.7945545e-11
   7.0000000e+08   2.5326073e-11
   7.0000000e+08   2.5283670e-11
   7.0000000e+08   3.2605969e-11
   7.0000000e+08   2.3853211e-11
   7.0000000e+08   2.8660436e-11
   7.0000000e+08   3.4430950e-11
   7.0000000e+08   3.4858121e-11
   7.0000000e+08   2.6057824e-11
   7.0000000e+08   2.6246719e-11
   7.0000000e+08   1.2832029e-11
   7.0000000e+08   2.9502309e-11
   7.0000000e+08   2.5883838e-11
   7.0000000e+08   2.8409091e-11
   7.0000000e+08   3.4969044e-11
   7.0000000e+08   2.3139907e-11
   7.0000000e+08   3.2098765e-11
   7.0000000e+08   3.0780596e-11
   7.0000000e+08   3.3738192e-11
   7.0000000e+08   3.0965392e-11
   7.0000000e+08   2.2172949e-11
   7.0000000e+08   1.3256206e-11
   7.0000000e+08   1.0213891e-11
   7.0000000e+08   3.3887862e-11
   7.0000000e+08   1.6755616e-11
   7.0000000e+08   1.8785602e-11
   7.0000000e+08   2.3179212e-11
   7.0000000e+08   2.4927043e-11
   7.0000000e+08   2.0444979e-11
   7.0000000e+08   2.1721263e-11
   7.0000000e+08   2.2621741e-11
   7.0000000e+08   2.9983209e-11
   7.0000000e+08   2.6480501e-11
   7.0000000e+08   1.8173557e-11
   7.0000000e+08   2.1248043e-11
   7.0000000e+08   1.2752145e-11
   7.0000000e+08   2.6479392e-11
   7.0000000e+08   2.4532710e-11
   7.0000000e+08   2.9024336e-11
   7.0000000e+08   2.0983912e-11
   7.0000000e+08   2.2773856e-11
   7.0000000e+08   3.0281854e-11
   7.0000000e+08   1.0035682e-11
   7.0000000e+08   2.0751420e-11
   7.0000000e+08   1.6596592e-11
   7.0000000e+08   2.5945946e-11
   7.0000000e+08   1.6066101e-11
   7.0000000e+08   1.0658456e-11
   7.0000000e+08   1.4107689e-11
   7.0000000e+08   6.4949123e-11
   7.0000000e+08   5.1895785e-11
   7.0000000e+08   4.9946865e-11
   7.0000000e+08   4.4808743e-11
   7.0000000e+08   2.4891775e-11
   7.0000000e+08   2.9631255e-11
   7.0000000e+08   5.2253429e-11
   7.0000000e+08   1.3764625e-11
   7.0000000e+08   7.6536191e-12
   7.0000000e+08   1.2276786e-11
   7.0000000e+08   4.0598291e-11
   7.0000000e+08   1.5984655e-11
   7.0000000e+08   1.9015424e-11
   7.0000000e+08   2.8571429e-11
   7.0000000e+08   2.1026072e-11
   7.0000000e+08   2.4880780e-11
   7.0000000e+08   2.3599425e-11
   7.0000000e+08   2.9038503e-11
   7.0000000e+08   2.4989135e-11
   7.0000000e+08   2.4619996e-11
   9.0000000e+08   1.7326018e-11
   9.0000000e+08   2.0714286e-11
   9.0000000e+08   2.1929825e-11
   9.0000000e+08   2.2603978e-11
   9.0000000e+08   2.6917900e-11
   9.0000000e+08   2.3034398e-11
   9.0000000e+08   2.3424513e-11
   9.0000000e+08   2.5593299e-11
   9.0000000e+08   2.2546220e-11
   9.0000000e+08   2.1062133e-11
   9.0000000e+08   1.6775965e-11
   9.0000000e+08   1.6153846e-11
   9.0000000e+08   1.8450185e-11
   9.0000000e+08   2.3729333e-11
   9.0000000e+08   9.2109303e-12
   9.0000000e+08   3.1743792e-11
   9.0000000e+08   2.7330265e-11
   9.0000000e+08   2.2519353e-11
   9.0000000e+08   1.5736767e-11
   9.0000000e+08   5.0100200e-12
   9.0000000e+08   1.0820949e-11
   9.0000000e+08   3.0520372e-12
   9.0000000e+08   2.6383235e-11
   9.0000000e+08   9.1673033e-12
   9.0000000e+08   1.7838561e-11
   9.0000000e+08   2.1066395e-11
   9.0000000e+08   1.5153811e-12
   9.0000000e+08   9.0756772e-12
   9.0000000e+08   3.3514872e-11
   9.0000000e+08   2.6243094e-11
   9.0000000e+08   1.6185785e-11
   9.0000000e+08   2.5776787e-11
   9.0000000e+08   9.6605023e-12
   9.0000000e+08   1.1355571e-11
   9.0000000e+08   2.6961828e-11
   9.0000000e+08   4.5537341e-11
   9.0000000e+08   2.9590176e-11
   9.0000000e+08   2.0987827e-11
   9.0000000e+08   2.8348689e-11
   9.0000000e+08   2.4551066e-11
   9.0000000e+08   3.1564809e-11
   9.0000000e+08   1.7975664e-11
   9.0000000e+08   1.0578279e-11
   9.0000000e+08   2.2427810e-11
   9.0000000e+08   1.7137373e-11
   9.0000000e+08   1.9178082e-11
   9.0000000e+08   2.2234575e-11
   9.0000000e+08   2.4413400e-11
   9.0000000e+08   1.4532872e-11
   9.0000000e+08   1.0985993e-11
   9.0000000e+08   9.3959732e-12
   9.0000000e+08   2.6903417e-12
   9.0000000e+08   4.0805223e-12
   9.0000000e+08   7.8616352e-12
   9.0000000e+08   1.1166946e-11
   9.0000000e+08   6.7879446e-12
   9.0000000e+08   1.7950842e-11
   9.0000000e+08   1.7629509e-11
   9.0000000e+08   5.3633682e-12
   9.0000000e+08   7.0244451e-12
   9.0000000e+08   1.4334862e-12
   9.0000000e+08   1.4413376e-12
   9.0000000e+08   2.7917365e-12
   9.0000000e+08   8.3869164e-12
   9.0000000e+08   5.5355660e-12
   9.0000000e+08   1.0843047e-11
   9.0000000e+08   1.3419216e-12
   9.0000000e+08   2.1407546e-11
   9.0000000e+08   5.3376034e-12
   9.0000000e+08   5.3590568e-12
   9.0000000e+08   7.8513478e-12
   9.0000000e+08   5.2096900e-12
   9.0000000e+08   1.3126805e-12
   9.0000000e+08   3.1603898e-11
   9.0000000e+08   1.1993603e-11
   9.0000000e+08   5.4318305e-12
   9.0000000e+08   1.3109596e-12
   9.0000000e+08   2.3012017e-11
   9.0000000e+08   2.7686886e-11
   9.0000000e+08   2.1367521e-11
   9.0000000e+08   2.0792564e-11
   9.0000000e+08   1.0424811e-11
   9.0000000e+08   1.6286645e-11
   9.0000000e+08   1.5143867e-11
   9.0000000e+08   9.2788971e-12
   9.0000000e+08   1.0554090e-11
   9.0000000e+08   1.2168740e-11
   9.0000000e+08   3.7660055e-12
   9.0000000e+08   1.0734733e-11
   9.0000000e+08   8.6741016e-12
   9.0000000e+08   2.5536261e-12
   9.0000000e+08   7.8698846e-12
   9.0000000e+08   1.2019231e-11
   9.0000000e+08   1.0799136e-11
   9.0000000e+08   1.9950125e-11
   9.0000000e+08   1.0040161e-11
   9.0000000e+08   3.8580247e-12
   9.0000000e+08   1.6434893e-11
   9.0000000e+08   2.6952488e-11
   9.0000000e+08   2.1557034e-11
   9.0000000e+08   3.9072039e-11
   9.0000000e+08   8.6323838e-12
   9.0000000e+08   2.0158750e-11
   9.0000000e+08   2.2088600e-11
   9.0000000e+08   2.8033890e-11
   9.0000000e+08   1.5826637e-11
   9.0000000e+08   2.5399579e-11
   9.0000000e+08   2.6734643e-11
   9.0000000e+08   5.0587060e-11
   9.0000000e+08   2.7936354e-11
   9.0000000e+08   2.2836687e-11
   9.0000000e+08   2.0514733e-11
   9.0000000e+08   9.5993856e-12
   9.0000000e+08   2.6778883e-11
   9.0000000e+08   1.6957669e-11
   9.0000000e+08   2.2363465e-11
   9.0000000e+08   2.1632700e-11
   9.0000000e+08   1.2402551e-11
   9.0000000e+08   2.2693817e-11
   9.0000000e+08   2.9980421e-11
   9.0000000e+08   2.4372410e-11
   9.0000000e+08   1.6292542e-11
   9.0000000e+08   1.5943095e-11
   9.0000000e+08   6.6105769e-12
   9.0000000e+08   7.1951073e-12
   9.0000000e+08   2.6315789e-11
   9.0000000e+08   1.6081148e-11
   9.0000000e+08   1.5696692e-11
   9.0000000e+08   2.0643594e-11
   9.0000000e+08   2.0568663e-11
   9.0000000e+08   1.7966223e-11
   9.0000000e+08   1.6366612e-11
   9.0000000e+08   2.3112481e-11
   9.0000000e+08   2.4439676e-11
   9.0000000e+08   1.3769157e-11
   9.0000000e+08   5.6586691e-12
   9.0000000e+08   1.1135857e-11
   9.0000000e+08   2.2784233e-11
   9.0000000e+08   4.6253469e-12
   9.0000000e+08   1.6032982e-11
   9.0000000e+08   2.0925366e-11
   9.0000000e+08   2.1087680e-11
   9.0000000e+08   1.0448108e-11
   9.0000000e+08   1.5869417e-11
   9.0000000e+08   2.3153508e-11
   9.0000000e+08   8.9027376e-12
   9.0000000e+08   1.3051990e-11
   9.0000000e+08   9.9250110e-12
   9.0000000e+08   2.0434502e-11
   9.0000000e+08   1.3726836e-11
   9.0000000e+08   9.4540298e-12
   9.0000000e+08   1.1723329e-11
   9.0000000e+08   5.3430220e-11
   9.0000000e+08   2.0964361e-11
   9.0000000e+08   2.5252525e-11
   9.0000000e+08   2.8162912e-11
   9.0000000e+08   1.9384019e-11
   9.0000000e+08   1.6364827e-11
   9.0000000e+08   2.3701788e-11
   9.0000000e+08   5.7195150e-12
   9.0000000e+08   8.7336245e-12
   9.0000000e+08   6.6800267e-12
   9.0000000e+08   2.8613819e-11
   9.0000000e+08   8.4979817e-12
   9.0000000e+08   1.4733740e-11
   9.0000000e+08   1.3678451e-11
   9.0000000e+08   1.6750419e-11
   9.0000000e+08   2.1662884e-11
   9.0000000e+08   1.7361111e-11
   9.0000000e+08   2.5662960e-11
   9.0000000e+08   2.1621622e-11
   9.0000000e+08   2.0238602e-11
