   1.2517900e+07   2.4075224e-09
   7.4034500e+06   3.2186251e-09
   1.2545350e+07   1.2750076e-09
   7.5377500e+06   3.4715853e-09
   3.0291000e+06   3.6363930e-09
   3.1567500e+06   5.6684948e-10
   3.0000000e+06   1.7553318e-09
   3.0000000e+06   1.9460642e-09
   7.5097000e+06   3.7977372e-09
   2.9961000e+06   5.9249901e-09
   7.4267000e+06   1.7845765e-09
   7.5305000e+06   4.1533796e-09
   1.7489300e+07   7.2961831e-10
   1.2482150e+07   1.2222966e-09
   1.7542550e+07   8.0289365e-10
   1.2573300e+07   1.9096599e-09
   7.5621000e+06   1.0369622e-09
   7.6720000e+06   2.6895138e-10
   7.5000000e+06   6.4360354e-10
   7.5000000e+06   1.4344892e-09
   1.2490250e+07   4.5581193e-09
   7.4708000e+06   4.6143343e-09
   1.2392350e+07   1.5190943e-09
   1.2530650e+07   2.1758373e-09
   2.2496450e+07   1.1412954e-09
   1.7560800e+07   1.8773843e-09
   2.2538300e+07   4.6933946e-10
   1.7506400e+07   1.2262137e-09
   1.2632350e+07   2.0986375e-09
   1.2776600e+07   2.4693114e-09
   1.2500000e+07   1.0692318e-10
   1.2500000e+07   1.0955891e-10
   1.7431900e+07   2.3268672e-09
   1.2412450e+07   2.9420689e-09
   1.7475750e+07   9.7431812e-10
   1.9979900e+07   1.2252411e-09
   2.7539350e+07   5.4807196e-10
   2.2532150e+07   3.9975667e-10
   2.7533500e+07   4.6824169e-10
   2.2503750e+07   1.0216626e-09
   1.7700850e+07   7.1176029e-10
   1.7500000e+07   7.4806231e-10
   1.7500000e+07   4.3799572e-10
   2.2412450e+07   2.5550631e-09
   1.7393000e+07   2.4812723e-09
   2.2482550e+07   8.4780787e-10
   2.7430950e+07   9.8160764e-10
   3.2582250e+07   5.3886247e-10
   2.7467800e+07   7.7515287e-10
   3.2495550e+07   3.3998006e-10
   2.7467250e+07   6.5421425e-10
   2.2685800e+07   9.4918105e-11
   2.2608150e+07   3.2248512e-10
   2.2500000e+07   3.1940346e-10
   2.2500000e+07   5.4629827e-10
   2.7431900e+07   2.2364820e-09
   2.2412450e+07   1.1650720e-09
   2.7412250e+07   6.3622123e-10
   3.2437850e+07   8.1220715e-10
   3.7589400e+07   3.8708002e-10
   3.2474950e+07   9.9278935e-10
   3.7490050e+07   2.6593699e-10
   3.2462900e+07   6.0316891e-10
   2.7705300e+07   4.3863249e-10
   2.7627900e+07   2.5766148e-10
   2.7500000e+07   6.3778837e-10
   2.7500000e+07   4.3584810e-10
   3.2451350e+07   8.3616362e-10
   2.7393000e+07   9.9383069e-10
   3.2420350e+07   3.6518806e-10
   3.7445550e+07   4.4380406e-10
   4.2596550e+07   2.1454918e-10
   3.7482100e+07   1.6464381e-10
   4.2517100e+07   1.3777874e-10
   3.7523400e+07   1.4604524e-10
   3.2726050e+07   3.2104308e-10
   3.2682750e+07   1.3814546e-10
   3.2500000e+07   3.1788048e-10
   3.2500000e+07   3.2617526e-10
   3.7470800e+07   1.5517925e-09
   3.2373550e+07   1.6437228e-09
   3.7389850e+07   4.9796744e-10
   4.2415050e+07   4.4283565e-10
   4.2525050e+07   5.7322302e-10
   3.7410600e+07   1.5994047e-10
   4.2516400e+07   5.3095041e-10
   3.7489600e+07   6.9288041e-10
   3.7500000e+07   2.1158403e-10
   3.7500000e+07   4.3419223e-10
   4.2490250e+07   5.8039008e-10
   3.7354100e+07   2.5028250e-10
   4.7346050e+07   2.1980715e-10
   3.7410600e+07   3.8154899e-10
   3.2439200e+07   1.1467728e-09
   3.7521500e+07   2.6951810e-10
   3.2461000e+07   6.1840980e-10
   4.2678500e+07   4.8081195e-11
   4.2500000e+07   1.0568021e-10
   4.7470800e+07   1.1506277e-09
   4.2412450e+07   3.2122731e-10
   4.7370100e+07   2.8442786e-10
   4.7385700e+07   7.6625248e-10
   3.2439200e+07   7.7564190e-10
   2.7467800e+07   6.4382389e-10
   3.2428150e+07   4.4979523e-10
   2.7465350e+07   6.3672492e-10
   4.7634800e+07   6.1027445e-10
   4.7662650e+07   6.2023185e-10
   4.7500000e+07   4.2250516e-10
   4.7500000e+07   2.1662583e-10
   4.7470800e+07   1.1440713e-09
   4.7470800e+07   1.2209045e-09
   4.2361900e+07   6.4227448e-10
   4.2494850e+07   7.4476929e-10
   2.7432050e+07   7.5668775e-10
   2.2424900e+07   9.5491202e-10
   2.7334300e+07   5.3432788e-10
   2.2501700e+07   1.1149510e-09
   4.7664950e+07   2.2358783e-10
   4.7500000e+07   3.1621275e-10
   4.2412450e+07   3.2369976e-10
   4.7470800e+07   3.2850331e-10
   3.7354300e+07   6.5456335e-10
   3.7448550e+07   6.5114673e-10
   2.2460650e+07   9.0642183e-10
   1.7417750e+07   1.4808693e-09
   2.2403850e+07   9.5734743e-10
   1.7470500e+07   1.6560155e-09
   4.2585300e+07   2.7063041e-10
   4.2681800e+07   2.6778411e-10
   4.2500000e+07   1.0556865e-10
   3.7393000e+07   1.7306961e-10
   4.2451350e+07   6.4149591e-10
   3.2385500e+07   6.5669111e-10
   3.2441300e+07   9.1648116e-10
   1.7489250e+07   2.2889124e-09
   1.2410600e+07   2.7863803e-09
   1.7538250e+07   1.0300109e-09
   1.2470250e+07   2.2825449e-09
   3.7565300e+07   3.5482807e-10
   3.7500000e+07   2.1124880e-10
   3.2412450e+07   4.9070098e-10
   3.7431900e+07   9.7691762e-10
   2.7379100e+07   1.3801274e-09
   2.7512650e+07   1.2878458e-09
   1.2446350e+07   8.3890772e-10
   7.4392000e+06   3.2963324e-09
   1.2505650e+07   2.3808267e-09
   7.4670500e+06   3.3670883e-09
   3.2580650e+07   4.1097590e-10
   3.2500000e+07   3.1720825e-10
   2.7354100e+07   1.7855119e-09
   3.2451350e+07   1.3067063e-09
   2.2450950e+07   1.0712480e-09
   2.2546250e+07   1.6036824e-09
   2.9327500e+06   4.7675140e-09
   2.7597500e+07   9.2134701e-11
   2.7632500e+07   3.5057099e-10
   2.7500000e+07   3.1771216e-10
   2.2373550e+07   1.7523383e-10
   2.7470800e+07   1.1516823e-09
   1.7523150e+07   1.6192727e-09
   1.7542200e+07   2.0495319e-09
   2.2615600e+07   1.8545245e-10
   2.2577400e+07   9.0838369e-11
   2.2500000e+07   5.3036278e-10
   1.7470850e+07   2.9556344e-09
   2.2412450e+07   6.4490675e-10
   1.2442250e+07   2.4174318e-09
   1.2539900e+07   2.8091006e-09
   1.7633250e+07   1.8043950e-10
   1.7631350e+07   2.3087963e-10
   1.7500000e+07   2.1270918e-10
   1.2490300e+07   3.3212841e-09
   1.7393000e+07   2.6895028e-09
   7.4392500e+06   1.8620270e-09
   7.6170500e+06   3.3792683e-09
   1.2540600e+07   5.2581630e-10
   1.2638850e+07   1.8404956e-09
   1.2500000e+07   4.2587128e-10
   7.4708000e+06   4.6289480e-09
   1.2412450e+07   3.1359172e-09
   7.4370000e+06   2.0751294e-09
   7.5736500e+06   3.1570496e-10
   7.5000000e+06   3.2008504e-10
   7.3541000e+06   3.6047320e-09
   2.8141000e+06   5.9143162e-09
   3.0000000e+06   2.4044860e-09
   2.8794000e+06   2.9984948e-09
