   2.5000000e+06   5.4545455e-08
   2.5000000e+06   1.9245283e-08
   2.5000000e+06   2.0689655e-08
   2.5000000e+06   2.8099174e-08
   2.5000000e+06   3.6842105e-08
   2.5000000e+06   4.7445255e-09
   2.5000000e+06   1.6428571e-08
   2.5000000e+06   4.6666667e-09
   2.5000000e+06   5.1111111e-08
   2.5000000e+06   1.8245614e-08
   2.5000000e+06   2.2758621e-08
   2.5000000e+06   2.2758621e-08
   2.5000000e+06   3.6000000e-08
   2.5000000e+06   6.2500000e-09
   2.5000000e+06   2.7027027e-09
   2.5000000e+06   1.6216216e-09
   2.5000000e+06   1.4615385e-08
   2.5000000e+06   4.4052863e-09
   2.5000000e+06   2.7777778e-08
   2.5000000e+06   3.0136986e-08
   2.5000000e+06   7.1556351e-10
   2.5000000e+06   3.5587189e-10
   2.5000000e+06   6.6889632e-10
   2.5000000e+06   6.7114094e-10
   7.5000000e+06   4.0476190e-08
   7.5000000e+06   7.2289157e-09
   7.5000000e+06   1.7968750e-08
   7.5000000e+06   1.7391304e-08
   7.5000000e+06   2.1333333e-08
   7.5000000e+06   3.2085561e-09
   7.5000000e+06   2.6402640e-09
   7.5000000e+06   1.9543974e-09
   7.5000000e+06   9.2035398e-09
   7.5000000e+06   6.1919505e-09
   7.5000000e+06   6.1919505e-09
   7.5000000e+06   1.6949153e-08
   7.5000000e+06   3.9393939e-09
   7.5000000e+06   4.8000000e-09
   7.5000000e+06   5.3619303e-09
   7.5000000e+06   1.7921147e-08
   7.5000000e+06   1.7241379e-09
   7.5000000e+06   1.3414634e-08
   7.5000000e+06   9.5238095e-09
   7.5000000e+06   3.5650624e-10
   7.5000000e+06   3.5523979e-10
   7.5000000e+06   6.6666667e-10
   7.5000000e+06   1.3377926e-09
   1.5000000e+07   1.2673267e-08
   1.5000000e+07   1.9933555e-09
   1.5000000e+07   1.1827957e-08
   1.5000000e+07   5.3333333e-09
   1.5000000e+07   6.6265060e-09
   1.5000000e+07   1.2280702e-09
   1.5000000e+07   3.2573290e-09
   1.5000000e+07   1.6129032e-09
   1.5000000e+07   4.3993232e-09
   1.5000000e+07   1.9292605e-09
   1.5000000e+07   2.7027027e-09
   1.5000000e+07   2.7027027e-09
   1.5000000e+07   4.5312500e-09
   1.5000000e+07   1.1887073e-09
   1.5000000e+07   3.3854167e-09
   1.5000000e+07   2.6109661e-09
   1.5000000e+07   1.0197368e-08
   1.5000000e+07   1.7094017e-09
   1.5000000e+07   9.7142857e-09
   1.5000000e+07   1.0227273e-08
   1.5000000e+07   1.7793594e-10
   1.5000000e+07   5.3191489e-10
   1.5000000e+07   6.6445183e-10
   1.5000000e+07   9.9667774e-10
   3.0000000e+07   2.7240773e-09
   3.0000000e+07   1.0586319e-09
   3.0000000e+07   5.1282051e-09
   3.0000000e+07   2.5316456e-09
   3.0000000e+07   2.2598870e-09
   3.0000000e+07   1.1265165e-09
   3.0000000e+07   1.7350158e-09
   3.0000000e+07   1.2698413e-09
   3.0000000e+07   1.3776337e-09
   3.0000000e+07   3.1545741e-10
   3.0000000e+07   1.3157895e-09
   3.0000000e+07   1.3157895e-09
   3.0000000e+07   1.3452915e-09
   3.0000000e+07   5.8737151e-10
   3.0000000e+07   1.1335013e-09
   3.0000000e+07   1.7811705e-09
   3.0000000e+07   6.2686567e-09
   3.0000000e+07   6.3025210e-10
   3.0000000e+07   5.7291667e-09
   3.0000000e+07   5.1546392e-09
   3.0000000e+07   8.8809947e-11
   3.0000000e+07   2.6455026e-10
   3.0000000e+07   3.3003300e-10
   3.0000000e+07   3.2894737e-10
   5.5000000e+07   1.6666667e-09
   5.5000000e+07   9.0377459e-10
   5.5000000e+07   1.5503876e-09
   5.5000000e+07   1.6064257e-09
   5.5000000e+07   1.0810811e-09
   5.5000000e+07   6.2146893e-10
   5.5000000e+07   7.1138211e-10
   5.5000000e+07   8.2559340e-10
   5.5000000e+07   4.7318612e-10
   5.5000000e+07   3.6572623e-10
   5.5000000e+07   4.7483381e-10
   5.5000000e+07   4.7483381e-10
   5.5000000e+07   2.4260068e-10
   5.5000000e+07   3.3865506e-10
   5.5000000e+07   3.2840722e-10
   5.5000000e+07   6.5520066e-10
   5.5000000e+07   2.9177719e-09
   5.5000000e+07   2.7662517e-10
   5.5000000e+07   2.8037383e-09
   5.5000000e+07   2.1806854e-09
   5.5000000e+07   1.1820331e-10
   5.5000000e+07   1.7543860e-10
   5.5000000e+07   3.2786885e-10
   5.5000000e+07   2.1786492e-10
   8.5000000e+07   8.4656085e-10
   8.5000000e+07   2.0703934e-10
   8.5000000e+07   5.5555556e-10
   8.5000000e+07   1.1494253e-09
   8.5000000e+07   6.9808028e-10
   8.5000000e+07   2.7731559e-10
   8.5000000e+07   4.9751244e-10
   8.5000000e+07   4.0281974e-10
   8.5000000e+07   1.0368066e-10
   8.5000000e+07   3.1007752e-10
   8.5000000e+07   1.8726592e-10
   8.5000000e+07   1.8726592e-10
   8.5000000e+07   9.6339114e-11
   8.5000000e+07   1.4367816e-10
   8.5000000e+07   1.6260163e-10
   8.5000000e+07   3.2128514e-10
   8.5000000e+07   2.2764228e-09
   8.5000000e+07   2.7434842e-10
   8.5000000e+07   2.1551724e-09
   8.5000000e+07   1.7543860e-09
   8.5000000e+07   1.1778563e-10
   8.5000000e+07   1.1634671e-10
   8.5000000e+07   1.0822511e-10
   8.5000000e+07   1.0822511e-10
   1.5000000e+08   1.3931889e-10
   1.5000000e+08   9.2592593e-11
   1.5000000e+08   1.9125683e-10
   1.5000000e+08   2.5000000e-10
   1.5000000e+08   3.5897436e-10
   1.5000000e+08   1.1551155e-10
   1.5000000e+08   2.3529412e-10
   1.5000000e+08   2.6865672e-10
   1.5000000e+08   8.6455331e-11
   1.5000000e+08   8.5836910e-11
   1.5000000e+08   9.7087379e-11
   1.5000000e+08   1.6706444e-10
   1.5000000e+08   1.0273973e-09
   1.5000000e+08   1.2244898e-10
   1.5000000e+08   8.5020243e-10
   1.5000000e+08   8.7500000e-10
   1.5000000e+08   7.0422535e-11
   1.5000000e+08   5.2173913e-11
   1.5000000e+08   3.2362460e-11
   1.5000000e+08   3.2362460e-11
   2.5000000e+08   4.5801527e-11
   2.5000000e+08   6.1162080e-11
   2.5000000e+08   8.0428954e-11
   2.5000000e+08   1.0840108e-10
   2.5000000e+08   1.1551155e-10
   2.5000000e+08   6.5252855e-11
   2.5000000e+08   1.1494253e-10
   2.5000000e+08   8.7209302e-11
   2.5000000e+08   4.2857143e-11
   2.5000000e+08   5.6737589e-11
   2.5000000e+08   7.2115385e-11
   2.5000000e+08   7.0422535e-11
   2.5000000e+08   5.2447552e-11
   2.5000000e+08   3.4602076e-11
   2.5000000e+08   6.4516129e-11
   2.5000000e+08   3.2258065e-11
