   5.0000000e+06   1.9120879e-08
   5.0000000e+06   2.4246179e-08
   5.0000000e+06   3.9313400e-09
   5.0000000e+06   9.4280327e-09
   5.0000000e+06   1.6240964e-08
   5.0000000e+06   1.2285927e-08
   5.0000000e+06   8.0965233e-10
   5.0000000e+06   2.0796197e-10
   5.0000000e+06   4.7385879e-11
   5.0000000e+06   3.2310178e-10
   5.0000000e+06   2.4060150e-10
   5.0000000e+06   7.7873255e-10
   5.0000000e+06   2.7229408e-10
   2.5000000e+07   6.4960025e-09
   2.5000000e+07   3.0917553e-09
   2.5000000e+07   1.0359320e-09
   2.5000000e+07   3.0729466e-09
   2.5000000e+07   3.8626313e-09
   2.5000000e+07   2.5972591e-09
   2.5000000e+07   4.9868766e-10
   2.5000000e+07   4.9411997e-11
   2.5000000e+07   5.2626039e-11
   2.5000000e+07   2.1470746e-11
   2.5000000e+07   2.7002700e-10
   2.5000000e+07   9.7699618e-11
   2.5000000e+07   1.0749038e-10
   5.5000000e+07   2.2067812e-09
   5.5000000e+07   1.6225535e-09
   5.5000000e+07   5.5689517e-10
   5.5000000e+07   7.2749584e-10
   5.5000000e+07   1.1517741e-09
   5.5000000e+07   8.3051369e-10
   5.5000000e+07   1.8101888e-10
   5.5000000e+07   2.9603316e-11
   5.5000000e+07   4.7288777e-11
   5.5000000e+07   5.3642313e-11
   5.5000000e+07   1.7857143e-10
   5.5000000e+07   8.8558271e-11
   5.5000000e+07   5.6392037e-11
   8.5000000e+07   1.5085687e-09
   8.5000000e+07   8.5098153e-10
   8.5000000e+07   3.1622339e-10
   8.5000000e+07   2.9164522e-10
   8.5000000e+07   8.2001556e-10
   8.5000000e+07   5.0020008e-10
   8.5000000e+07   8.2304527e-11
   8.5000000e+07   2.9577048e-11
   8.5000000e+07   4.7221785e-11
   8.5000000e+07   5.3556127e-11
   8.5000000e+07   1.3321492e-10
   8.5000000e+07   6.1826532e-11
   8.5000000e+07   3.3778078e-11
   1.5000000e+08   4.4163492e-10
   1.5000000e+08   2.9702970e-10
   1.5000000e+08   9.2297365e-11
   1.5000000e+08   1.0204082e-10
   1.5000000e+08   2.1205748e-10
   1.5000000e+08   2.7794205e-10
   1.5000000e+08   5.0800493e-11
   1.5000000e+08   1.1820331e-11
   1.5000000e+08   4.5583150e-11
   1.5000000e+08   4.4914982e-11
   1.5000000e+08   7.5187970e-11
   1.5000000e+08   3.7027241e-11
   1.5000000e+08   2.5307913e-11
   2.5000000e+08   1.8079283e-10
   2.5000000e+08   1.7857143e-10
   2.5000000e+08   9.4778849e-11
   2.5000000e+08   4.2929293e-11
   2.5000000e+08   2.1795092e-10
   2.5000000e+08   1.5822785e-10
   2.5000000e+08   5.0543728e-11
   2.5000000e+08   2.9515939e-12
   2.5000000e+08   3.5988108e-11
   2.5000000e+08   3.8326413e-11
   2.5000000e+08   7.6090138e-11
   2.5000000e+08   2.9512516e-10
   2.5000000e+08   2.5244026e-11
   4.0000000e+08   7.9015966e-11
   4.0000000e+08   3.7786775e-11
   4.0000000e+08   5.1062428e-11
   4.0000000e+08   1.2572291e-11
   4.0000000e+08   9.2374874e-11
   4.0000000e+08   4.9561031e-11
   4.0000000e+08   2.5906736e-11
   4.0000000e+08   1.8709074e-11
   4.0000000e+08   3.9770920e-11
   4.0000000e+08   2.6139994e-11
   4.0000000e+08   2.2662414e-11
   7.5000000e+08   4.2662390e-11
   7.5000000e+08   1.3394053e-11
   7.5000000e+08   3.3588782e-11
   7.5000000e+08   3.5114121e-12
   7.5000000e+08   4.7493404e-11
   7.5000000e+08   1.5143017e-11
   7.5000000e+08   9.0964221e-13
   7.5000000e+08   1.4600808e-11
   7.5000000e+08   3.4090909e-11
   7.5000000e+08   2.7737648e-11
   7.5000000e+08   1.0462987e-11
   7.5000000e+08   7.6871658e-12
