   3.5000000e+07   1.5723270e-09
   3.5000000e+07   1.3333333e-09
   3.5000000e+07   8.3905416e-10
   3.5000000e+07   1.2176560e-09
   3.5000000e+07   8.9485459e-10
   3.5000000e+07   8.1120944e-10
   3.5000000e+07   8.3144369e-10
   3.5000000e+07   9.4821298e-10
   3.5000000e+07   7.9193665e-10
   3.5000000e+07   6.5075922e-10
   3.5000000e+07   8.4291188e-10
   3.5000000e+07   8.8888889e-10
   3.5000000e+07   9.7799511e-10
   3.5000000e+07   9.4562648e-10
   3.5000000e+07   1.6583748e-09
   3.5000000e+07   6.2597809e-10
   3.5000000e+07   1.2594458e-09
   3.5000000e+07   9.3537415e-10
   3.5000000e+07   1.8617021e-09
   3.5000000e+07   2.7681661e-09
   3.5000000e+07   6.1565523e-10
   3.5000000e+07   1.1142061e-09
   3.5000000e+07   1.4271152e-09
   3.5000000e+07   1.1737089e-10
   3.5000000e+07   1.0958904e-09
   6.5000000e+07   8.2582583e-10
   6.5000000e+07   8.2956259e-10
   6.5000000e+07   5.9523810e-10
   6.5000000e+07   7.3421439e-10
   6.5000000e+07   5.8097313e-10
   6.5000000e+07   5.7595392e-10
   6.5000000e+07   5.8997050e-10
   6.5000000e+07   4.9645390e-10
   6.5000000e+07   4.2194093e-10
   6.5000000e+07   4.9645390e-10
   6.5000000e+07   6.7264574e-10
   6.5000000e+07   5.7720058e-10
   6.5000000e+07   6.3341251e-10
   6.5000000e+07   6.1302682e-10
   6.5000000e+07   7.1090047e-10
   6.5000000e+07   3.8402458e-10
   6.5000000e+07   7.2815534e-10
   6.5000000e+07   4.9627792e-10
   6.5000000e+07   1.0075567e-09
   6.5000000e+07   1.4909478e-09
   6.5000000e+07   4.3177893e-10
   6.5000000e+07   5.3908356e-10
   6.5000000e+07   7.8201369e-10
   6.5000000e+07   1.1695906e-10
   6.5000000e+07   5.3050398e-10
   9.0000000e+07   4.3956044e-10
   9.0000000e+07   6.6225166e-10
   9.0000000e+07   3.2894737e-10
   9.0000000e+07   3.2327586e-10
   9.0000000e+07   4.2826552e-10
   9.0000000e+07   3.1847134e-10
   9.0000000e+07   4.3478261e-10
   9.0000000e+07   2.0964361e-10
   9.0000000e+07   2.0833333e-10
   9.0000000e+07   3.1446541e-10
   9.0000000e+07   5.4945055e-10
   9.0000000e+07   3.1914894e-10
   9.0000000e+07   3.4965035e-10
   9.0000000e+07   3.3860045e-10
   9.0000000e+07   4.6403712e-10
   9.0000000e+07   2.2779043e-10
   9.0000000e+07   3.5629454e-10
   9.0000000e+07   3.6674817e-10
   9.0000000e+07   6.1124694e-10
   9.0000000e+07   9.1743119e-10
   9.0000000e+07   3.8363171e-10
   9.0000000e+07   3.9787798e-10
   9.0000000e+07   4.2979943e-10
   9.0000000e+07   1.7482517e-10
   9.0000000e+07   2.6109661e-10
   1.2500000e+08   2.1786492e-10
   1.2500000e+08   3.0501089e-10
   1.2500000e+08   2.1786492e-10
   1.2500000e+08   2.1413276e-10
   1.2500000e+08   1.6985138e-10
   1.2500000e+08   1.6877637e-10
   1.2500000e+08   2.1551724e-10
   1.2500000e+08   1.2526096e-10
   1.2500000e+08   1.6597510e-10
   1.2500000e+08   1.2500000e-10
   1.2500000e+08   3.4782609e-10
   1.2500000e+08   2.1141649e-10
   1.2500000e+08   2.3148148e-10
   1.2500000e+08   1.7937220e-10
   1.2500000e+08   2.2988506e-10
   1.2500000e+08   1.8140590e-10
   1.2500000e+08   1.4150943e-10
   1.2500000e+08   9.7087379e-11
   1.2500000e+08   2.8985507e-10
   1.2500000e+08   6.0060060e-10
   1.2500000e+08   1.5228426e-10
   1.2500000e+08   2.1052632e-10
   1.2500000e+08   2.2727273e-10
   1.2500000e+08   6.9686411e-11
   1.2500000e+08   1.5584416e-10
   1.7500000e+08   1.2931034e-10
   1.7500000e+08   2.1459227e-10
   1.7500000e+08   8.6206897e-11
   1.7500000e+08   1.2711864e-10
   1.7500000e+08   1.2631579e-10
   1.7500000e+08   8.3682008e-11
   1.7500000e+08   8.5287846e-11
   1.7500000e+08   8.2987552e-11
   1.7500000e+08   1.2345679e-10
   1.7500000e+08   8.2815735e-11
   1.7500000e+08   1.7094017e-10
   1.7500000e+08   8.3682008e-11
   1.7500000e+08   1.3729977e-10
   1.7500000e+08   8.8888889e-11
   1.7500000e+08   9.0909091e-11
   1.7500000e+08   4.4943820e-11
   1.7500000e+08   1.4051522e-10
   1.7500000e+08   9.6618357e-11
   1.7500000e+08   1.9047619e-10
   1.7500000e+08   2.9154519e-10
   1.7500000e+08   5.0377834e-11
   1.7500000e+08   5.2083333e-11
   1.7500000e+08   1.1235955e-10
   1.7500000e+08   1.0309278e-10
   2.2500000e+08   4.2826552e-11
   2.2500000e+08   8.4925690e-11
   2.2500000e+08   8.5836910e-11
   2.2500000e+08   8.4210526e-11
   2.2500000e+08   4.1841004e-11
   2.2500000e+08   8.3333333e-11
   2.2500000e+08   8.4925690e-11
   2.2500000e+08   4.1322314e-11
   2.2500000e+08   8.1799591e-11
   2.2500000e+08   4.1237113e-11
   2.2500000e+08   1.2711864e-10
   2.2500000e+08   8.3333333e-11
   2.2500000e+08   1.3636364e-10
   2.2500000e+08   4.4247788e-11
   2.2500000e+08   9.0497738e-11
   2.2500000e+08   8.9686099e-11
   2.2500000e+08   4.6511628e-11
   2.2500000e+08   4.8076923e-11
   2.2500000e+08   1.4150943e-10
   2.2500000e+08   2.2988506e-10
   2.2500000e+08   5.0251256e-11
   2.2500000e+08   5.1948052e-11
   2.2500000e+08   5.5865922e-11
   2.2500000e+08   6.9444444e-11
   2.2500000e+08   5.1282051e-11
   2.7500000e+08   8.5470085e-11
   2.7500000e+08   4.2283298e-11
   2.7500000e+08   8.5470085e-11
   2.7500000e+08   4.1928721e-11
   2.7500000e+08   4.1753653e-11
   2.7500000e+08   4.1493776e-11
   2.7500000e+08   8.4566596e-11
   2.7500000e+08   4.1237113e-11
   2.7500000e+08   4.0733198e-11
   2.7500000e+08   8.2304527e-11
   2.7500000e+08   8.4210526e-11
   2.7500000e+08   8.2987552e-11
   2.7500000e+08   9.0293454e-11
   2.7500000e+08   4.4150110e-11
   2.7500000e+08   4.5045045e-11
   2.7500000e+08   4.4642857e-11
   2.7500000e+08   9.2807425e-11
   2.7500000e+08   4.7961631e-11
   2.7500000e+08   9.3676815e-11
   2.7500000e+08   1.7045455e-10
   2.7500000e+08   5.0125313e-11
   2.7500000e+08   5.1813472e-11
   2.7500000e+08   1.1142061e-10
   2.7500000e+08   5.1150895e-11
   3.5000000e+08   4.2553191e-11
   3.5000000e+08   6.3291139e-11
   3.5000000e+08   4.2553191e-11
   3.5000000e+08   6.2761506e-11
   3.5000000e+08   6.2500000e-11
   3.5000000e+08   4.1407867e-11
   3.5000000e+08   4.2105263e-11
   3.5000000e+08   4.1152263e-11
   3.5000000e+08   4.0650407e-11
   3.5000000e+08   2.0491803e-11
   3.5000000e+08   6.2893082e-11
   3.5000000e+08   4.1322314e-11
   3.5000000e+08   6.7415730e-11
   3.5000000e+08   4.4052863e-11
   3.5000000e+08   2.2471910e-11
   3.5000000e+08   4.4543430e-11
   3.5000000e+08   4.6189376e-11
   3.5000000e+08   4.7846890e-11
   3.5000000e+08   9.3240093e-11
   3.5000000e+08   1.1267606e-10
   3.5000000e+08   5.0000000e-11
   3.5000000e+08   5.1679587e-11
   3.5000000e+08   5.5401662e-11
   3.5000000e+08   3.4602076e-11
   3.5000000e+08   5.1020408e-11
   4.5000000e+08   4.2372881e-11
   4.5000000e+08   2.0964361e-11
   4.5000000e+08   4.2372881e-11
   4.5000000e+08   4.1580042e-11
   4.5000000e+08   2.0703934e-11
   4.5000000e+08   4.1237113e-11
   4.5000000e+08   4.1928721e-11
   4.5000000e+08   2.0491803e-11
   4.5000000e+08   2.0242915e-11
   4.5000000e+08   2.0449898e-11
   4.5000000e+08   6.2500000e-11
   4.5000000e+08   4.1152263e-11
   4.5000000e+08   4.4642857e-11
   4.5000000e+08   2.1929825e-11
   4.5000000e+08   4.4843049e-11
   4.5000000e+08   4.4345898e-11
   4.5000000e+08   4.5977011e-11
   4.5000000e+08   2.3809524e-11
   4.5000000e+08   6.9284065e-11
   4.5000000e+08   8.3565460e-11
   4.5000000e+08   2.4875622e-11
   4.5000000e+08   2.5706941e-11
   4.5000000e+08   2.7548209e-11
   4.5000000e+08   2.5380711e-11
   5.5000000e+08   4.2194093e-11
   5.5000000e+08   2.0920502e-11
   5.5000000e+08   2.1097046e-11
   5.5000000e+08   2.0703934e-11
   5.5000000e+08   2.0661157e-11
   5.5000000e+08   2.0533881e-11
   5.5000000e+08   2.0876827e-11
   5.5000000e+08   2.0449898e-11
   5.5000000e+08   2.0202020e-11
   5.5000000e+08   4.0816327e-11
   5.5000000e+08   2.0703934e-11
   5.5000000e+08   2.0491803e-11
   5.5000000e+08   4.4444444e-11
   5.5000000e+08   2.1881838e-11
   5.5000000e+08   2.2321429e-11
   5.5000000e+08   2.2075055e-11
   5.5000000e+08   4.5766590e-11
   5.5000000e+08   4.7505938e-11
   5.5000000e+08   4.5871560e-11
   5.5000000e+08   5.5248619e-11
   5.5000000e+08   2.4813896e-11
   5.5000000e+08   2.5641026e-11
   5.5000000e+08   2.7472527e-11
   5.5000000e+08   3.4482759e-11
   5.5000000e+08   2.5316456e-11
