   2.5000000e+06   4.4388341e-09
   2.5000000e+06   5.4144140e-09
   2.5000000e+06   6.2414873e-09
   2.5000000e+06   4.5337209e-09
   2.5000000e+06   8.6839028e-09
   2.5000000e+06   5.3386631e-09
   2.5000000e+06   4.9374557e-09
   2.5000000e+06   5.6850988e-09
   2.5000000e+06   1.4615672e-08
   2.5000000e+06   8.0487691e-09
   2.5000000e+06   1.6742642e-08
   2.5000000e+06   1.5168609e-08
   2.5000000e+06   9.6923077e-09
   2.5000000e+06   4.1151378e-09
   2.5000000e+06   4.7770587e-09
   2.5000000e+06   2.9652809e-09
   2.5000000e+06   7.6856919e-09
   2.5000000e+06   6.5521530e-09
   2.5000000e+06   1.1471360e-08
   2.5000000e+06   3.5933661e-09
   2.5000000e+06   8.3118141e-09
   2.5000000e+06   1.1620400e-08
   2.5000000e+06   7.1329319e-09
   2.5000000e+06   6.2840452e-09
   1.0000000e+07   4.2840784e-09
   1.0000000e+07   2.0204219e-09
   1.0000000e+07   5.2068127e-09
   1.0000000e+07   2.4987273e-09
   1.0000000e+07   9.4257396e-09
   1.0000000e+07   3.8436581e-09
   1.0000000e+07   4.8138935e-09
   1.0000000e+07   2.9928741e-09
   1.0000000e+07   6.3627778e-09
   1.0000000e+07   4.2840784e-09
   1.0000000e+07   7.5273284e-09
   1.0000000e+07   2.9947797e-09
   1.0000000e+07   4.0072669e-09
   1.0000000e+07   2.3427347e-09
   1.0000000e+07   3.2687271e-09
   1.0000000e+07   2.1033698e-09
   1.0000000e+07   6.3885856e-09
   1.0000000e+07   4.2257761e-09
   1.0000000e+07   6.1509820e-09
   1.0000000e+07   3.6657113e-09
   1.0000000e+07   6.5739521e-09
   1.0000000e+07   4.1488713e-09
   1.0000000e+07   1.0919797e-09
   1.0000000e+07   1.9249904e-09
   7.5000000e+06   5.4955527e-09
   7.5000000e+06   5.7260293e-09
   7.5000000e+06   8.7030411e-09
   7.5000000e+06   7.0928565e-09
   7.5000000e+06   1.5914605e-09
   7.5000000e+06   1.3721414e-08
   7.5000000e+06   9.6526778e-09
   7.5000000e+06   1.0667016e-08
   7.5000000e+06   1.3610799e-08
   7.5000000e+06   7.5190612e-10
   7.5000000e+06   1.8052277e-08
   7.5000000e+06   3.2511934e-09
   2.0000000e+07   3.3200560e-09
   2.0000000e+07   5.1595384e-10
   2.0000000e+07   3.9139245e-09
   2.0000000e+07   8.7330822e-10
   2.0000000e+07   4.7586536e-09
   2.0000000e+07   1.6934325e-09
   2.0000000e+07   2.3579308e-09
   2.0000000e+07   8.8477021e-10
   2.0000000e+07   5.0077114e-09
   2.0000000e+07   1.8042846e-09
   2.0000000e+07   6.6840529e-09
   2.0000000e+07   2.3875156e-09
   2.0000000e+07   2.6738327e-09
   2.0000000e+07   1.5649667e-09
   2.0000000e+07   2.8507660e-09
   2.0000000e+07   2.0636347e-09
   2.0000000e+07   3.5633404e-09
   2.0000000e+07   1.9026645e-09
   2.0000000e+07   2.5757419e-09
   2.0000000e+07   2.0008731e-09
   2.0000000e+07   3.9984006e-09
   2.0000000e+07   1.9295548e-09
   2.0000000e+07   4.5714286e-09
   2.0000000e+07   2.4631097e-09
   1.2500000e+07   8.6682640e-09
   1.2500000e+07   7.8883913e-10
   1.2500000e+07   5.2286461e-09
   1.2500000e+07   3.6204439e-09
   1.2500000e+07   6.9798787e-09
   1.2500000e+07   7.3751062e-09
   1.2500000e+07   7.0739344e-09
   1.2500000e+07   7.2779298e-09
   1.2500000e+07   8.3552747e-09
   1.2500000e+07   4.3965276e-09
   1.2500000e+07   1.0215291e-08
   1.2500000e+07   1.0426982e-08
   3.0000000e+07   2.9987288e-09
   3.0000000e+07   9.6293009e-10
   3.0000000e+07   1.9987706e-09
   3.0000000e+07   1.2391269e-09
   3.0000000e+07   3.3520160e-09
   3.0000000e+07   4.3627873e-10
   3.0000000e+07   3.1451942e-09
   3.0000000e+07   1.0391122e-09
   3.0000000e+07   2.4456461e-09
   3.0000000e+07   9.4748641e-10
   3.0000000e+07   2.1955636e-09
   3.0000000e+07   1.8780668e-09
   3.0000000e+07   2.0283976e-09
   3.0000000e+07   4.2711360e-09
   3.0000000e+07   1.5749326e-09
   3.0000000e+07   1.1131072e-09
   3.0000000e+07   2.4361909e-09
   3.0000000e+07   2.5296723e-09
   3.0000000e+07   1.8070270e-09
   3.0000000e+07   2.0008560e-09
   3.0000000e+07   2.3312712e-09
   3.0000000e+07   1.3434391e-09
   3.0000000e+07   1.6922263e-09
   3.0000000e+07   1.5867199e-09
   1.7500000e+07   7.2117789e-09
   1.7500000e+07   3.5032339e-09
   1.7500000e+07   5.2332623e-09
   1.7500000e+07   2.6360527e-09
   1.7500000e+07   5.5211870e-09
   1.7500000e+07   7.8245304e-09
   1.7500000e+07   4.9066502e-09
   1.7500000e+07   2.3888122e-09
   1.7500000e+07   4.9401853e-09
   1.7500000e+07   2.7332511e-09
   1.7500000e+07   4.9509860e-09
   1.7500000e+07   7.2316293e-09
   4.0000000e+07   2.1183183e-09
   4.0000000e+07   6.5749235e-10
   4.0000000e+07   1.9596027e-09
   4.0000000e+07   9.0581179e-10
   4.0000000e+07   1.6521282e-09
   4.0000000e+07   5.4043030e-10
   4.0000000e+07   7.1392890e-10
   4.0000000e+07   1.5097289e-09
   4.0000000e+07   2.1613520e-09
   4.0000000e+07   9.9306530e-10
   4.0000000e+07   9.3244740e-10
   4.0000000e+07   3.4311532e-10
   4.0000000e+07   1.8758417e-09
   4.0000000e+07   9.8839847e-10
   4.0000000e+07   1.5537500e-09
   4.0000000e+07   1.6303780e-09
   4.0000000e+07   9.0060040e-10
   4.0000000e+07   8.0859739e-10
   4.0000000e+07   6.1580005e-10
   4.0000000e+07   9.4408895e-10
   4.0000000e+07   1.7999863e-09
   4.0000000e+07   1.6588098e-09
   4.0000000e+07   1.2168487e-09
   4.0000000e+07   8.8377462e-10
   2.5000000e+07   1.5051234e-09
   2.5000000e+07   2.1197202e-09
   2.5000000e+07   1.0290616e-09
   2.5000000e+07   1.0033867e-09
   2.5000000e+07   2.4704158e-09
   2.5000000e+07   2.2188501e-09
   2.5000000e+07   4.2898716e-09
   2.5000000e+07   4.0960954e-09
   2.5000000e+07   5.7440308e-09
   2.5000000e+07   3.5532679e-09
   2.5000000e+07   2.1310672e-09
   2.5000000e+07   2.8092145e-09
   2.5000000e+07   2.2473459e-09
   2.5000000e+07   3.1280378e-09
   2.5000000e+07   1.7541052e-09
   2.5000000e+07   1.8519683e-09
   2.5000000e+07   3.3433735e-09
   2.5000000e+07   3.1079478e-09
   2.5000000e+07   4.1304920e-09
   2.5000000e+07   2.7673594e-09
   2.5000000e+07   3.5100127e-09
   2.5000000e+07   4.7938825e-09
   5.0000000e+07   1.5077368e-09
   5.0000000e+07   5.0319003e-10
   5.0000000e+07   1.0720473e-09
   5.0000000e+07   1.1607591e-09
   5.0000000e+07   8.7260396e-10
   5.0000000e+07   1.0141988e-09
   5.0000000e+07   1.4652696e-09
   5.0000000e+07   1.5419841e-09
   5.0000000e+07   1.5627990e-09
   5.0000000e+07   9.2728970e-10
   5.0000000e+07   3.3859253e-09
   5.0000000e+07   1.0045875e-09
   5.0000000e+07   1.8790721e-09
   5.0000000e+07   3.3693804e-10
   5.0000000e+07   1.0072355e-09
   5.0000000e+07   1.0831934e-09
   5.0000000e+07   1.0049587e-09
   5.0000000e+07   1.0043533e-09
   5.0000000e+07   9.5895791e-10
   5.0000000e+07   1.4167446e-09
   5.0000000e+07   5.8714981e-10
   5.0000000e+07   6.9383913e-10
   5.0000000e+07   1.4454035e-09
   5.0000000e+07   7.9736833e-10
   3.5000000e+07   1.2883713e-09
   3.5000000e+07   1.5706606e-09
   3.5000000e+07   1.3818692e-09
   3.5000000e+07   1.4070508e-09
   3.5000000e+07   9.5625755e-10
   3.5000000e+07   1.1699870e-09
   3.5000000e+07   6.8383225e-10
   3.5000000e+07   1.7352291e-09
   3.5000000e+07   1.6020450e-09
   3.5000000e+07   2.1845903e-09
   3.5000000e+07   4.3725788e-09
   3.5000000e+07   8.5182290e-10
   3.5000000e+07   1.8209748e-09
   3.5000000e+07   2.1918254e-09
   3.5000000e+07   2.4777508e-09
   3.5000000e+07   2.0535263e-09
   3.5000000e+07   1.8528422e-09
   3.5000000e+07   2.3338376e-09
   3.5000000e+07   2.4453512e-09
   3.5000000e+07   1.6940865e-09
   3.5000000e+07   2.5833754e-09
   3.5000000e+07   2.4166502e-09
   3.5000000e+07   3.4700996e-09
   3.5000000e+07   4.9598103e-09
   4.5000000e+07   6.9416167e-10
   4.5000000e+07   8.6265351e-10
   4.5000000e+07   7.7548517e-10
   4.5000000e+07   8.1675795e-10
   4.5000000e+07   8.1987769e-10
   4.5000000e+07   8.0564125e-10
   4.5000000e+07   1.4207499e-09
   4.5000000e+07   3.1453679e-10
   4.5000000e+07   2.0204348e-09
   4.5000000e+07   7.8686091e-10
   4.5000000e+07   2.1572407e-09
   4.5000000e+07   2.6153663e-09
   4.5000000e+07   1.3263767e-09
   4.5000000e+07   1.4150041e-09
   4.5000000e+07   1.6645284e-09
   4.5000000e+07   1.7384133e-09
   4.5000000e+07   1.4979307e-09
   4.5000000e+07   1.9668768e-09
   4.5000000e+07   2.3869811e-09
   4.5000000e+07   3.8464802e-09
   4.5000000e+07   2.2627917e-09
   4.5000000e+07   2.0257472e-09
   4.5000000e+07   1.9010218e-09
   4.5000000e+07   2.8903162e-09
   5.5000000e+07   6.9130192e-10
   5.5000000e+07   8.5340803e-10
   5.5000000e+07   2.4930802e-10
   5.5000000e+07   6.1951963e-10
   5.5000000e+07   6.2186675e-10
   5.5000000e+07   5.1239901e-10
   5.5000000e+07   1.2334290e-09
   5.5000000e+07   4.5254719e-11
   5.5000000e+07   1.1471395e-09
   5.5000000e+07   1.9792043e-09
   5.5000000e+07   1.3772567e-09
   5.5000000e+07   9.9930865e-10
   5.5000000e+07   9.6100955e-10
   5.5000000e+07   1.2353284e-09
   5.5000000e+07   7.1508992e-10
   5.5000000e+07   1.3106121e-09
   5.5000000e+07   1.2337446e-09
   5.5000000e+07   1.7185500e-09
   5.5000000e+07   1.0235723e-09
   5.5000000e+07   1.1327879e-09
   5.5000000e+07   1.0879574e-09
   5.5000000e+07   1.0186932e-09
   6.5000000e+07   2.4287627e-10
   6.5000000e+07   6.6472865e-10
   6.5000000e+07   1.8406830e-10
   6.5000000e+07   2.4249313e-10
   6.5000000e+07   4.3166562e-10
   6.5000000e+07   4.5063071e-10
   6.5000000e+07   2.6009693e-10
   6.5000000e+07   1.3582503e-09
   6.5000000e+07   3.5134348e-10
   6.5000000e+07   5.0980238e-10
   6.5000000e+07   1.4065300e-09
   6.5000000e+07   5.2628358e-10
   6.5000000e+07   1.2507778e-09
   6.5000000e+07   9.5506698e-10
   6.5000000e+07   1.4220286e-09
   6.5000000e+07   5.8613814e-10
   6.5000000e+07   8.7022544e-10
   6.5000000e+07   6.4503733e-10
   6.5000000e+07   5.7514081e-10
   6.5000000e+07   2.7691350e-10
   6.5000000e+07   3.7112011e-10
