   5.0000000e+05   1.2038559e-07
   5.0000000e+05   1.3960553e-07
   5.0000000e+05   2.2541901e-07
   5.0000000e+05   6.3225053e-08
   1.5000000e+06   7.6128737e-08
   1.5000000e+06   8.2007861e-08
   1.5000000e+06   1.0535052e-07
   1.5000000e+06   4.8605729e-08
   3.0000000e+06   5.0390186e-08
   3.0000000e+06   4.7684596e-08
   3.0000000e+06   5.9802456e-08
   3.0000000e+06   3.3045177e-08
   5.0000000e+06   3.6538862e-08
   5.0000000e+06   2.2780593e-08
   5.0000000e+06   2.9974038e-08
   5.0000000e+06   2.0588507e-08
