   8.3980000e+05   1.2073734e-08
   1.4766500e+06   3.8536342e-09
   5.1501000e+06   2.5101997e-09
   4.8624500e+06   6.4362845e-09
   9.1460500e+06   1.6252202e-08
   8.6522500e+06   1.1816680e-09
   1.4732600e+07   4.2744952e-09
   1.5671000e+07   3.3985440e-09
   2.3529050e+07   2.7771366e-09
   2.4318500e+07   2.7034913e-09
   3.6336550e+07   2.6767045e-09
   3.7228000e+07   1.0089619e-09
   5.2627450e+07   1.0485730e-09
   5.3882900e+07   1.1352173e-09
   6.9997900e+07   1.6234956e-09
   7.1605650e+07   7.8200779e-10
   9.0322100e+07   1.0794413e-10
   9.1461000e+07   5.4391060e-10
   1.1039430e+08   4.7253680e-10
   1.1050040e+08   4.2398952e-10
   1.3687705e+08   7.0922733e-10
   1.3677245e+08   3.6877842e-10
   1.7647740e+08   2.4360361e-10
   1.7751300e+08   2.9805300e-10
   2.2572195e+08   2.8722263e-10
   2.2735735e+08   2.4061566e-10
   2.7603885e+08   1.8722777e-10
   3.2502280e+08   1.4128440e-10
   3.2671490e+08   1.7465687e-10
   3.7614720e+08   2.0596528e-10
   3.7787265e+08   5.7172989e-11
