   1.4285000e+05   3.2271598e-06
   2.9000000e+05   1.9671547e-07
   1.5232500e+06   3.4865155e-07
   2.8915000e+05   7.9239806e-08
   2.8700000e+05   1.1074701e-08
   2.7910000e+05   1.3862860e-08
   3.2810000e+05   4.5762313e-07
   7.6655000e+05   1.3086559e-07
   3.4621000e+06   7.8491040e-08
   1.2170000e+06   4.2774734e-08
   7.3400000e+05   1.6561742e-08
   7.3540000e+05   1.0461255e-08
   7.1835000e+05   2.9026470e-07
   1.5070500e+06   1.0087069e-07
   7.5810000e+06   1.2732299e-08
   3.4234000e+06   2.2008100e-08
   1.4730500e+06   6.4179358e-09
   1.4749500e+06   1.4164252e-09
   1.4617500e+06   1.7753402e-07
   3.4635000e+06   4.5772871e-08
   1.5105950e+07   2.5798433e-09
   7.4382000e+06   9.1827058e-09
   3.3398500e+06   5.6182123e-09
   3.1806000e+06   9.9157744e-10
   3.2195000e+06   1.2070270e-07
   7.6498500e+06   1.8677570e-08
   1.5119050e+07   4.1182061e-09
   7.2242000e+06   9.7628012e-10
   7.3970500e+06   9.6923158e-10
   7.4158000e+06   1.9735869e-08
   1.4661200e+07   9.1334113e-09
   3.3078550e+07   2.3915840e-09
   1.5187300e+07   3.3928485e-10
   1.5396900e+07   4.7615432e-09
   3.1300600e+07   2.3247770e-09
   3.0689950e+07   9.6439504e-10
