0.451486458	46.51045337	8.475984779	-1.366858564	-4.65
0.451516898	46.51044926	8.475946801	-1.368494998	-4.58
0.464541088	46.51044703	8.475885901	-1.357069926	-4.46
0.465593519	46.51044305	8.475943963	-1.367445105	-4.57
0.468103704	46.51044401	8.475921379	-1.368036846	-4.2
0.469411227	46.51044126	8.475926847	-1.363926438	-4.36
0.469451968	46.51036932	8.475975549	-1.365962587	-4.67
0.473682292	46.51043776	8.475874869	-1.366017909	-4.36
0.475251505	46.51042456	8.47596209	-1.362727602	-4.17
0.475452083	46.51043193	8.475948292	-1.362552405	-4.36
0.477233565	46.51042516	8.475901888	-1.367213961	-4.43
0.478951852	46.51043824	8.47591652	-1.367982835	-4.36
0.479160185	46.51043304	8.475879705	-1.364511621	-4.35
0.479189236	46.51043404	8.475929969	-1.366845072	-4.67
0.479335301	46.51042838	8.475849413	-1.366178805	-4.31
0.482923264	46.51041411	8.476080861	-1.364741113	-4.71
0.485703009	46.51044911	8.47596779	-1.361640714	-4.56
0.489622338	46.51042392	8.475884856	-1.366310235	-4.43
0.490285532	46.51032982	8.475880197	-1.368746051	-4.38
0.494626736	46.51043246	8.475925893	-1.366642446	-4.49
0.495337037	46.51043537	8.475881549	-1.367759253	-4.2
0.495506829	46.5104445	8.475946813	-1.368098406	-4.56
0.495675694	46.51042471	8.475941362	-1.362195961	-4.32
0.495686806	46.5104208	8.475922171	-1.365842189	-4.45
0.495691204	46.51045577	8.47600188	-1.365381447	-4.68
0.49574456	46.51045083	8.475986729	-1.365314382	-4.8
0.495860301	46.51044594	8.475961873	-1.366307874	-4.72
0.496054745	46.51042575	8.475932971	-1.366156634	-4.6
0.496065625	46.51050179	8.476058135	-1.374786241	-4.58
0.496113657	46.5104218	8.475892371	-1.366996162	-4.45
0.496120255	46.51050242	8.476057967	-1.375153227	-4.42
0.496150347	46.5104293	8.475925947	-1.367315073	-4.52
0.496187616	46.51050603	8.476058587	-1.374652365	-4.53
0.496315046	46.51014109	8.475865962	-1.388574916	-4.88
0.496319907	46.51043915	8.475836938	-1.364844276	-4.26
0.496332639	46.51035383	8.476248798	-1.375526739	-4.01
0.496503241	46.51043865	8.475907513	-1.369740987	-4.55
0.496517477	46.51050465	8.476056459	-1.374735565	-4.57
0.496545718	46.51043221	8.475900523	-1.368216923	-4.36
0.49655706	46.51050763	8.476071416	-1.37545783	-4.43
0.496565278	46.51050775	8.476070181	-1.375160403	-4.59
0.496594213	46.51050825	8.476068392	-1.375576977	-4.41
0.496631829	46.51050581	8.47606228	-1.375106102	-4.43
0.497046644	46.51049971	8.476059955	-1.374933724	-4.32
0.497411574	46.51042627	8.475897272	-1.367904747	-4.67
0.497503472	46.51037418	8.475929522	-1.367556661	-4.6
0.497653241	46.5104359	8.475939185	-1.366471169	-4.68
0.497660532	46.5103801	8.475962341	-1.37030283	-4.55
0.498022569	46.51042113	8.475903363	-1.367735198	-4.59
0.49841412	46.51048995	8.476029354	-1.373552151	-4.46
0.498419213	46.51050609	8.476067962	-1.375692866	-4.31
0.498430556	46.51044714	8.47591646	-1.368382748	-4.75
0.498535185	46.51049509	8.476033975	-1.374057604	-4.26
0.498801157	46.51050438	8.47606243	-1.375268272	-4.41
0.498803588	46.5104648	8.476003197	-1.371241162	-4.63
0.498869444	46.51050198	8.476060301	-1.375232464	-4.44
0.498886343	46.51050236	8.476058823	-1.375339079	-4.24
0.498897917	46.51050371	8.476056341	-1.374903793	-4.36
0.498903241	46.51045393	8.475997026	-1.365031554	-4.76
0.498989005	46.51046289	8.475950931	-1.369332081	-4.48
0.499016551	46.51050706	8.476065113	-1.374350668	-4.6
0.499086458	46.51050728	8.476060077	-1.3743943	-4.36
0.499191667	46.5102877	8.475957192	-1.373172044	-4.65
0.499259838	46.51049477	8.476032095	-1.373741956	-4.34
0.499286458	46.51050082	8.476052757	-1.375338555	-4.63
0.499291551	46.51050895	8.476070058	-1.375066419	-4.6
0.499329051	46.51041471	8.475902962	-1.360786388	-4.55
0.499350347	46.51042905	8.475986716	-1.360831283	-4.67
0.499403356	46.51042743	8.47592452	-1.365851553	-4.29
0.499419792	46.51046629	8.47599905	-1.37065341	-4.59
0.499430787	46.51050476	8.476063065	-1.374585714	-4.59
0.499515741	46.51041307	8.475895425	-1.366549716	-4.61
0.499580556	46.5105066	8.476068353	-1.375625821	-4.59
0.499597222	46.51050984	8.476078483	-1.376534295	-4.71
0.499603009	46.51041552	8.475899491	-1.366424668	-4.75
0.499664468	46.51042249	8.475914594	-1.366357845	-4.5
0.499671296	46.51050667	8.47606324	-1.375220768	-4.31
0.499676157	46.51051749	8.476088513	-1.375482879	-4.46
0.499725347	46.51029575	8.475969116	-1.372429549	-4.73
0.499813889	46.51050358	8.476030515	-1.374355632	-4.66
0.499859144	46.51044357	8.475962433	-1.364541974	-4.67
0.499927315	46.51051016	8.476072296	-1.376180094	-4.43
0.49999456	46.51041477	8.475855355	-1.364269952	-4.34
0.500036574	46.5104814	8.476413278	-1.378254199	-4.57
0.500040509	46.51029598	8.475930985	-1.371436028	-4.64
0.500051273	46.51045554	8.475998099	-1.364669465	-4.35
0.500132176	46.51041507	8.475883181	-1.366564972	-4.53
0.500212963	46.51048239	8.476023853	-1.372756002	-4.65
0.50031412	46.51050928	8.476070081	-1.375684249	-4.33
0.500523032	46.51049015	8.476035818	-1.373574533	-4.62
0.5007375	46.51045623	8.476002874	-1.365137749	-4.57
0.500777315	46.51041042	8.47592315	-1.368366833	-4.77
0.500878704	46.51047365	8.476001434	-1.369764027	-4.55
0.500973148	46.51048062	8.476041987	-1.370244177	-4.58
0.501132292	46.510497	8.476050252	-1.374164555	-4.46
0.501272454	46.51048146	8.476027854	-1.373781373	-4.71
0.501828588	46.51050766	8.476071443	-1.375450289	-4.53
0.501857986	46.51050561	8.476063085	-1.375076901	-4.41
0.501892477	46.51019749	8.475430151	-1.343884831	-4.06
0.501936806	46.51032048	8.475753104	-1.352477678	-4.01
0.50208287	46.51041265	8.475904747	-1.365553261	-4.6
0.502249653	46.51045866	8.475990225	-1.368568828	-4.4
0.502257407	46.51042047	8.475901798	-1.366362909	-3.87
0.502304282	46.51049191	8.476153369	-1.367675951	-4.31
0.502363079	46.51046219	8.475988917	-1.369182161	-4.42
0.502385648	46.51051043	8.476063761	-1.37453771	-4.46
0.502396528	46.51046282	8.475950982	-1.370164208	-4.32
0.50247963	46.51051604	8.476087425	-1.376451288	-4.57
0.502492245	46.51047738	8.476044323	-1.372165378	-4.52
0.502527199	46.5104374	8.475940022	-1.366599002	-4.51
0.502541898	46.51042372	8.475903683	-1.366362182	-4.55
0.502591204	46.51048673	8.476051396	-1.368992651	-4.5
0.502645833	46.51050058	8.47605669	-1.375105686	-4.26
0.502646412	46.51050118	8.476100862	-1.371770886	-4.39
0.502671991	46.51044498	8.476023299	-1.366966926	-4.73
0.502800463	46.51043771	8.475945093	-1.366371318	-4.47
0.502808565	46.51046471	8.475996877	-1.369718316	-4.66
0.502819676	46.51043659	8.475922556	-1.369262792	-4.72
0.50287581	46.51050882	8.476057456	-1.374262765	-4.63
0.502895949	46.51045952	8.475954748	-1.369041912	-4.51
0.502959606	46.5104717	8.476003826	-1.367258206	-4.14
0.502972685	46.51046851	8.476009513	-1.371234189	-3.77
0.502990278	46.51051181	8.476089017	-1.375655967	-4.71
0.503062153	46.51041883	8.475846198	-1.365155556	-4.17
0.50331956	46.51036352	8.475940998	-1.370546926	-4.63
0.503548727	46.51028428	8.475965414	-1.372852021	-4.77
0.503607292	46.51041534	8.475971594	-1.364671762	-4.69
0.503611806	46.51040844	8.475871836	-1.366713744	-4.07
0.503628588	46.51042874	8.475911369	-1.367006301	-4.49
0.503666782	46.51050715	8.476061741	-1.375404449	-3.83
0.503822569	46.51045474	8.475996758	-1.364473459	-4.7
0.504105787	46.51024292	8.475938977	-1.351208448	-4.24
0.504168981	46.51049299	8.476034575	-1.373483059	-4.58
0.504382639	46.51051109	8.476039132	-1.376006335	-4.42
0.504452894	46.51050576	8.476065154	-1.375259309	-4.68
0.504589352	46.51045275	8.475990812	-1.363925708	-4.55
0.505012731	46.51046568	8.475998704	-1.370988722	-4.74
0.505435532	46.510517	8.476088921	-1.377085358	-4.57
0.505492593	46.51028353	8.475997843	-1.373564335	-4.52
0.505831481	46.51051592	8.476093579	-1.377270418	-4.6
0.505861343	46.51051524	8.47609734	-1.377419001	-4.6
0.505923264	46.51047027	8.476013053	-1.370330899	-4.49
0.505974537	46.51049544	8.47604392	-1.374335039	-4.46
0.505979167	46.5104661	8.476015167	-1.372119149	-4.64
0.506037847	46.51050024	8.476044841	-1.372739886	-4.29
0.506075463	46.51043986	8.475941578	-1.365932763	-4.55
0.506181597	46.51049053	8.47607413	-1.370053826	-4.59
0.506214005	46.51041165	8.475867794	-1.364108654	-4.26
0.506290046	46.51045016	8.475938927	-1.369177863	-4.72
0.506442824	46.51041426	8.475880419	-1.367067773	-4.63
0.506520602	46.51046597	8.476005727	-1.371366342	-4.4
0.506544792	46.51049606	8.476036828	-1.374340199	-4.4
0.506556366	46.51047469	8.476022674	-1.369683811	-4.49
0.506593056	46.51047508	8.476025829	-1.369762926	-4.5
0.506676505	46.51050611	8.476058567	-1.373976637	-4.62
0.506700347	46.51050697	8.4760646	-1.375356425	-4.3
0.506724421	46.51051028	8.47607439	-1.37591503	-4.58
0.506825116	46.51050209	8.476053918	-1.373758361	-4.56
0.508120486	46.51048323	8.47602603	-1.372892651	-4.34
0.508181829	46.51046466	8.475994723	-1.369976963	-4.33
0.50848831	46.51042839	8.475894342	-1.364008354	-4.41
0.508583102	46.51045244	8.475988871	-1.364017049	-4.54
0.508834838	46.51051678	8.476092756	-1.375133159	-4.69
0.509098727	46.51045315	8.475977808	-1.367671991	-4.84
0.509264583	46.51025441	8.475975205	-1.373096756	-4.68
0.509694676	46.51048864	8.476060708	-1.369581314	-4.43
0.50996713	46.51044295	8.475950489	-1.367798874	-4.43
0.510141667	46.51049057	8.476028328	-1.373231811	-4.64
0.510427546	46.51050687	8.476058309	-1.373949191	-4.8
0.514625116	46.51051649	8.476072076	-1.374941895	-4.72
0.561107523	46.51044124	8.475949918	-1.366574207	-4.48
0.603374884	46.5103461	8.475932343	-1.370734043	-4.62
0.603870139	46.51042547	8.47588667	-1.359169033	-4.22
0.604062153	46.51044609	8.475953772	-1.367580815	-4.83
0.604101157	46.51045562	8.476032148	-1.363296174	-4.6
0.607487616	46.51044868	8.475974438	-1.367113453	-4.84
0.60770706	46.51045641	8.475999281	-1.366237203	-4.61
0.61027662	46.51044367	8.475926154	-1.369256486	-4.79
0.613834375	46.51044539	8.475933994	-1.368933843	-4.92
0.613852546	46.51042835	8.475868252	-1.371783296	-4.57
0.613992708	46.51045209	8.475973917	-1.367831468	-4.52
0.615552894	46.51045168	8.47597955	-1.367692477	-4.77
0.616931944	46.51040951	8.475905418	-1.362021529	-4.59
0.617126852	46.5104599	8.475982959	-1.36844342	-4.54
0.619058796	46.51044881	8.475972312	-1.367276009	-4.27
0.619638079	46.51050038	8.476055539	-1.375281471	-4.6
0.619690278	46.51050604	8.476067675	-1.375719748	-4.41
0.619800463	46.51050051	8.476056707	-1.374983444	-4.58
0.619905208	46.51050225	8.476058715	-1.375142157	-4.37
0.620486921	46.5104378	8.475894303	-1.366795439	-4.29
0.620496875	46.51049444	8.476043169	-1.374129994	-4.51
0.621318403	46.51050924	8.476070396	-1.375721091	-4.2
0.621483796	46.51043033	8.475909677	-1.367920831	-4.52
0.621627083	46.51050797	8.476060675	-1.375203317	-4.79
0.62186331	46.51047216	8.476021806	-1.371393971	-4.53
0.622255671	46.51049237	8.47604115	-1.373571043	-4.36
0.624532407	46.51050955	8.476068756	-1.375967543	-4.44
0.624637384	46.5104338	8.47589911	-1.365740199	-4.24
0.624699074	46.5104951	8.476033672	-1.374050245	-4.65
0.624831134	46.51036313	8.475942061	-1.370580476	-4.62
0.624869097	46.51044028	8.475944713	-1.367312459	-4.93
0.627346644	46.51045698	8.475996602	-1.366515077	-4.7
0.627399074	46.51050613	8.476059457	-1.374593472	-4.31
0.628634954	46.51049243	8.476029946	-1.373998065	-4.74
0.629907986	46.51047766	8.476017224	-1.372018437	-4.35
0.629937269	46.51050838	8.47606838	-1.37554888	-4.5
0.629961458	46.51050038	8.476056863	-1.375107975	-4.28
0.630026968	46.51050968	8.47607877	-1.376517754	-4.63
0.630027431	46.51050053	8.476056531	-1.375099029	-4.27
0.63012581	46.51046598	8.475999096	-1.370651864	-4.61
0.630258218	46.5105075	8.476057338	-1.374356245	-4.41
0.630289352	46.51043534	8.475942092	-1.365139907	-4.81
0.630346181	46.51048915	8.476039282	-1.373930978	-4.67
0.630394329	46.51050633	8.476069881	-1.375767654	-4.73
0.630446875	46.51050489	8.476052918	-1.374283674	-4.31
0.630621759	46.51051219	8.476074885	-1.375353653	-4.35
0.630624421	46.51051011	8.476073466	-1.376153332	-4.18
0.630674537	46.51050329	8.476061569	-1.375474009	-4.4
0.630693056	46.51049605	8.476037315	-1.373959031	-4.39
0.630739468	46.5103459	8.47612132	-1.386642179	-4.23
0.630843171	46.51050561	8.47606239	-1.375085507	-4.33
0.630849306	46.51049845	8.476007938	-1.37535003	-4.38
0.630850579	46.51051126	8.476071462	-1.37534453	-4.44
0.630872454	46.51046316	8.476000145	-1.367520588	-4.51
0.630875694	46.51044606	8.475979196	-1.364002157	-4.39
0.630912384	46.51050634	8.476064579	-1.375363729	-4.26
0.631012269	46.51050953	8.476068668	-1.375186159	-4.6
0.631019907	46.51047629	8.47603105	-1.370284277	-4.48
0.631035532	46.51045521	8.475979355	-1.364479794	-4.43
0.631060417	46.51049113	8.476034014	-1.373702612	-4.63
0.631072801	46.51048777	8.47603519	-1.373926389	-4.54
0.63107338	46.51050427	8.476066589	-1.375131502	-4.6
0.631087616	46.51051173	8.476077412	-1.376783847	-4.28
0.631095255	46.51050169	8.476049001	-1.373400394	-4.53
0.631097685	46.51044062	8.475938599	-1.366061771	-4.71
0.631147454	46.51047246	8.476051389	-1.370241622	-4.59
0.631151968	46.51048507	8.476025889	-1.372723302	-4.54
0.631153241	46.510475	8.476024678	-1.370581046	-4.21
0.631162963	46.51050683	8.476061407	-1.37533393	-3.86
0.631171065	46.5105084	8.476070094	-1.375562393	-4.76
0.631191667	46.51045264	8.475994172	-1.36448097	-4.44
0.63119838	46.51045469	8.475999545	-1.365054785	-4.74
0.631200347	46.51051431	8.476077332	-1.375627813	-4.61
0.631203588	46.51052956	8.475718775	-1.367488949	-4.32
0.631230903	46.51047485	8.476027483	-1.3704486	-4.58
0.631232639	46.51047256	8.47601583	-1.369736972	-4.54
0.631236111	46.51049045	8.476034347	-1.372776655	-4.53
0.631238657	46.51045253	8.475992735	-1.364279701	-4.44
0.631256019	46.51050563	8.476064205	-1.375280807	-4.44
0.631270023	46.51050257	8.476057099	-1.375197346	-4.32
0.631274653	46.51051217	8.476075862	-1.375545978	-4.5
0.631278241	46.51045404	8.476000484	-1.365155956	-4.44
0.631279051	46.51048693	8.476025989	-1.372469828	-4.46
0.63128287	46.51050365	8.47605711	-1.37491666	-4.33
0.631288542	46.51034731	8.475931019	-1.373155981	-4.5
0.63130081	46.51037435	8.475897482	-1.369978098	-4.38
0.631321412	46.51050213	8.476056679	-1.374791544	-4.56
0.631358565	46.51045308	8.475995418	-1.364811926	-4.69
0.631377894	46.51050837	8.476068562	-1.37556401	-4.33
0.631384259	46.51050537	8.47606372	-1.375395972	-4.58
0.631404398	46.51050351	8.476055541	-1.374712191	-4.32
0.631413542	46.5104748	8.476020202	-1.369388154	-4.49
0.631415509	46.51045342	8.475987091	-1.364494897	-4.17
0.631428356	46.51045213	8.475995771	-1.364290568	-4.77
0.631444444	46.51049218	8.476037162	-1.373452704	-4.47
0.631464815	46.51050425	8.476063109	-1.375442868	-4.53
0.631500463	46.51049124	8.476032434	-1.373863011	-4.46
0.631502199	46.51045045	8.47589915	-1.367032285	-4.57
0.63152338	46.51044364	8.47583543	-1.369357613	-4.2
0.631540856	46.51049604	8.476042326	-1.373596436	-4.46
0.631542477	46.51048488	8.476062485	-1.372475675	-4.29
0.631557523	46.51051766	8.476092431	-1.377196162	-4.16
0.631570602	46.51046556	8.47599518	-1.369854351	-4.6
0.631592708	46.51048861	8.476038216	-1.373223589	-4.4
0.631650231	46.51048617	8.475938585	-1.359161988	-4.29
0.631696412	46.51047217	8.476004798	-1.368112519	-4.36
0.631707292	46.51046428	8.475977605	-1.368138583	-4.4
0.631716319	46.51051738	8.476091231	-1.377042939	-4.34
0.631763773	46.51042501	8.475952991	-1.366125628	-4.68
0.63177662	46.51051351	8.476074512	-1.374965074	-4.64
0.631782755	46.51051161	8.476074622	-1.376488037	-4.35
0.631804051	46.51043747	8.475946656	-1.366352283	-4.42
0.631806481	46.51049822	8.476047009	-1.374415465	-4.51
0.631887269	46.51049249	8.476038113	-1.373042434	-4.41
0.631906134	46.51031885	8.475943091	-1.371342631	-4.31
0.631907523	46.51061455	8.476182171	-1.357562835	-4.37
0.631918287	46.51047536	8.47599261	-1.366537271	-4.46
0.631946991	46.51049814	8.47605126	-1.374702764	-4.45
0.631966667	46.51049778	8.47604819	-1.373713083	-4.53
0.631979861	46.51051792	8.475952839	-1.37021752	-4.02
0.632014583	46.51045425	8.475990639	-1.364607997	-4.12
0.632032407	46.51051792	8.476091366	-1.376905777	-4.5
0.632057523	46.51047588	8.476028183	-1.369019512	-4.57
0.632061343	46.51049401	8.476033012	-1.373980765	-4.14
0.632071875	46.51046464	8.475996034	-1.369679705	-4.77
0.632103704	46.51047588	8.476027115	-1.369049984	-4.57
0.632104514	46.51049958	8.476037887	-1.373598946	-4.41
0.632119444	46.51046652	8.476011688	-1.37095271	-4.62
0.632383449	46.51042812	8.475923596	-1.365834944	-4.4
0.632385995	46.5105107	8.47607987	-1.376878272	-4.69
0.632400926	46.51049389	8.476032282	-1.373943221	-4.24
0.632412847	46.51050576	8.47605761	-1.374636779	-4.61
0.632422685	46.51049789	8.476045495	-1.373676711	-4.5
0.632638773	46.51051368	8.476077369	-1.375691731	-4.67
0.632683102	46.51047056	8.476007795	-1.369812031	-4.53
0.632713657	46.51050712	8.476064617	-1.374988809	-4.4
0.632758681	46.51044861	8.475982132	-1.363163084	-4.65
0.632834722	46.51042959	8.475888301	-1.363923507	-4.42
0.632997222	46.5104435	8.475958636	-1.36456125	-4.62
0.633007523	46.51050036	8.476049701	-1.373825329	-4.46
0.633050579	46.51043689	8.475920236	-1.367536539	-4.76
0.633073727	46.51049682	8.476045116	-1.374273769	-4.5
0.633116204	46.51051062	8.476074331	-1.376669672	-4.54
0.633126736	46.51052267	8.476080801	-1.374979466	-4.25
0.633135532	46.51043371	8.47590219	-1.365205406	-4.21
0.63317419	46.51043979	8.475967666	-1.36201864	-4.58
0.633185532	46.51050527	8.476067113	-1.375141569	-4.47
0.633336574	46.51046993	8.476021711	-1.371507494	-4.65
0.633365394	46.51045346	8.4759909	-1.363104793	-4.5
0.633455556	46.51033908	8.475984533	-1.336139479	-4.47
0.633491204	46.51045216	8.475991659	-1.364114482	-4.4
0.633492361	46.51045547	8.475997127	-1.364646309	-4.38
0.633553704	46.51042847	8.475874225	-1.359773702	-4.46
0.633556944	46.51049564	8.476043176	-1.373157773	-4.31
0.633557986	46.51045658	8.476004834	-1.364115502	-4.71
0.633561921	46.51051048	8.476043306	-1.377309448	-4.58
0.633563079	46.51050353	8.476064465	-1.376721367	-4.33
0.633587269	46.51042759	8.475959185	-1.359627361	-4.35
0.63358831	46.51041915	8.475930684	-1.361241293	-4.58
0.633642708	46.51047143	8.476006211	-1.370402217	-4.51
0.633759144	46.51050429	8.476055978	-1.374739249	-4.64
0.633760648	46.51051372	8.476069398	-1.375128789	-4.14
0.633959028	46.51045148	8.475990044	-1.363799046	-4.51
0.634091435	46.51045475	8.475995481	-1.364428029	-4.54
0.63409375	46.51047258	8.476015742	-1.369744746	-4.57
0.634277199	46.51044061	8.475982678	-1.358262501	-4.27
0.634278241	46.51051988	8.476111375	-1.377240626	-4.62
0.634278819	46.51051199	8.476075066	-1.37536208	-4.11
0.63429294	46.51050052	8.476056323	-1.375070094	-4.34
0.634293403	46.51041536	8.475901212	-1.367061151	-4.68
0.634294213	46.51045583	8.47600123	-1.363975855	-4.58
0.634299653	46.51047885	8.476034576	-1.369611665	-4.4
0.634323611	46.51045625	8.476002808	-1.365141385	-4.5
0.634354861	46.51042729	8.475928161	-1.365843746	-4.71
0.634387384	46.51046537	8.475990942	-1.3701015	-4.42
0.6343875	46.51051207	8.476064305	-1.374511719	-4.32
0.634427778	46.51041495	8.475973077	-1.359720626	-4.59
0.634457755	46.51044521	8.47596087	-1.363557562	-4.33
0.634522222	46.51050523	8.476075306	-1.375460527	-4.62
0.634526852	46.5104653	8.476003479	-1.371301902	-4.58
0.634546065	46.51044078	8.475961918	-1.362123905	-4.48
0.63458125	46.51051062	8.476063795	-1.374574269	-4.45
0.634593981	46.51051479	8.476042607	-1.374233457	-4.56
0.634631134	46.51050063	8.476057205	-1.374478329	-4.38
0.634637153	46.51051545	8.476097847	-1.376985111	-4.47
0.634638542	46.51041327	8.47592028	-1.36083623	-4.55
0.6346625	46.51050432	8.476066685	-1.375141442	-4.52
0.63467037	46.5104679	8.476007452	-1.370449456	-4.45
0.634672338	46.51049707	8.476039382	-1.374004695	-4.46
0.634690741	46.51049091	8.476035209	-1.37357336	-4.57
0.634693519	46.51041839	8.475906761	-1.366897034	-4.55
0.634709722	46.51049637	8.47604216	-1.374216157	-4.37
0.634784606	46.51044719	8.475969408	-1.3637087	-4.65
0.634827894	46.51043094	8.475877471	-1.366206335	-4.49
0.634831481	46.51050437	8.476051606	-1.374114064	-4.41
0.634834722	46.51050713	8.47606201	-1.375381363	-3.75
0.634851042	46.51041771	8.475907204	-1.36710598	-4.66
0.634856019	46.51049725	8.476048166	-1.373956261	-4.55
0.634871296	46.51047068	8.476011106	-1.370411288	-4.45
0.634901157	46.51048093	8.476040454	-1.370098119	-4.44
0.634903009	46.51042163	8.475909373	-1.36654447	-4.42
0.634903704	46.51048151	8.476047248	-1.37022056	-4.52
0.634929167	46.51049063	8.476033636	-1.373726195	-4.78
0.634969213	46.51050689	8.476063889	-1.375328853	-4.15
0.635007639	46.51051461	8.476071069	-1.374779215	-4.77
0.635016667	46.5104512	8.475987972	-1.364114548	-4.36
0.635027546	46.51043806	8.475945357	-1.366369116	-4.45
0.635028125	46.51050637	8.476057885	-1.374604946	-4.3
0.635083565	46.51043968	8.475903851	-1.369114526	-4.66
0.635104167	46.51050468	8.476053684	-1.374203873	-4.39
0.635111806	46.51049802	8.476051491	-1.374670994	-4.42
0.635131713	46.5104909	8.476035402	-1.373635939	-4.63
0.63513206	46.51049486	8.476030485	-1.37366702	-4.25
0.635134722	46.51043034	8.475961291	-1.361220238	-4.76
0.635150579	46.51047689	8.476032969	-1.369677616	-4.44
0.635161574	46.51044873	8.476100525	-1.36402555	-4.71
0.635183796	46.51047114	8.476010928	-1.370386168	-4.59
0.635190856	46.51045371	8.475987432	-1.364537795	-4.17
0.635191435	46.51050289	8.4760635	-1.375398424	-4.45
0.635210995	46.51050524	8.476061575	-1.375264874	-4.17
0.635236458	46.51050927	8.47607178	-1.374802742	-4.6
0.635257523	46.510474	8.476025648	-1.370888336	-4.52
0.63528669	46.51049881	8.476061192	-1.374805791	-4.47
0.63528912	46.51049338	8.476041838	-1.373409687	-4.42
0.635298495	46.51051325	8.476080773	-1.375912849	-4.6
0.635354745	46.51051526	8.476096891	-1.377408626	-4.59
0.635355324	46.51044423	8.475966343	-1.363889502	-4.36
0.635385764	46.51047172	8.476010274	-1.370565133	-4.28
0.635414468	46.51047954	8.476043384	-1.370562487	-4.49
0.635434838	46.51044989	8.475978532	-1.3633244	-4.43
0.635438773	46.51045094	8.475984322	-1.364919491	-4.61
0.635441898	46.51050721	8.476062848	-1.374158316	-4.53
0.635457407	46.51050514	8.476063013	-1.374490743	-4.69
0.635459606	46.51050646	8.476062896	-1.375277853	-4.27
0.635469676	46.51050356	8.476060472	-1.375516066	-4.52
0.635486574	46.51044399	8.475956675	-1.364676643	-4.59
0.635586574	46.51043592	8.47593682	-1.366523601	-4.58
0.63566794	46.51049549	8.476038111	-1.373680909	-4.47
0.635677662	46.51049336	8.476039153	-1.373690872	-4.61
0.635721759	46.51050047	8.47605749	-1.375114892	-4.29
0.635846412	46.51049666	8.47603798	-1.374020292	-4.44
0.63585162	46.51043057	8.475872646	-1.36611438	-4.33
0.635899769	46.51049001	8.476026351	-1.374668267	-4.52
0.635930093	46.51049974	8.476063761	-1.372371598	-4.43
0.635933218	46.51044749	8.476026311	-1.36578925	-4.33
0.635936574	46.51051996	8.476077951	-1.375208658	-4.7
0.635946644	46.51048766	8.476040628	-1.373834271	-4.59
0.635953356	46.51049634	8.476042279	-1.373885122	-4.55
0.636077546	46.51047004	8.476011465	-1.370147003	-4.89
0.636099884	46.51045735	8.4760062	-1.364362801	-4.46
0.63616956	46.51048769	8.476026824	-1.373207258	-4.57
0.636480093	46.51046924	8.476021312	-1.37184882	-4.43
0.636591782	46.5105114	8.476081971	-1.37687861	-4.68
0.636756597	46.5104961	8.476043697	-1.373508958	-4.42
0.636821991	46.51044731	8.475976783	-1.36285262	-4.65
0.636858333	46.51050609	8.476047827	-1.373512768	-4.25
0.6368625	46.51048668	8.47605634	-1.369318532	-4.47
0.637206366	46.51050993	8.47607815	-1.376513554	-4.57
0.637213889	46.51045397	8.475982107	-1.364206061	-4.01
0.637364468	46.51050483	8.476062194	-1.375283166	-4.47
0.637470486	46.510483	8.476017857	-1.372473562	-4.59
0.637670486	46.51050261	8.476065249	-1.37541396	-4.46
0.637697338	46.51045523	8.476005764	-1.363982844	-4.69
0.63778125	46.5103266	8.475948622	-1.372827527	-4.6
0.637815509	46.51049448	8.476057704	-1.373687314	-4.53
0.637874306	46.51045407	8.475988743	-1.364578054	-4.34
0.637896644	46.51048032	8.476042789	-1.369961462	-4.45
0.637903472	46.51045972	8.476008897	-1.364118906	-4.41
0.637929167	46.51046858	8.476009443	-1.371261115	-3.71
0.637946644	46.51047489	8.476020889	-1.369396626	-4.62
0.637982755	46.51045566	8.475998054	-1.364915068	-4.32
0.637989699	46.51050958	8.476052995	-1.374034077	-4.48
0.638009722	46.51049877	8.476050832	-1.374420835	-4.68
0.63806169	46.5104662	8.475998314	-1.370464802	-4.61
0.638066435	46.51048562	8.476025156	-1.374119022	-4.36
0.63809919	46.5104443	8.475959956	-1.363393903	-4.46
0.63811412	46.51048191	8.47605202	-1.371521025	-4.59
0.638129977	46.51040939	8.475981028	-1.361519719	-4.69
0.638149537	46.5104357	8.47596807	-1.362097155	-4.75
0.638150579	46.51050695	8.476062527	-1.375027127	-4.39
0.638166551	46.51051365	8.476079062	-1.375466614	-4.52
0.638168634	46.51050965	8.476078551	-1.376020864	-4.48
0.638169444	46.5105085	8.476069463	-1.375963042	-4.5
0.63820081	46.51045905	8.476007207	-1.363828703	-4.53
0.638202315	46.51045135	8.475988524	-1.364109883	-4.39
0.638231481	46.51046506	8.475979653	-1.373015741	-4.6
0.638236343	46.51044497	8.475896243	-1.366346388	-4.28
0.638281713	46.51047103	8.476014477	-1.370469193	-4.51
0.638361227	46.51046101	8.475946245	-1.369176022	-4.74
0.638382292	46.51049228	8.476030867	-1.373185103	-4.67
0.638383218	46.51043684	8.475939498	-1.366081618	-4.59
0.638388194	46.51049157	8.476035643	-1.372974514	-4.76
0.638464583	46.51046367	8.475953021	-1.369390837	-4.41
0.638530208	46.51047226	8.476021385	-1.371414603	-4.38
0.638543287	46.51045651	8.475994979	-1.3640429	-4.57
0.638550694	46.51042823	8.475925002	-1.359453135	-4.49
0.638551042	46.51049418	8.476041263	-1.374136001	-4.49
0.638586343	46.51045931	8.475998748	-1.365456765	-4.78
0.638605093	46.51044948	8.476013311	-1.362319617	-4.53
0.63863044	46.51047653	8.476030342	-1.370304843	-4.56
0.638668171	46.51044731	8.475893466	-1.36857549	-4.14
0.638669444	46.51050287	8.476056731	-1.375064591	-4.13
0.638697569	46.51052202	8.476110391	-1.375151336	-4.4
0.638715741	46.51048177	8.476120714	-1.375247233	-4.83
0.638734491	46.5104994	8.476038852	-1.373587615	-4.39
0.638793519	46.51043785	8.475944861	-1.366401499	-4.43
0.63880162	46.5104232	8.47593497	-1.361514338	-4.27
0.638805556	46.51043712	8.475925181	-1.367934384	-4.29
0.638816782	46.51049802	8.476040299	-1.375203642	-4.56
0.638825926	46.51047568	8.476029008	-1.369002495	-4.54
0.638839352	46.51051918	8.476093684	-1.377132363	-4.55
0.638842824	46.51046914	8.475972773	-1.372680569	-4.59
0.638886574	46.51045429	8.475991061	-1.364619944	-4.02
0.638908681	46.51046444	8.475997446	-1.369728645	-4.68
0.638937847	46.51050798	8.476081033	-1.375132563	-4.69
0.638942014	46.51049727	8.476039644	-1.37584151	-4.46
0.638962963	46.51041369	8.475906148	-1.367024908	-4.42
0.638963889	46.51050147	8.476034006	-1.37610345	-4.53
0.638991782	46.5104748	8.476025641	-1.370545138	-4.54
0.638998958	46.51051756	8.47609108	-1.377094577	-4.34
0.639040046	46.51050009	8.476054077	-1.374882719	-4.12
0.639041898	46.51054378	8.475657308	-1.355646117	-4.32
0.639044329	46.51050201	8.476049373	-1.374353986	-4.31
0.639114699	46.51050042	8.476056528	-1.375054678	-4.32
0.639220833	46.51050723	8.476064544	-1.375369653	-4.28
0.639226042	46.5104365	8.475921901	-1.368209843	-4.54
0.639382176	46.51050655	8.476063591	-1.375179895	-4.27
0.639434375	46.51050182	8.476060572	-1.375240659	-4.38
0.639468056	46.51043931	8.475977809	-1.357735748	-4.12
0.6396	46.51041589	8.475905755	-1.366867042	-4.38
0.639676273	46.5104974	8.476040549	-1.373422897	-4.41
0.639709375	46.51049393	8.476032964	-1.373543166	-4.25
0.639713194	46.51043357	8.475957931	-1.362153026	-4.64
0.63982662	46.51049703	8.476049487	-1.374227395	-4.41
0.639830903	46.51047405	8.476001278	-1.373690201	-4.56
0.639868056	46.5104987	8.476041567	-1.374503437	-4.37
0.640090625	46.51050967	8.476069615	-1.375179165	-4.44
0.640102083	46.5104694	8.476021033	-1.37178277	-4.48
0.640130093	46.51050954	8.476055739	-1.37429974	-4.56
0.640137963	46.5104539	8.475994489	-1.364307656	-4.63
0.640219097	46.51049795	8.476048093	-1.374324966	-4.43
0.640316088	46.51045104	8.475984798	-1.364284079	-4.48
0.640411227	46.51046632	8.475994753	-1.372144248	-4.43
0.640453009	46.51047258	8.476015387	-1.369752736	-4.57
0.640465509	46.51044982	8.47598315	-1.363193787	-4.7
0.640475347	46.51049456	8.476031563	-1.373620982	-4.21
0.640479514	46.51047937	8.476031499	-1.37035324	-4.59
0.640498958	46.51048631	8.476030581	-1.373266382	-4.33
0.64051713	46.51048225	8.475961714	-1.374444729	-4.57
0.640519097	46.51050298	8.476057916	-1.375375718	-4.18
0.640527431	46.51050247	8.476064021	-1.375339442	-4.58
0.640623727	46.51050019	8.476050802	-1.374554312	-4.35
0.640629398	46.51046919	8.4760084	-1.370453309	-4.52
0.640746991	46.51043022	8.475924154	-1.367439429	-4.26
0.640771181	46.51047376	8.476024312	-1.37058306	-4.55
0.640856944	46.51045131	8.475988419	-1.366410141	-4.82
0.641226042	46.51037492	8.475819638	-1.367250422	-4.4
0.641255093	46.51046833	8.476009973	-1.370342598	-4.75
0.641285648	46.51048365	8.476025744	-1.372688003	-4.45
0.641331944	46.51026638	8.475963685	-1.381655879	-4.54
0.641393287	46.51050387	8.476049306	-1.373140066	-4.76
0.641474537	46.51043081	8.476067667	-1.365736088	-4.58
0.641505671	46.51042472	8.475961542	-1.363189209	-4.41
0.641535764	46.51049482	8.47604028	-1.373953106	-4.39
0.641538079	46.51045457	8.475998125	-1.365043798	-4.58
0.641543866	46.51048767	8.476051105	-1.369216834	-4.46
0.641544213	46.51047261	8.476023179	-1.371334776	-4.89
0.64155706	46.51052311	8.476075686	-1.374064179	-4.71
0.641574884	46.51049889	8.476035256	-1.373561039	-4.46
0.641583912	46.51043898	8.47592546	-1.363514214	-4.41
0.641606019	46.51050444	8.476056345	-1.374701754	-4.45
0.641639931	46.51044048	8.475988993	-1.367927724	-4.63
0.641651505	46.51047506	8.476024799	-1.3705748	-4.45
0.641662269	46.51048126	8.476047164	-1.370200452	-4.53
0.641778356	46.51049628	8.476017466	-1.375984729	-4.26
0.641790856	46.5104907	8.476047391	-1.374743092	-4.86
0.641833449	46.51043841	8.475943297	-1.366424156	-4.45
0.641840509	46.5104984	8.476048865	-1.373881641	-4.45
0.641852662	46.51048384	8.476013465	-1.372758742	-4.72
0.641884028	46.51045736	8.47594607	-1.368299825	-4.58
0.641906366	46.51045685	8.47600734	-1.358684715	-4.37
0.641917708	46.51050175	8.476049948	-1.373470058	-4.51
0.641936343	46.51044779	8.475946387	-1.368597651	-4.7
0.641965046	46.5105065	8.476059188	-1.374631737	-4.32
0.641982407	46.51050551	8.476068688	-1.375813462	-4.56
0.642028472	46.51049442	8.476040808	-1.37376118	-4.77
0.642029514	46.51042595	8.475910788	-1.367611051	-4.52
0.642041898	46.51043675	8.475938316	-1.366113521	-4.61
0.642050694	46.51042715	8.475909733	-1.367397082	-4.44
0.642112847	46.51050196	8.47604941	-1.373461053	-4.55
0.642165509	46.51050398	8.476051853	-1.374067549	-4.39
0.642176852	46.51040732	8.476024776	-1.353630087	-4.74
0.642212269	46.51048342	8.476053228	-1.371132206	-4.5
0.642242477	46.51049485	8.476039523	-1.373693389	-4.49
0.642246528	46.51047084	8.476019617	-1.371678953	-4.65
0.642336806	46.51050002	8.476055837	-1.375421775	-4.7
0.642387963	46.510516	8.47609571	-1.376889125	-4.1
0.642422801	46.51045927	8.47600856	-1.36372605	-4.58
0.642426968	46.5105063	8.476071749	-1.374613132	-4.52
0.642432407	46.51049775	8.476044538	-1.373534232	-4.61
0.642441898	46.5105078	8.476061312	-1.374892435	-4.58
0.64245162	46.51046824	8.47600655	-1.370499907	-4.76
0.642471181	46.51049572	8.47604079	-1.373264595	-4.51
0.642486921	46.51048086	8.476041368	-1.370041494	-4.28
0.64261794	46.51047214	8.47602275	-1.371363541	-4.6
0.642643634	46.51049657	8.476063382	-1.374048064	-4.39
0.642695602	46.51036418	8.475886139	-1.366834662	-4.66
0.64273588	46.51045293	8.475993008	-1.364396769	-4.41
0.642743056	46.51048418	8.476051735	-1.370058409	-4.36
0.64278912	46.51049362	8.476023184	-1.370918267	-4.51
0.642872569	46.51050069	8.476044522	-1.372773627	-4.36
0.643012731	46.51044049	8.475966357	-1.359198934	-4.34
0.643026736	46.51050072	8.476056495	-1.375073155	-4.54
0.643085069	46.51049262	8.476040349	-1.373031949	-4.49
0.643141435	46.51049327	8.476038647	-1.37378498	-4.57
0.643390394	46.51045731	8.476005505	-1.364768148	-4.52
0.643476968	46.51047802	8.476032914	-1.368836388	-4.38
0.643511111	46.51049571	8.476007081	-1.37369312	-4.58
0.643602083	46.51047379	8.475918173	-1.360854228	-4.45
0.643810532	46.51049094	8.476017516	-1.375233969	-4.45
0.643832292	46.51045856	8.475988147	-1.36869738	-4.46
0.643834375	46.51047416	8.476025316	-1.370894217	-4.62
0.644021065	46.51047511	8.476025475	-1.370559758	-4.53
0.644163079	46.51045273	8.475964919	-1.368644507	-4.65
0.644218866	46.51059305	8.476216009	-1.356872199	-4.44
0.644383218	46.51047498	8.476027092	-1.371521405	-4.15
0.644397338	46.51047437	8.47610474	-1.369421905	-4.27
0.644519676	46.51051467	8.476119415	-1.376047172	-4.41
0.644642708	46.51046681	8.476014196	-1.372097149	-4.51
0.644731713	46.51045614	8.476001253	-1.364003451	-4.57
0.64478044	46.51046778	8.47601074	-1.370964928	-4.79
0.644791551	46.51042618	8.475882135	-1.366261862	-4.41
0.651959028	46.51049078	8.476064882	-1.368890103	-4.21
0.652310069	46.51042204	8.475896326	-1.364471271	-4.27
0.65265	46.51044936	8.475966287	-1.361692844	-4.52
0.653445255	46.51042608	8.475987005	-1.361809275	-4.39
0.654379282	46.51045166	8.475964223	-1.371298381	-4.53
0.655948958	46.51051605	8.476066804	-1.374049337	-4.46
0.659808218	46.51047422	8.47610259	-1.369274241	-3.66
0.668456597	46.51047165	8.476111416	-1.36978062	-4.74
0.673012037	46.51036783	8.476135003	-1.383786171	-4.83
				
				
				
				
				
				
				
				
				
				
				
				
				
				
				
				
				
				
				
				
				
				
				
				
				
				
				
				
				
				
				
				
				
				
				
				
				
				
				
				
				
				
				
				
				
				
				
				
				
				
				
				
				
				
				
				
				
				
				
				
				
				
				
				
				
				
				
				
				
				
				
				
				
				
				
				
				
				
				
				
				
				
				
				
				
				
				
				
				
				
				
				
				
				
				
				
				
				
				
				
				
				
				
				
				
				
				
				
				
				
				
				
				
				
				
				
				
				
				
				
				
				
				
				
				
				
				
				
				
				
				
				
				
				
				
				
				
				
				
				
				
				
				
				
				
				
				
				
				
				
				
				
				
				
				
				
				
				
				
				
				
				
				
				
				
				
				
				
				
				
				
				
				
				
				
				
				
				
				
				
				
				
				
				
				
				
				
				
				
				
				
				
				
				
				
				
				
				
				
				
				
				
				
				
				
				
				
				
				
				
				
				
				
				
				
				
				
				
				
				
				
				
				
				
				
				
				
				
				
				
				
				
				
				
				
				
				
				
				
				
				
				
				
				
				
				
				
				
				
				
				
				
				
				
				
				
				
				
				
				
				
				
				
				
				
				
				
				
				
				
				
				
				
				
				
				
				
				
				
				
				
				
				
				
				
				
				
				
				
				
				
				
				
				
				
				
				
				
				
				
				
				
				
				
				
				
				
				
				
				
				
				
				
				
				
				
				
				
				
				
				
				
				
				
				
				
				
				
				
				
				
				
				
				
				
				
				
				
				
				
				
				
				
				
				
				
				
				
				
				
				
				
				
				
				
				
				
				
				
				
				
				
				
				
				
				
				
				
				
				
				
				
				
				
				
				
				
				
				
				
				
				
				
				
				
				
				
				
				
				
				
				
				
				
				
				
				
				
				
				
				
				
				
				
				
				
				
				
				
				
				
				
				
				
				
				
				
				
				
				
				
				
				
				
				
				
				
				
				
				
				
				
				
				
				
				
				
				
				
				
				
				
				
				
				
				
				
				
				
				
				
				
				
				
				
				
				
				
				
				
				
				
				
				
				
				
				
				
				
				
				
				
				
				
				
				
				
				
				
				
				
				
				
				
				
				
				
				
				
				
				
				
				
				
				
				
				
				
				
				
				
				
				
				
				
				
				
				
				
				
				
				
				
				
				
				
				
				
				
				
				
				
				
				
				
				
				
				
				
				
				
				
				
				
				
				
				
				
				
				
				
				
				
				
				
				
				
				
				
				
				
				
				
				
				
				
				
				
				
				
				
				
				
				
				
				
				
				
				
				
				
				
				
				
				
				
				
				
				
				
				
				
				
				
				
				
				
				
				
				
				
				
				
				
				
				
				
				
				
				
				
				
				
				
				
				
				
				
				
				
				
				
				
				
				
				
				
				
				
				
				
				
				
				
				
				
				
				
				
				
				
				
				
				
				
				
				
				
				
				
				
				
				
				
				
				
				
				
				
				
				
				
				
				
				
				
				
				
				
				
				
				
				
				
				
				
				
				
				
				
				
				
				
				
				
				
				
				
				
				
				
				
				
				
				
				
				
				
				
				
				
				
				
				
				
				
				
				
				
				
				
				
				
				
				
				
				
				
				
				
				
				
				
				
				
				
				
				
				
				
				
				
				
				
				
				
				
				
				
				
				
				
				
				
				
				
				
				
				
				
				
				
				
				
				
				
				
				
				
				
				
				
				
				
				
				
				
				
				
				
				
				
				
				
				
				
				
				
				
				
				
				
				
				
				
				
				
				
				
				
				
				
				
				
				
				
				
				
				
				
				
				
				
				
				
				
				
				
				
				
				
				
				
				
				
				
				
				
				
				
				
				
				
				
				
				
				
				
				
				
				
				
				
				
				
				
				
				
				
				
				
				
				
				
				
				
				
				
				
				
				
				
				
				
				
				
				
				
				
				
				
				
				
				
				
				
				
				
				
				
				
				
				
				
				
				
				
				
				
				
				
				
				
				
				
				
				
				
				
				
				
				
				
				
				
				
				
				
				
				
				
				
				
				
				
				
				
				
				
				
				
				
				
				
				
				
				
				
				
				
				
				
				
				
				
				
				
				
				
				
				
				
				
				
				
				
				
				
				
				
				
				
				
				
				
				
				
				
				
				
				
				
				
				
				
				
				
				
				
				
				
				
				
				
				
				
				
				
				
				
				
				
				
				
				
				
				
				
				
				
				
				
				
				
				
				
				
				
				
				
				
				
				
				
				
				
				
				
				
				
				
				
				
				
				
				
				
				
				
				
				
				
				
				
				
				
				
				
				
				
				
				
				
				
				
				
				
				
				
				
				
				
				
				
				
				
				
				
				
				
				
				
				
				
				
				
				
				
				
				
				
				
				
				
				
				
				
				
				
				
				
				
				
				
				
				
				
				
				
				
				
				
				
				
				
				
				
				
				
				
				
				
				
				
				
				
				
				
				
				
				
				
				
				
				
				
				
				
				
				
				
				
				
				
				
				
				
				
				
				
				
				
				
				
				
				
				
				
				
				
				
				
				
				
				
				
				
				
				
				
				
				
				
				
				
				
				
				
				
				
				
				
				
				
				
				
				
				
				
				
				
				
				
				
				
				
				
				
				
				
				
				
				
				
				
				
				
				
				
				
				
				
				
				
				
				
				
				
				
				
				
				
				
				
				
				
				
				
				
				
				
				
				
				
				
				
				
				
				
				
				
				
				
				
				
				
				
				
				
				
				
				
				
				
				
				
				
				
				
				
				
				
				
				
				
				
				
				
				
				
				
				
				
				
				
				
				
				
				
				
				
				
				
				
				
				
				
				
				
				
				
				
				
				
				
				
				
				
				
				
				
				
				
				
				
				
				
				
				
				
				
				
				
				
				
				
				
				
				
				
				
				
				
				
				
				
				
				
				
				
				
				
				
				
				
				
				
				
				
				
				
				
				
				
				
				
				
				
				
				
				
				
				
				
				
				
				
				
				
				
				
				
				
				
				
				
				
				
				
				
				
				
				
				
				
				
				
				
				
				
				
				
				
				
				
				
				
				
				
				
				
				
				
				
				
				
				
				
				
				
				
				
				
				
				
				
				
				
				
				
				
				
				
				
				
				
				
				
				
				
				
				
				
				
				
				
				
				
				
				
				
				
				
				
				
				
				
				
				
				
				
				
				
				
				
				
				
				
				
				
				
				
				
				
				
				
				
				
				
				
				
				
				
				
				
				
				
				
				
				
				
				
				
				
				
				
				
				
				
				
				
				
				
				
				
				
				
				
				
				
				
				
				
				
				
				
				
				
				
				
				
				
				
				
				
				
				
				
				
				
				
				
				
				
				
				
				
				
				
				
				
				
				
				
				
				
				
				
				
				
				
				
				
				
				
				
				
				
				
				
				
				
				
				
				
				
				
				
				
				
				
				
				
				
				
				
				
				
				
				
				
				
				
				
				
				
				
				
				
				
				
				
				
				
				
				
				
				
				
				
				
				
				
				
				
				
				
				
				
				
				
				
				
				
				
				
				
				
				
				
				
				
				
				
				
				
				
				
				
				
				
				
				
				
				
				
				
				
				
				
				
				
				
				
				
				
				
				
				
				
				
				
				
				
				
				
				
				
				
				
				
				
				
				
				
				
				
				
				
				
				
				
				
				
				
				
				
				
				
				
				
				
				
				
				
				
				
				
				
				
				
				
				
				
				
				
				
				
				
				
				
				
				
				
				
				
				
				
				
				
				
				
				
				
				
				
				
				
				
				
				
				
				
				
				
				
				
				
				
				
				
				
				
				
				
				
				
				
				
				
				
				
				
				
				
				
				
				
				
				
				
				
				
				
				
				
				
				
				
				
				
				
				
				
				
				
				
				
				
				
				
				
				
				
				
				
				
				
				
				
				
				
				
				
				
				
				
				
				
				
				
				
				
				
				
				
				
				
				
				
				
				
				
				
				
				
				
				
				
				
				
				
				
				
				
				
				
				
				
				
				
				
				
				
				
				
				
				
				
				
				
				
				
				
				
				
				
				
				
				
				
				
				
				
				
				
				
				
				
				
				
				
				
				
				
				
				
				
				
				
				
				
				
				
				
				
				
				
				
				
				
				
				
				
				
				
				
				
				
				
				
				
				
				
				
				
				
				
				
				
				
				
				
				
				
				
				
				
				
				
				
				
				
				
				
				
				
				
				
				
				
				
				
				
				
				
				
				
				
				
				
				
				
				
				
				
				
				
				
				
				
				
				
				
				
				
				
				
				
				
				
				
				
				
				
				
				
				
				
				
				
				
				
				
				
				
				
				
				
				
				
				
				
				
				
				
				
				
				
				
				
				
				
				
				
				
				
				
				
				
				
				
				
				
				
				
				
				
				
				
				
				
				
				
				
				
				
				
				
				
				
				
				
				
				
				
				
				
				
				
				
				
				
				
				
				
				
				
				
				
				
				
				
				
				
				
				
				
				
				
				
				
				
				
				
				
				
				
				
				
				
				
				
				
				
				
				
				
				
				
				
				
				
				
				
				
				
				
				
				
				
				
				
				
				
				
				
				
				
				
				
				
				
				
				
				
				
				
				
				
				
				
				
				
				
				
				
				
				
				
				
				
				
				
				
				
				
				
				
				
				
				
				
				
				
				
				
				
				
				
				
				
				
				
				
				
				
				
				
				
				
				
				
				
				
				
				
				
				
				
				
				
				
				
				
				
				
				
				
				
				
				
				
				
				
				
				
				
				
				
				
				
				
				
				
				
				
				
				
				
				
				
				
				
				
				
				
				
				
				
				
				
				
				
				
				
				
				
				
				
				
				
				
				
				
				
				
				
				
				
				
				
				
				
				
				
				
				
				
				
				
				
				
				
				
				
				
				
				
				
				
				
				
				
				
				
				
				
				
				
				
				
				
				
				
				
				
				
				
				
				
				
				
				
				
				
				
				
				
				
				
				
				
				
				
				
				
				
				
				
				
				
				
				
				
				
				
				
				
				
				
				
				
				
				
				
				
				
				
				
				
				
				
				
				
				
				
				
				
				
				
				
				
				
				
				
				
				
				
				
				
				
				
				
				
				
				
				
				
				
				
				
				
				
				
				
				
				
				
				
				
				
				
				
				
				
				
				
				
				
				
				
				
				
				
				
				
				
				
				
				
				
				
				
				
				
				
				
				
				
				
				
				
				
				
				
				
				
				
				
				
				
				
				
				
				
				
				
				
				
				
				
				
				
				
				
				
				
				
				
				
				
				
				
				
				
				
				
				
				
				
				
				
				
				
				
				
				
				
				
				
				
				
				
				
				
				
				
				
				
				
				
				
				
				
				
				
				
				
				
				
				
				
				
				
				
				
				
				
				
				
				
				
				
				
				
				
				
				
				
				
				
				
				
				
				
				
				
				
				
				
				
				
				
				
				
				
				
				
				
				
				
				
				
				
				
				
				
				
				
				
				
				
				
				
				
				
				
				
				
				
				
				
				
				
				
				
				
				
				
				
				
				
				
				
				
				
				
				
				
				
				
				
				
				
				
				
				
				
				
				
				
				
				
				
				
				
				
				
				
				
				
				
				
				
				
				
				
				
				
				
				
				
				
				
				
				
				
				
				
				
				
				
				
				
				
				
				
				
				
				
				
				
				
				
				
				
				
				
				
				
				
				
				
				
				
				
				
				
				
				
				
				
				
				
				
				
				
				
				
				
				
				
				
				
				
				
				
				
				
				
				
				
				
				
				
				
				
				
				
				
				
				
				
				
				
				
				
				
				
				
				
				
				
				
				
				
				
				
				
				
				
				
				
				
				
				
				
				
				
				
				
				
				
				
				
				
				
				
				
				
				
				
				
				
				
				
				
				
				
				
				
				
				
				
				
				
				
				
				
				
				
				
				
				
				
				
				
				
				
				
				
				
				
				
				
				
				
				
				
				
				
				
				
				
				
				
				
				
				
				
				
				
				
				
				
				
				
				
				
				
				
				
				
				
				
				
				
				
				
				
				
				
				
				
				
				
				
				
				
				
				
				
				
				
				
				
				
				
				
				
				
				
				
				
				
				
				
				
				
				
				
				
				
				
				
				
				
				
				
				
				
				
				
				
				
				
				
				
				
				
				
				
				
				
				
				
				
				
				
				
				
				
				
				
				
				
				
				
				
				
				
				
				
				
				
				
				
				
				
				
				
				
				
				
				
				
				
				
				
				
				
				
				
				
				
				
				
				
				
				
				
				
				
				
				
				
				
				
				
				
				
				
				
				
				
				
				
				
				
				
				
				
				
				
				
				
				
				
				
				
				
				
				
				
				
				
				
				
				
				
				
				
				
				
				
				
				
				
				
				
				
				
				
				
				
				
				
				
				
				
				
				
				
				
				
				
				
				
				
				
				
				
				
				
				
				
				
				
				
				
				
				
				
				
				
				
				
				
				
				
				
				
				
				
				
				
				
				
				
				
				
				
				
				
				
				
				
				
				
				
				
				
				
				
				
				
				
				
				
				
				
				
				
				
				
				
				
				
				
				
				
				
				
				
				
				
				
				
				
				
				
				
				
				
				
				
				
				
				
				
				
				
				
				
				
				
				
				
				
				
				
				
				
				
				
				
				
				
				
				
				
				
				
				
				
				
				
				
				
				
				
				
				
				
				
				
				
				
				
				
				
				
				
				
				
				
				
				
				
				
				
				
				
				
				
				
				
				
				
				
				
				
				
				
				
				
				
				
				
				
				
				
				
				
				
				
				
				
				
				
				
				
				
				
				
				
				
				
				
				
				
				
				
				
				
				
				
				
				
				
				
				
				
				
				
				
				
				
				
				
				
				
				
				
				
				
				
				
				
				
				
				
				
				
				
				
				
				
				
				
				
				
				
				
				
				
				
				
				
				
				
				
				
				
				
				
				
				
				
				
				
				
				
				
				
				
				
				
				
				
				
				
				
				
				
				
				
				
				
				
				
				
				
				
				
				
				
				
				
				
				
				
				
				
				
				
				
				
				
				
				
				
				
				
				
				
				
				
				
				
				
				
				
				
				
				
				
				
				
				
				
				
				
				
				
				
				
				
				
				
				
				
				
				
				
				
				
				
				
				
				
				
				
				
				
				
				
				
				
				
				
				
				
				
				
				
				
				
				
				
				
				
				
				
				
				
				
				
				
				
				
				
				
				
				
				
				
				
				
				
				
				
				
				
				
				
				
				
				
				
				
				
				
				
				
				
				
				
				
				
				
				
				
				
				
				
				
				
				
				
				
				
				
				
				
				
				
				
				
				
				
				
				
				
				
				
				
				
				
				
				
				
				
				
				
				
				
				
				
				
				
				
				
				
				
				
				
				
				
				
				
				
				
				
				
				
				
				
				
				
				
				
				
				
				
				
				
				
				
				
				
				
				
				
				
				
				
				
				
				
				
				
				
				
				
				
				
				
				
				
				
				
				
				
				
				
				
				
				
				
				
				
				
				
				
				
				
				
				
				
				
				
				
				
				
				
				
				
				
				
				
				
				
				
				
				
				
				
				
				
				
				
				
				
				
				
				
				
				
				
				
				
				
				
				
				
				
				
				
				
				
				
				
				
				
				
				
				
				
				
				
				
				
				
				
				
				
				
				
				
				
				
				
				
				
				
				
				
				
				
				
				
				
				
				
				
				
				
				
				
				
				
				
				
				
				
				
				
				
				
				
				
				
				
				
				
				
				
				
				
				
				
				
				
				
				
				
				
				
				
				
				
				
				
				
				
				
				
				
				
				
				
				
				
				
				
				
				
				
				
				
				
				
				
				
				
				
				
				
				
				
				
				
				
				
				
				
				
				
				
				
				
				
				
				
				
				
				
				
				
				
				
				
				
				
				
				
				
				
				
				
				
				
				
				
				
				
				
				
				
				
				
				
				
				
				
				
				
				
				
				
				
				
				
				
				
				
				
				
				
				
				
				
				
				
				
				
				
				
				
				
				
				
				
				
				
				
				
				
				
				
				
				
				
				
				
				
				
				
				
				
				
				
				
				
				
				
				
				
				
				
				
				
				
				
				
				
				
				
				
				
				
				
				
				
				
				
				
				
				
				
				
				
				
				
				
				
				
				
				
				
				
				
				
				
				
				
				
				
				
				
				
				
				
				
				
				
				
				
				
				
				
				
				
				
				
				
				
				
				
				
				
				
				
				
				
				
				
				
				
				
				
				
				
				
				
				
				
				
				
				
				
				
				
				
				
				
				
				
				
				
				
				
				
				
				
				
				
				
				
				
				
				
				
				
				
				
				
				
				
				
				
				
				
				
				
				
				
				
				
				
				
				
				
				
				
				
				
				
				
				
				
				
				
				
				
				
				
				
				
				
				
				
				
				
				
				
				
				
				
				
				
				
				
				
				
				
				
				
				
				
				
				
				
				
				
				
				
				
				
				
				
				
				
				
				
				
				
				
				
				
				
				
				
				
				
				
				
				
				
				
				
				
				
				
				
				
				
				
				
				
				
				
				
				
				
				
				
				
				
				
				
				
				
				
				
				
				
				
				
				
				
				
				
				
				
				
				
				
				
				
				
				
				
				
				
				
				
				
				
				
				
				
				
				
				
				
				
				
				
				
				
				
				
				
				
				
				
				
				
				
				
				
				
				
				
				
				
				
				
				
				
				
				
				
				
				
				
				
				
				
				
				
				
				
				
				
				
				
				
				
				
				
				
				
				
				
				
				
				
				
				
				
				
				
				
				
				
				
				
				
				
				
				
				
				
				
				
				
				
				
				
				
				
				
				
				
				
				
				
				
				
				
				
				
				
				
				
				
				
				
				
				
				
				
				
				
				
				
				
				
				
				
				
				
				
				
				
				
				
				
				
				
				
				
				
				
				
				
				
				
				
				
				
				
				
				
				
				
				
				
				
				
				
				
				
				
				
				
				
				
				
				
				
				
				
				
				
				
				
				
				
				
				
				
				
				
				
				
				
				
				
				
				
				
				
				
				
				
				
				
				
				
				
				
				
				
				
				
				
				
				
				
				
				
				
				
				
				
				
				
				
				
				
				
				
				
				
				
				
				
				
				
				
				
				
				
				
				
				
				
				
				
				
				
				
				
				
				
				
				
				
				
				
				
				
				
				
				
				
				
				
				
				
				
				
				
				
				
				
				
				
				
				
				
				
				
				
				
				
				
				
				
				
				
				
				
				
				
				
				
				
				
				
				
				
				
				
				
				
				
				
				
				
				
				
				
				
				
				
				
				
				
				
				
				
				
				
				
				
				
				
				
				
				
				
				
				
				
				
				
				
				
				
				
				
				
				
				
				
				
				
				
				
				
				
				
				
				
				
				
				
				
				
				
				
				
				
				
				
				
				
				
				
				
				
				
				
				
				
				
				
				
				
				
				
				
				
				
				
				
				
				
				
				
				
				
				
				
				
				
				
				
				
				
				
				
				
				
				
				
				
				
				
				
				
				
				
				
				
				
				
				
				
				
				
				
				
				
				
				
				
				
				
				
				
				
				
				
				
				
				
				
				
				
				
				
				
				
				
				
				
				
				
				
				
				
				
				
				
				
				
				
				
				
				
				
				
				
				
				
				
				
				
				
				
				
				
				
				
				
				
				
				
				
				
				
				
				
				
				
				
				
				
				
				
				
				
				
				
				
				
				
				
				
				
				
				
				
				
				
				
				
				
				
				
				
				
				
				
				
				
				
				
				
				
				
				
				
				
				
				
				
				
				
				
				
				
				
				
				
				
				
				
				
				
				
				
				
				
				
				
				
				
				
				
				
				
				
				
				
				
				
				
				
				
				
				
				
				
				
				
				
				
				
				
				
				
				
				
				
				
				
				
				
				
				
				
				
				
				
				
				
				
				
				
				
				
				
				
				
				
				
				
				
				
				
				
				
				
				
				
				
				
				
				
				
				
				
				
				
				
				
				
				
				
				
				
				
				
				
				
				
				
				
				
				
				
				
				
				
				
				
				
				
				
				
				
				
				
				
				
				
				
				
				
				
				
				
				
				
				
				
				
				
				
				
				
				
				
				
				
				
				
				
				
				
				
				
				
				
				
				
				
				
				
				
				
				
				
				
				
				
				
				
				
				
				
				
				
				
				
				
				
				
				
				
				
				
				
				
				
				
				
				
				
				
				
				
				
				
				
				
				
				
				
				
				
				
				
				
				
				
				
				
				
				
				
				
				
				
				
				
				
				
				
				
				
				
				
				
				
				
				
				
				
				
				
				
				
				
				
				
				
				
				
				
				
				
				
				
				
				
				
				
				
				
				
				
				
				
				
				
				
				
				
				
				
				
				
				
				
				
				
				
				
				
				
				
				
				
				
				
				
				
				
				
				
				
				
				
				
				
				
				
				
				
				
				
				
				
				
				
				
				
				
				
				
				
				
				
				
				
				
				
				
				
				
				
				
				
				
				
				
				
				
				
				
				
				
				
				
				
				
				
				
				
				
				
				
				
				
				
				
				
				
				
				
				
				
				
				
				
				
				
				
				
				
				
				
				
				
				
				
				
				
				
				
				
				
				
				
				
				
				
				
				
				
				
				
				
				
				
				
				
				
				
				
				
				
				
				
				
				
				
				
				
				
				
				
				
				
				
				
				
				
				
				
				
				
				
				
				
				
				
				
				
				
				
				
				
				
				
				
				
				
				
				
				
				
				
				
				
				
				
				
				
				
				
				
				
				
				
				
				
				
				
				
				
				
				
				
				
				
				
				
				
				
				
				
				
				
				
				
				
				
				
				
				
				
				
				
				
				
				
				
				
				
				
				
				
				
				
				
				
				
				
				
				
				
				
				
				
				
				
				
				
				
				
				
				
				
				
				
				
				
				
				
				
				
				
				
				
				
				
				
				
				
				
				
				
				
				
				
				
				
				
				
				
				
				
				
				
				
				
				
				
				
				
				
				
				
				
				
				
				
				
				
				
				
				
				
				
				
				
				
				
				
				
				
				
				
				
				
				
				
				
				
				
				
				
				
				
				
				
				
				
				
				
				
				
				
				
				
				
				
				
				
				
				
				
				
				
				
				
				
				
				
				
				
				
				
				
				
				
				
				
				
				
				
				
				
				
				
				
				
				
				
				
				
				
				
				
				
				
				
				
				
				
				
				
				
				
				
				
				
				
				
				
				
				
				
				
				
				
				
				
				
				
				
				
				
				
				
				
				
				
				
				
				
				
				
				
				
				
				
				
				
				
				
				
				
				
				
				
				
				
				
				
				
				
				
				
				
				
				
				
				
				
				
				
				
				
				
				
				
				
				
				
				
				
				
				
				
				
				
				
				
				
				
				
				
				
				
				
				
				
				
				
				
				
				
				
				
				
				
				
				
				
				
				
				
				
				
				
				
				
				
				
				
				
				
				
				
				
				
				
				
				
				
				
				
				
				
				
				
				
				
				
				
				
				
				
				
				
				
				
				
				
				
				
				
				
				
				
				
				
				
				
				
				
				
				
				
				
				
				
				
				
				
				
				
				
				
				
				
				
				
				
				
				
				
				
				
				
				
				
				
				
				
				
				
				
				
				
				
				
				
				
				
				
				
				
				
				
				
				
				
				
				
				
				
				
				
				
				
				
				
				
				
				
				
				
				
				
				
				
				
				
				
				
				
				
				
				
				
				
				
				
				
				
				
				
				
				
				
				
				
				
				
				
				
				
				
				
				
				
				
				
				
				
				
				
				
				
				
				
				
				
				
				
				
				
				
				
				
				
				
				
				
				
				
				
				
				
				
				
				
				
				
				
				
				
				
				
				
				
				
				
				
				
				
				
				
				
				
				
				
				
				
				
				
				
				
				
				
				
				
				
				
				
				
				
				
				
				
				
				
				
				
				
				
				
				
				
				
				
				
				
				
				
				
				
				
				
				
				
				
				
				
				
				
				
				
				
				
				
				
				
				
				
				
				
				
				
				
				
				
				
				
				
				
				
				
				
				
				
				
				
				
				
				
				
				
				
				
				
				
				
				
				
				
				
				
				
				
				
				
				
				
				
				
				
				
				
				
				
				
				
				
				
				
				
				
				
				
				
				
				
				
				
				
				
				
				
				
				
				
				
				
				
				
				
				
				
				
				
				
				
				
				
				
				
				
				
				
				
				
				
				
				
				
				
				
				
				
				
				
				
				
				
				
				
				
				
				
				
				
				
				
				
				
				
				
				
				
				
				
				
				
				
				
				
				
				
				
				
				
				
				
				
				
				
				
				
				
				
				
				
				
				
				
				
				
				
				
				
				
				
				
				
				
				
				
				
				
				
				
				
				
				
				
				
				
				
				
				
				
				
				
				
				
				
				
				
				
				
				
				
				
				
				
				
				
				
				
				
				
				
				
				
				
				
				
				
				
				
				
				
				
				
				
				
				
				
				
				
				
				
				
				
				
				
				
				
				
				
				
				
				
				
				
				
				
				
				
				
				
				
				
				
				
				
				
				
				
				
				
				
				
				
				
				
				
				
				
				
				
				
				
				
				
				
				
				
				
				
				
				
				
				
				
				
				
				
				
				
				
				
				
				
				
				
				
				
				
				
				
				
				
				
				
				
				
				
				
				
				
				
				
				
				
				
				
				
				
				
				
				
				
				
				
				
				
				
				
				
				
				
				
				
				
				
				
				
				
				
				
				
				
				
				
				
				
				
				
				
				
				
				
				
				
				
				
				
				
				
				
				
				
				
				
				
				
				
				
				
				
				
				
				
				
				
				
				
				
				
				
				
				
				
				
				
				
				
				
				
				
				
				
				
				
				
				
				
				
				
				
				
				
				
				
				
				
				
				
				
				
				
				
				
				
				
				
				
				
				
				
				
				
				
				
				
				
				
				
				
				
				
				
				
				
				
				
				
				
				
				
				
				
				
				
				
				
				
				
				
				
				
				
				
				
				
				
				
				
				
				
				
				
				
				
				
				
				
				
				
				
				
				
				
				
				
				
				
				
				
				
				
				
				
				
				
				
				
				
				
				
				
				
				
				
				
				
				
				
				
				
				
				
				
				
				
				
				
				
				
				
				
				
				
				
				
				
				
				
				
				
				
				
				
				
				
				
				
				
				
				
				
				
				
				
				
				
				
				
				
				
				
				
				
				
				
				
				
				
				
				
				
				
				
				
				
				
				
				
				
				
				
				
				
				
				
				
				
				
				
				
				
				
				
				
				
				
				
				
				
				
				
				
				
				
				
				
				
				
				
				
				
				
				
				
				
				
				
				
				
				
				
				
				
				
				
				
				
				
				
				
				
				
				
				
				
				
				
				
				
				
				
				
				
				
				
				
				
				
				
				
				
				
				
				
				
				
				
				
				
				
				
				
				
				
				
				
				
				
				
				
				
				
				
				
				
				
				
				
				
				
				
				
				
				
				
				
				
				
				
				
				
				
				
				
				
				
				
				
				
				
				
				
				
				
				
				
				
				
				
				
				
				
				
				
				
				
				
				
				
				
				
				
				
				
				
				
				
				
				
				
				
				
				
				
				
				
				
				
				
				
				
				
				
				
				
				
				
				
				
				
				
				
				
				
				
				
				
				
				
				
				
				
				
				
				
				
				
				
				
				
				
				
				
				
				
				
				
				
				
				
				
				
				
				
				
				
				
				
				
				
				
				
				
				
				
				
				
				
				
				
				
				
				
				
				
				
				
				
				
				
				
				
				
				
				
				
				
				
				
				
				
				
				
				
				
				
				
				
				
				
				
				
				
				
				
				
				
				
				
				
				
				
				
				
				
				
				
				
				
				
				
				
				
				
				
				
				
				
				
				
				
				
				
				
				
				
				
				
				
				
				
				
				
				
				
				
				
				
				
				
				
				
				
				
				
				
				
				
				
				
				
				
				
				
				
				
				
				
				
				
				
				
				
				
				
				
				
				
				
				
				
				
				
				
				
				
				
				
				
				
				
				
				
				
				
				
				
				
				
				
				
				
				
				
				
				
				
				
				
				
				
				
				
				
				
				
				
				
				
				
				
				
				
				
				
				
				
				
				
				
				
				
				
				
				
				
				
				
				
				
				
				
				
				
				
				
				
				
				
				
				
				
				
				
				
				
				
				
				
				
				
				
				
				
				
				
				
				
				
				
				
				
				
				
				
				
				
				
				
				
				
				
				
				
				
				
				
				
				
				
				
				
				
				
				
				
				
				
				
				
				
				
				
				
				
				
				
				
				
				
				
				
				
				
				
				
				
				
				
				
				
				
				
				
				
				
				
				
				
				
				
				
				
				
				
				
				
				
				
				
				
				
				
				
				
				
				
				
				
				
				
				
				
				
				
				
				
				
				
				
				
				
				
				
				
				
				
				
				
				
				
				
				
				
				
				
				
				
				
				
				
				
				
				
				
				
				
				
				
				
				
				
				
				
				
				
				
				
				
				
				
				
				
				
				
				
				
				
				
				
				
				
				
				
				
				
				
				
				
				
				
				
				
				
				
				
				
				
				
				
				
				
				
				
				
				
				
				
				
				
				
				
				
				
				
				
				
				
				
				
				
				
				
				
				
				
				
				
				
				
				
				
				
				
				
				
				
				
				
				
				
				
				
				
				
				
				
				
				
				
				
				
				
				
				
				
				
				
				
				
				
				
				
				
				
				
				
				
				
				
				
				
				
				
				
				
				
				
				
				
				
				
				
				
				
				
				
				
				
				
				
				
				
				
				
				
				
				
				
				
				
				
				
				
				
				
				
				
				
				
				
				
				
				
				
				
				
				
				
				
				
				
				
				
				
				
				
				
				
				
				
				
				
				
				
				
				
				
				
				
				
				
				
				
				
				
				
				
				
				
				
				
				
				
				
				
				
				
				
				
				
				
				
				
				
				
				
				
				
				
				
				
				
				
				
				
				
				
				
				
				
				
				
				
				
				
				
				
				
				
				
				
				
				
				
				
				
				
				
				
				
				
				
				
				
				
				
				
				
				
				
				
				
				
				
				
				
				
				
				
				
				
				
				
				
				
				
				
				
				
				
				
				
				
				
				
				
				
				
				
				
				
				
				
				
				
				
				
				
				
				
				
				
				
				
				
				
				
				
				
				
				
				
				
				
				
				
				
				
				
				
				
				
				
				
				
				
				
				
				
				
				
				
				
				
				
				
				
				
				
				
				
				
				
				
				
				
				
				
				
				
				
				
				
				
				
				
				
				
				
				
				
				
				
				
				
				
				
				
				
				
				
				
				
				
				
				
				
				
				
				
				
				
				
				
				
				
				
				
				
				
				
				
				
				
				
				
				
				
				
				
				
				
				
				
				
				
				
				
				
				
				
				
				
				
				
				
				
				
				
				
				
				
				
				
				
				
				
				
				
				
				
				
				
				
				
				
				
				
				
				
				
				
				
				
				
				
				
				
				
				
				
				
				
				
				
				
				
				
				
				
				
				
				
				
				
				
				
				
				
				
				
				
				
				
				
				
				
				
				
				
				
				
				
				
				
				
				
				
				
				
				
				
				
				
				
				
				
				
				
				
				
				
				
				
				
				
				
				
				
				
				
				
				
				
				
				
				
				
				
				
				
				
				
				
				
				
				
				
				
				
				
				
				
				
				
				
				
				
				
				
				
				
				
				
				
				
				
				
				
				
				
				
				
				
				
				
				
				
				
				
				
				
				
				
				
				
				
				
				
				
				
				
				
				
				
				
				
				
				
				
				
				
				
				
				
				
				
				
				
				
				
				
				
				
				
				
				
				
				
				
				
				
				
				
				
				
				
				
				
				
				
				
				
				
				
				
				
				
				
				
				
				
				
				
				
				
				
				
				
				
				
				
				
				
				
				
				
				
				
				
				
				
				
				
				
				
				
				
				
				
				
				
				
				
				
				
				
				
				
				
				
				
				
				
				
				
				
				
				
				
				
				
				
				
				
				
				
				
				
				
				
				
				
				
				
				
				
				
				
				
				
				
				
				
				
				
				
				
				
				
				
				
				
				
				
				
				
				
				
				
				
				
				
				
				
				
				
				
				
				
				
				
				
				
				
				
				
				
				
				
				
				
				
				
				
				
				
				
				
				
				
				
				
				
				
				
				
				
				
				
				
				
				
				
				
				
				
				
				
				
				
				
				
				
				
				
				
				
				
				
				
				
				
				
				
				
				
				
				
				
				
				
				
				
				
				
				
				
				
				
				
				
				
				
				
				
				
				
				
				
				
				
				
				
				
				
				
				
				
				
				
				
				
				
				
				
				
				
				
				
				
				
				
				
				
				
				
				
				
				
				
				
				
				
				
				
				
				
				
				
				
				
				
				
				
				
				
				
				
				
				
				
				
				
				
				
				
				
				
				
				
				
				
				
				
				
				
				
				
				
				
				
				
				
				
				
				
				
				
				
				
				
				
				
				
				
				
				
				
				
				
				
				
				
				
				
				
				
				
				
				
				
				
				
				
				
				
				
				
				
				
				
				
				
				
				
				
				
				
				
				
				
				
				
				
				
				
				
				
				
				
				
				
				
				
				
				
				
				
				
				
				
				
				
				
				
				
				
				
				
				
				
				
				
				
				
				
				
				
				
				
				
				
				
				
				
				
				
				
				
				
				
				
				
				
				
				
				
				
				
				
				
				
				
				
				
				
				
				
				
				
				
				
				
				
				
				
				
				
				
				
				
				
				
				
				
				
				
				
				
				
				
				
				
				
				
				
				
				
				
				
				
				
				
				
				
				
				
				
				
				
				
				
				
				
				
				
				
				
				
				
				
				
				
				
				
				
				
				
				
				
				
				
				
				
				
				
				
				
				
				
				
				
				
				
				
				
				
				
				
				
				
				
				
				
				
				
				
				
				
				
				
				
				
				
				
				
				
				
				
				
				
				
				
				
				
				
				
				
				
				
				
				
				
				
				
				
				
				
				
				
				
				
				
				
				
				
				
				
				
				
				
				
				
				
				
				
				
				
				
				
				
				
				
				
				
				
				
				
				
				
				
				
				
				
				
				
				
				
				
				
				
				
				
				
				
				
				
				
				
				
				
				
				
				
				
				
				
				
				
				
				
				
				
				
				
				
				
				
				
				
				
				
				
				
				
				
				
				
				
				
				
				
				
				
				
				
				
				
				
				
				
				
				
				
				
				
				
				
				
				
				
				
				
				
				
				
				
				
				
				
				
				
				
				
				
				
				
				
				
				
				
				
				
				
				
				
				
				
				
				
				
				
				
				
				
				
				
				
				
				
				
				
				
				
				
				
				
				
				
				
				
				
				
				
				
				
				
				
				
				
				
				
				
				
				
				
				
				
				
				
				
				
				
				
				
				
				
				
				
				
				
				
				
				
				
				
				
				
				
				
				
				
				
				
				
				
				
				
				
				
				
				
				
				
				
				
				
				
				
				
				
				
				
				
				
				
				
				
				
				
				
				
				
				
				
				
				
				
				
				
				
				
				
				
				
				
				
				
				
				
				
				
				
				
				
				
				
				
				
				
				
				
				
				
				
				
				
				
				
				
				
				
				
				
				
				
				
				
				
				
				
				
				
				
				
				
				
				
				
				
				
				
				
				
				
				
				
				
				
				
				
				
				
				
				
				
				
				
				
				
				
				
				
				
				
				
				
				
				
				
				
				
				
				
				
				
				
				
				
				
				
				
				
				
				
				
				
				
				
				
				
				
				
				
				
				
				
				
				
				
				
				
				
				
				
				
				
				
				
				
				
				
				
				
				
				
				
				
				
				
				
				
				
				
				
				
				
				
				
				
				
				
				
				
				
				
				
				
				
				
				
				
				
				
				
				
				
				
				
				
				
				
				
				
				
				
				
				
				
				
				
				
				
				
				
				
				
				
				
				
				
				
				
				
				
				
				
				
				
				
				
				
				
				
				
				
				
				
				
				
				
				
				
				
				
				
				
				
				
				
				
				
				
				
				
				
				
				
				
				
				
				
				
				
				
				
				
				
				
				
				
				
				
				
				
				
				
				
				
				
				
				
				
				
				
				
				
				
				
				
				
				
				
				
				
				
				
				
				
				
				
				
				
				
				
				
				
				
				
				
				
				
				
				
				
				
				
				
				
				
				
				
				
				
				
				
				
				
				
				
				
				
				
				
				
				
				
				
				
				
				
				
				
				
				
				
				
				
				
				
				
				
				
				
				
				
				
				
				
				
				
				
				
				
				
				
				
				
				
				
				
				
				
				
				
				
				
				
				
				
				
				
				
				
				
				
				
				
				
				
				
				
				
				
				
				
				
				
				
				
				
				
				
				
				
				
				
				
				
				
				
				
				
				
				
				
				
				
				
				
				
				
				
				
				
				
				
				
				
				
				
				
				
				
				
				
				
				
				
				
				
				
				
				
				
				
				
				
				
				
				
				
				
				
				
				
				
				
				
				
				
				
				
				
				
				
				
				
				
				
				
				
				
				
				
				
				
				
				
				
				
				
				
				
				
				
				
				
				
				
				
				
				
				
				
				
				
				
				
				
				
				
				
				
				
				
				
				
				
				
				
				
				
				
				
				
				
				
				
				
				
				
				
				
				
				
				
				
				
				
				
				
				
				
				
				
				
				
				
				
				
				
				
				
				
				
				
				
				
				
				
				
				
				
				
				
				
				
				
				
				
				
				
				
				
				
				
				
				
				
				
				
				
				
				
				
				
				
				
				
				
				
				
				
				
				
				
				
				
				
				
				
				
				
				
				
				
				
				
				
				
				
				
				
				
				
				
				
				
				
				
				
				
				
				
				
				
				
				
				
				
				
				
				
				
				
				
				
				
				
				
				
				
				
				
				
				
				
				
				
				
				
				
				
				
				
				
				
				
				
				
				
				
				
				
				
				
				
				
				
				
				
				
				
				
				
				
				
				
				
				
				
				
				
				
				
				
				
				
				
				
				
				
				
				
				
				
				
				
				
				
				
				
				
				
				
				
				
				
				
				
				
				
				
				
				
				
				
				
				
				
				
				
				
				
				
				
				
				
				
				
				
				
				
				
				
				
				
				
				
				
				
				
				
				
				
				
				
				
				
				
				
				
				
				
				
				
				
				
				
				
				
				
				
				
				
				
				
				
				
				
				
				
				
				
				
				
				
				
				
				
				
				
				
				
				
				
				
				
				
				
				
				
				
				
				
				
				
				
				
				
				
				
				
				
				
				
				
				
				
				
				
				
				
				
				
				
				
				
				
				
				
				
				
				
				
				
				
				
				
				
				
				
				
				
				
				
				
				
				
				
				
				
				
				
				
				
				
				
				
				
				
				
				
				
				
				
				
				
				
				
				
				
				
				
				
				
				
				
				
				
				
				
				
				
				
				
				
				
				
				
				
				
				
				
				
				
				
				
				
				
				
				
				
				
				
				
				
				
				
				
				
				
				
				
				
				
				
				
				
				
				
				
				
				
				
				
				
				
				
				
				
				
				
				
				
				
				
				
				
				
				
				
				
				
				
				
				
				
				
				
				
				
				
				
				
				
				
				
				
				
				
				
				
				
				
				
				
				
				
				
				
				
				
				
				
				
				
				
				
				
				
				
				
				
				
				
				
				
				
				
				
				
				
				
				
				
				
				
				
				
				
				
				
				
				
				
				
				
				
				
				
				
				
				
				
				
				
				
				
				
				
				
				
				
				
				
				
				
				
				
				
				
				
				
				
				
				
				
				
				
				
				
				
				
				
				
				
				
				
				
				
				
				
				
				
				
				
				
				
				
				
				
				
				
				
				
				
				
				
				
				
				
				
				
				
				
				
				
				
				
				
				
				
				
				
				
				
				
				
				
				
				
				
				
				
				
				
				
				
				
				
				
				
				
				
				
				
				
				
				
				
				
				
				
				
				
				
				
				
				
				
				
				
				
				
				
				
				
				
				
				
				
				
				
				
				
				
				
				
				
				
				
				
				
				
				
				
				
				
				
				
				
				
				
				
				
				
				
				
				
				
				
				
				
				
				
				
				
				
				
				
				
				
				
				
				
				
				