0.0730178819503635	27.3930110000000	108.861019000000	2.38000000000000	-0.420000000000000
0.0776423958595842	27.3935200000000	108.861035000000	2.28200000000000	-0.780000000000000
0.301052210619673	27.3939800000000	108.861670000000	2.41100000000000	-0.560000000000000
0.305728402803652	27.3950970000000	108.861117000000	2.45900000000000	-0.480000000000000
0.306036122725345	27.3927430000000	108.861198000000	2.39100000000000	-0.920000000000000
0.309046504669823	27.3944210000000	108.861450000000	2.41200000000000	-0.390000000000000
0.310405335621908	27.3941530000000	108.861361000000	2.40600000000000	-0.490000000000000
0.311208437546156	27.3938210000000	108.861450000000	2.38500000000000	-0.640000000000000
0.326262025511824	27.3926740000000	108.860669000000	2.38600000000000	0.750000000000000
0.336254479130730	27.3928830000000	108.861947000000	2.50800000000000	0.240000000000000
0.348367500002496	27.3927610000000	108.862500000000	2.54200000000000	-0.650000000000000
0.348949421313591	27.3931880000000	108.862573000000	2.50800000000000	-0.760000000000000
0.350740324123763	27.3925250000000	108.862028000000	2.50900000000000	-1.02000000000000
0.374345138901845	27.3929870000000	108.862386000000	2.50700000000000	-0.110000000000000
0.378852152731270	27.3927390000000	108.860457000000	2.38000000000000	-0.310000000000000
0.379907858790830	27.3929380000000	108.862329000000	2.52000000000000	-0.490000000000000
0.505537870340049	27.4085000000000	108.871700000000	3.80000000000000	-0.440000000000000
0.505711400415748	27.4012370000000	108.856364000000	1.58900000000000	-0.520000000000000
0.505732199060731	27.3876060000000	108.852922000000	0.605000000000000	-0.570000000000000
0.507339270785451	27.3930010000000	108.862231000000	2.50800000000000	-0.620000000000000
0.514201134210452	27.3964680000000	108.859937000000	1.51400000000000	-0.890000000000000
0.530056273099035	27.3934350000000	108.859375000000	2.36500000000000	-0.450000000000000
0.598053194466047	27.3942830000000	108.860742000000	2.43300000000000	-0.190000000000000
1.00344589119777	27.3933450000000	108.860848000000	2.42500000000000	-0.190000000000000
1.00734040513635	27.3932620000000	108.860872000000	2.44100000000000	-0.0300000000000000
1.00993449077941	27.3930440000000	108.860758000000	2.45000000000000	-0.600000000000000
1.00995174772106	27.3928610000000	108.860758000000	2.45300000000000	-0.190000000000000
1.01149489579257	27.3929400000000	108.862354000000	2.48100000000000	-0.530000000000000
1.01363328704610	27.3940370000000	108.860547000000	2.40100000000000	-0.300000000000000
1.01673405093607	27.3934650000000	108.861051000000	2.53200000000000	-0.110000000000000
1.01912091439590	27.3931190000000	108.860685000000	2.46600000000000	0.0300000000000000
1.02148983790539	27.3939880000000	108.860612000000	2.34400000000000	-0.0800000000000000
1.02369114581961	27.3933040000000	108.861068000000	2.45300000000000	0
1.02586968755350	27.3936630000000	108.861011000000	2.57400000000000	-0.420000000000000
1.02614652772900	27.3931030000000	108.861157000000	2.36700000000000	-0.810000000000000
1.02679494209588	27.3932500000000	108.860832000000	2.44900000000000	-0.280000000000000
1.02749613428023	27.3931760000000	108.860669000000	2.49000000000000	-0.0700000000000000
1.02849675924517	27.3926800000000	108.861418000000	2.49500000000000	-0.720000000000000
1.03154072922189	27.3933290000000	108.860864000000	2.48800000000000	-0.0900000000000000
1.03167390043382	27.3931910000000	108.860815000000	2.48600000000000	-0.370000000000000
1.03185483801644	27.3937440000000	108.860628000000	2.39000000000000	-0.390000000000000
1.03253649303224	27.3931010000000	108.860954000000	2.50300000000000	-0.900000000000000
1.03299932868686	27.3931290000000	108.860840000000	2.48200000000000	-0.430000000000000
1.03335293976124	27.3937260000000	108.860620000000	2.46700000000000	-0.650000000000000
1.03743957180996	27.3931950000000	108.860791000000	2.53200000000000	0.0900000000000000
1.03757384256460	27.3933940000000	108.861100000000	2.42200000000000	-0.200000000000000
1.03941840282641	27.3932660000000	108.860848000000	2.48900000000000	0.130000000000000
1.03958686348051	27.3931840000000	108.860807000000	2.47600000000000	0.0300000000000000
1.04160753474571	27.3933760000000	108.860791000000	2.47300000000000	-0.530000000000000
1.04262665507849	27.3929770000000	108.860303000000	2.49200000000000	-0.660000000000000
1.04426866897848	27.3941940000000	108.859546000000	2.58900000000000	-1.03000000000000
1.04529763886239	27.3928180000000	108.860229000000	2.45600000000000	-0.730000000000000
1.04601701383945	27.3967670000000	108.860173000000	1.58300000000000	-0.360000000000000
1.04615229170304	27.3934410000000	108.860449000000	2.41400000000000	-0.440000000000000
1.04696791665629	27.3931760000000	108.860636000000	2.44600000000000	-0.850000000000000
1.04735762730706	27.3933700000000	108.860872000000	2.42400000000000	-0.360000000000000
1.04865877318662	27.3933020000000	108.860457000000	2.53900000000000	-0.790000000000000
1.04888934025075	27.3936970000000	108.860588000000	2.42700000000000	-0.780000000000000
1.04897483799141	27.3963560000000	108.860116000000	1.61000000000000	-1.06000000000000
1.04940192133654	27.3936580000000	108.860905000000	2.52600000000000	-0.690000000000000
1.04972506943159	27.3925210000000	108.860303000000	2.39800000000000	-0.480000000000000
1.05068538198248	27.3929100000000	108.860327000000	2.57300000000000	-0.540000000000000
1.05112340277992	27.3748000000000	108.863700000000	0	-0.0500000000000000
1.05158576392569	27.3942240000000	108.860409000000	2.44100000000000	-0.670000000000000
1.05233178241178	27.3933720000000	108.860897000000	2.44700000000000	-0.870000000000000
1.05296120373532	27.3929550000000	108.860319000000	2.44800000000000	-0.730000000000000
1.05376317130867	27.3927040000000	108.859448000000	2.33200000000000	-0.750000000000000
1.05440092587378	27.3931950000000	108.860620000000	2.48800000000000	-0.880000000000000
1.05483184033073	27.3927210000000	108.860229000000	2.42100000000000	-0.420000000000000
1.05684663192369	27.3934270000000	108.860897000000	2.43400000000000	-0.470000000000000
1.05721546302084	27.3927430000000	108.859749000000	2.44700000000000	-0.830000000000000
1.05775353009813	27.3931700000000	108.860628000000	2.38800000000000	-0.510000000000000
1.05992043984588	27.3928060000000	108.860148000000	2.51000000000000	-0.860000000000000
1.06060658569913	27.3925840000000	108.860368000000	2.52200000000000	-0.800000000000000
1.06090962968301	27.3933980000000	108.860758000000	2.47700000000000	-0.110000000000000
1.06096945598256	27.3927550000000	108.860490000000	2.37900000000000	-0.530000000000000
1.06322274310514	27.3927780000000	108.860360000000	2.45800000000000	-0.630000000000000
1.06324744212907	27.3928750000000	108.860352000000	2.46500000000000	-0.710000000000000
1.06374549772590	27.3926570000000	108.860286000000	2.44800000000000	0.200000000000000
1.06490543985274	27.3934590000000	108.860474000000	2.55300000000000	-0.760000000000000
1.06525347218849	27.3927550000000	108.860571000000	2.43100000000000	-0.580000000000000
1.06566167820711	27.3928140000000	108.860400000000	2.42500000000000	-0.750000000000000
1.06602828705218	27.3938250000000	108.860368000000	2.32800000000000	-0.750000000000000
1.06634582171682	27.3927860000000	108.860319000000	2.44400000000000	-0.250000000000000
1.06655879633036	27.3927630000000	108.860352000000	2.29100000000000	-0.850000000000000
1.06807192123961	27.3933390000000	108.860604000000	2.53000000000000	-0.700000000000000
1.06963712966535	27.3927590000000	108.860270000000	2.44500000000000	-0.300000000000000
1.07150310184807	27.3922650000000	108.860173000000	2.32300000000000	-0.840000000000000
1.07306188659277	27.3933150000000	108.860571000000	2.45900000000000	-0.480000000000000
1.07324990734924	27.3928850000000	108.860612000000	2.39800000000000	-0.520000000000000
1.07919828698505	27.3935670000000	108.860604000000	2.39000000000000	-0.320000000000000
1.08080034726299	27.3930850000000	108.860555000000	2.38500000000000	-0.860000000000000
1.08281123847701	27.3928810000000	108.860303000000	2.38400000000000	-0.800000000000000
1.08324964123312	27.3925480000000	108.860156000000	2.42900000000000	-0.390000000000000
1.08330542827025	27.3925720000000	108.860286000000	2.41900000000000	-0.200000000000000
1.08444048615638	27.3856320000000	108.849959000000	1.03600000000000	0.0500000000000000
1.08529089123476	27.3925150000000	108.860107000000	2.43200000000000	-0.230000000000000
1.08589064818807	27.3927270000000	108.860360000000	2.44100000000000	0.360000000000000
1.08596486109309	27.3925880000000	108.860360000000	2.40700000000000	0.280000000000000
1.08656965277623	27.3924240000000	108.860221000000	2.77700000000000	-0.800000000000000
1.08873078704346	27.3931340000000	108.860254000000	2.43900000000000	-0.580000000000000
1.09077217592858	27.3932430000000	108.860653000000	2.39600000000000	-0.770000000000000
1.09266555553768	27.3929790000000	108.862272000000	2.50900000000000	-0.430000000000000
1.09423688659444	27.3930160000000	108.860107000000	2.42000000000000	-0.720000000000000
1.12586891208775	27.3928430000000	108.857227000000	2.47200000000000	-1.01000000000000
1.17009999998845	27.3926230000000	108.860238000000	2.42400000000000	0.210000000000000
1.17585646989755	27.3923140000000	108.860303000000	2.38600000000000	0.0600000000000000
1.17772475699894	27.3922380000000	108.861646000000	2.52100000000000	-0.540000000000000
1.18102542823181	27.3932580000000	108.858219000000	2.45600000000000	-0.970000000000000
1.18184300931171	27.3931740000000	108.858317000000	2.44200000000000	-1.25000000000000
1.18781304394361	27.3921980000000	108.860409000000	2.43300000000000	-0.650000000000000
1.19632283563260	27.3924950000000	108.860319000000	2.43800000000000	-0.820000000000000
1.20183290506247	27.3936460000000	108.860099000000	2.38700000000000	-0.310000000000000
1.20541694446001	27.3930770000000	108.860840000000	2.53900000000000	-0.870000000000000
1.20669516199268	27.3968380000000	108.860067000000	1.49500000000000	-0.940000000000000
1.20761510415468	27.3935610000000	108.860726000000	2.31200000000000	-0.870000000000000
1.21577153936960	27.3930730000000	108.862362000000	2.50500000000000	-0.260000000000000
1.21685783565044	27.3968420000000	108.859985000000	1.50800000000000	-0.530000000000000
1.22046483797021	27.3931070000000	108.860897000000	2.46500000000000	-0.430000000000000
1.22078174771741	27.3910730000000	108.861637000000	2.59400000000000	-0.120000000000000
1.22109265043400	27.3931320000000	108.862581000000	2.51500000000000	-0.0100000000000000
1.22175271995366	27.3934180000000	108.859603000000	2.44300000000000	-0.860000000000000
1.22322275466286	27.3932330000000	108.860962000000	2.43000000000000	-0.660000000000000
1.22331459494308	27.3938050000000	108.860238000000	2.37900000000000	-0.690000000000000
1.22590081021190	27.3930620000000	108.860156000000	2.45700000000000	-1.13000000000000
1.22609523148276	27.3938480000000	108.860278000000	2.55500000000000	-0.680000000000000
1.22729725693353	27.3936950000000	108.860881000000	2.45100000000000	-0.990000000000000
1.22904265043326	27.3930420000000	108.862354000000	2.48500000000000	-0.320000000000000
1.23069126158953	27.3924300000000	108.860189000000	2.41800000000000	-0.180000000000000
1.23101596068591	27.3927900000000	108.860409000000	2.39700000000000	-0.290000000000000
1.23189589125104	27.3924360000000	108.860229000000	2.47100000000000	-0.500000000000000
1.23390318290330	27.3932370000000	108.860791000000	2.51000000000000	0.110000000000000
1.23424542823341	27.3923280000000	108.860213000000	2.48900000000000	-0.100000000000000
1.23426953703165	27.3925310000000	108.860441000000	2.42100000000000	-0.0100000000000000
1.23478482640348	27.3940510000000	108.860343000000	2.46300000000000	-0.790000000000000
1.23740704858210	27.3964970000000	108.863859000000	2.43600000000000	-0.880000000000000
1.23808336805087	27.3932620000000	108.859937000000	2.38300000000000	-0.660000000000000
1.24149100692011	27.3951170000000	108.862166000000	1.69000000000000	-0.0900000000000000
1.24189689813647	27.3931440000000	108.860173000000	2.27700000000000	-0.930000000000000
1.24195637728553	27.3922080000000	108.861117000000	2.45100000000000	-0.420000000000000
1.24211484950501	27.3924420000000	108.860059000000	2.46200000000000	-0.420000000000000
1.24453537038062	27.3926210000000	108.860132000000	2.42100000000000	-1.14000000000000
1.24502037034836	27.3934710000000	108.860034000000	2.49600000000000	0.700000000000000
1.24516458332073	27.3925860000000	108.860262000000	2.20900000000000	-1.24000000000000
1.24574851850048	27.3927470000000	108.860522000000	2.50100000000000	-0.800000000000000
1.24632877309341	27.3927190000000	108.860815000000	2.53300000000000	-0.310000000000000
1.24732839118224	27.3931210000000	108.860571000000	2.48900000000000	-0.920000000000000
1.25143728009425	27.3925600000000	108.860417000000	2.55700000000000	-1.13000000000000
1.25285469903611	27.3934080000000	108.860482000000	2.51700000000000	-0.0900000000000000
1.25485055556055	27.3925500000000	108.860465000000	2.38800000000000	0.0900000000000000
1.25495052081533	27.3936320000000	108.861019000000	2.43000000000000	-0.430000000000000
1.25635226850864	27.3931660000000	108.860938000000	2.44100000000000	-0.0600000000000000
1.25662311341148	27.3922060000000	108.860278000000	2.40500000000000	0.0300000000000000
1.25765165511984	27.3923690000000	108.860474000000	2.39900000000000	-0.480000000000000
1.25988276617136	27.3928040000000	108.859253000000	2.45100000000000	0.660000000000000
1.26476917823311	27.3923480000000	108.860221000000	2.32300000000000	-0.570000000000000
1.26909444446210	27.3923010000000	108.859009000000	2.32700000000000	-0.750000000000000
1.27123636577744	27.3924720000000	108.860083000000	2.44800000000000	-0.590000000000000
1.27135578705929	27.3929870000000	108.860189000000	2.46500000000000	-0.870000000000000
1.27407031250186	27.3930050000000	108.860360000000	2.46700000000000	-0.470000000000000
1.27413699077442	27.3932010000000	108.859766000000	2.38700000000000	-0.0700000000000000
1.27454962965567	27.3936360000000	108.861060000000	2.44900000000000	-0.730000000000000
1.27674839121755	27.3933800000000	108.860075000000	2.43600000000000	-0.500000000000000
1.27727226854768	27.3931520000000	108.859220000000	2.32700000000000	-0.690000000000000
1.27747009263840	27.3926620000000	108.860286000000	2.44500000000000	0.180000000000000
1.27754623838700	27.3932680000000	108.860718000000	2.55700000000000	-0.810000000000000
1.27760403940920	27.3924130000000	108.860221000000	2.42300000000000	-0.220000000000000
1.27849424770102	27.3925680000000	108.860197000000	2.43300000000000	-0.340000000000000
1.27869056712370	27.3931460000000	108.860653000000	2.45400000000000	-0.560000000000000
1.28101659717504	27.3933110000000	108.860693000000	2.48900000000000	-0.720000000000000
1.28112929395866	27.3933550000000	108.860319000000	2.42500000000000	-0.350000000000000
1.28135248844046	27.3934240000000	108.860929000000	2.46700000000000	-0.960000000000000
1.28171717596706	27.3931380000000	108.859538000000	2.43100000000000	-0.350000000000000
1.28262850688770	27.3928390000000	108.860246000000	2.58000000000000	-0.960000000000000
1.28383383096661	27.3926940000000	108.860335000000	2.42600000000000	0.170000000000000
1.28783766203560	27.3932840000000	108.859880000000	2.39200000000000	-0.830000000000000
1.28791571757756	27.3935730000000	108.859440000000	2.45600000000000	-1.21000000000000
1.28878353012260	27.3934940000000	108.860262000000	2.47100000000000	-0.790000000000000
1.29053858795669	27.3926880000000	108.861841000000	2.50900000000000	-0.710000000000000
1.29288637731224	27.3926330000000	108.859074000000	2.36400000000000	-0.680000000000000
1.29551609954797	27.3934960000000	108.860083000000	2.37200000000000	-1.19000000000000
1.30004540504888	27.3928100000000	108.861450000000	2.37400000000000	-1.29000000000000
1.30121782410424	27.3930420000000	108.859644000000	2.47200000000000	0.710000000000000
1.30237369216047	27.3927140000000	108.860433000000	2.46700000000000	-1.19000000000000
1.30366917827632	27.3930500000000	108.860482000000	2.47500000000000	-0.580000000000000
1.30930673610419	27.3926130000000	108.859953000000	2.43700000000000	-0.810000000000000
1.31021009257529	27.3958150000000	108.859741000000	1.53500000000000	-1.13000000000000
1.31046096060891	27.3927690000000	108.858911000000	2.44100000000000	-0.500000000000000
1.31151118059643	27.3933820000000	108.860002000000	2.43100000000000	-0.0800000000000000
1.31218137731776	27.3928260000000	108.860238000000	2.43200000000000	-0.870000000000000
1.31222362269182	27.3937260000000	108.860181000000	2.49700000000000	-0.740000000000000
1.31422356481198	27.3928120000000	108.860319000000	2.44000000000000	-0.840000000000000
1.31871556711849	27.3936810000000	108.859733000000	2.50700000000000	-0.980000000000000
1.32229089119937	27.3927670000000	108.860433000000	2.45900000000000	-0.0200000000000000
1.32940241892356	27.3930280000000	108.862150000000	2.51100000000000	-0.760000000000000
1.33053175930399	27.3932720000000	108.859904000000	2.36700000000000	-1.09000000000000
1.33192563662305	27.3923870000000	108.860270000000	2.41400000000000	-0.270000000000000
1.33857336803339	27.3935420000000	108.859920000000	2.48100000000000	0.290000000000000
1.34029464120977	27.3924740000000	108.859448000000	2.38700000000000	-0.170000000000000
1.34054952545557	27.3927710000000	108.860075000000	2.43700000000000	-0.630000000000000
1.34145335643552	27.3924660000000	108.860311000000	2.41100000000000	-0.330000000000000
1.34154935181141	27.3927390000000	108.861702000000	2.54400000000000	0.790000000000000
1.34264989581425	27.3928590000000	108.859285000000	2.47300000000000	0.560000000000000
1.34299668984022	27.3924970000000	108.859115000000	2.34000000000000	-0.600000000000000
1.34561364585534	27.3934040000000	108.859644000000	2.38700000000000	-0.580000000000000
1.34824391198345	27.3962610000000	108.859310000000	1.53600000000000	-1.04000000000000
1.35521214117762	27.3928530000000	108.862004000000	2.50800000000000	0.0200000000000000
1.35601418977603	27.3931290000000	108.859245000000	2.36500000000000	-1.09000000000000
1.35611331020482	27.3925580000000	108.859049000000	2.45500000000000	-0.400000000000000
1.36213770834729	27.3931500000000	108.862264000000	2.49800000000000	-0.480000000000000
1.36525199073367	27.3933550000000	108.859717000000	2.27700000000000	-0.420000000000000
1.37414442130830	27.3925940000000	108.859188000000	2.36000000000000	-0.740000000000000
1.39662165509071	27.3920410000000	108.860213000000	2.39100000000000	-0.640000000000000
1.39730089122895	27.3926860000000	108.860417000000	2.44700000000000	-0.0600000000000000
1.40567624999676	27.3930580000000	108.859440000000	2.46800000000000	0.0400000000000000
1.40670589124784	27.3928240000000	108.859277000000	2.46200000000000	0.760000000000000
1.40729041665327	27.3926740000000	108.859619000000	2.39200000000000	-0.950000000000000
1.41830550925806	27.3936340000000	108.860197000000	2.37800000000000	-0.340000000000000
1.41935997689143	27.3966350000000	108.859245000000	1.58600000000000	-0.140000000000000
1.41941796301398	27.3926740000000	108.859342000000	2.30100000000000	-0.730000000000000
1.42621865740512	27.3930070000000	108.862264000000	2.52400000000000	-0.0700000000000000
1.43710174772423	27.3934980000000	108.860929000000	2.45900000000000	-0.970000000000000
1.43918990739621	27.3927430000000	108.860270000000	2.46800000000000	-0.580000000000000
1.44429505791049	27.3922490000000	108.859172000000	2.27100000000000	-1.05000000000000
1.44474332174286	27.3929240000000	108.859595000000	2.44900000000000	0.470000000000000
1.44576226850040	27.3931130000000	108.860303000000	2.41700000000000	-1.07000000000000
1.44668574072421	27.3963180000000	108.859049000000	1.59300000000000	0.670000000000000
1.44792508101091	27.3930660000000	108.858919000000	2.40400000000000	-0.500000000000000
1.44796944444533	27.3937150000000	108.859684000000	2.46200000000000	-0.380000000000000
1.44923909718636	27.3931520000000	108.859644000000	2.39900000000000	-0.830000000000000
1.44955625000875	27.3957520000000	108.859717000000	2.29600000000000	-0.620000000000000
1.45119271986187	27.3925110000000	108.858805000000	2.45100000000000	0.360000000000000
1.45427212957293	27.3955260000000	108.859766000000	2.42000000000000	0.640000000000000
1.45698010420892	27.3930580000000	108.859717000000	2.44000000000000	-1.08000000000000
1.45731841435190	27.3927710000000	108.859456000000	2.47800000000000	-0.690000000000000
1.46056745375972	27.3958190000000	108.859863000000	2.37400000000000	-0.630000000000000
1.46412638889160	27.3957090000000	108.860824000000	2.34400000000000	-0.410000000000000
1.46450728015043	27.3958880000000	108.859701000000	2.32200000000000	-0.830000000000000
1.46884636569303	27.3953250000000	108.860295000000	2.38300000000000	1.30000000000000
1.47005483799148	27.3929930000000	108.859342000000	2.45300000000000	-0.920000000000000
1.47326262725983	27.3952370000000	108.860645000000	2.38800000000000	-0.410000000000000
1.47332577547058	27.3956910000000	108.859782000000	2.37800000000000	-0.500000000000000
1.47496203705668	27.4088000000000	108.864500000000	0	-0.840000000000000
1.47578366892412	27.3927210000000	108.859261000000	2.41100000000000	-0.870000000000000
1.47659714124165	27.3931070000000	108.859367000000	2.47500000000000	-0.420000000000000
1.47769517358392	27.3956750000000	108.859928000000	2.39500000000000	0.0700000000000000
1.48083751159720	27.3955060000000	108.859855000000	2.42100000000000	0.590000000000000
1.48095288197510	27.3961060000000	108.858919000000	2.39200000000000	-0.850000000000000
1.48109932872467	27.3957440000000	108.859863000000	2.32800000000000	-0.580000000000000
1.48234608792700	27.3932680000000	108.859977000000	2.44700000000000	-0.370000000000000
1.48265762731899	27.3924680000000	108.858325000000	2.47800000000000	-0.520000000000000
1.48281804402359	27.3932840000000	108.860286000000	2.44100000000000	-0.410000000000000
1.48322696762625	27.3936970000000	108.860579000000	2.49800000000000	-0.400000000000000
1.48407236114144	27.3930950000000	108.859505000000	2.48000000000000	0.140000000000000
1.48459092597477	27.3935630000000	108.860181000000	2.47100000000000	0.0100000000000000
1.48492166667711	27.3932050000000	108.859416000000	2.35300000000000	-0.880000000000000
1.48596723377705	27.3932600000000	108.859139000000	2.43400000000000	-0.490000000000000
1.48728053236846	27.3956280000000	108.859741000000	2.40100000000000	-0.620000000000000
1.48847141198348	27.3955460000000	108.859847000000	2.40100000000000	0.400000000000000
1.49016783561092	27.3964640000000	108.860905000000	2.28300000000000	-0.750000000000000
1.49122638884000	27.3925620000000	108.859578000000	2.27800000000000	-1.03000000000000
1.49169438658282	27.3930830000000	108.859757000000	2.46300000000000	-0.640000000000000
1.49957920133602	27.3954900000000	108.858895000000	1.52200000000000	-0.840000000000000
1.50164655095432	27.3932780000000	108.862305000000	2.55500000000000	-0.940000000000000
1.50174479163252	27.3931560000000	108.859570000000	2.50000000000000	-0.630000000000000
1.50333622680046	27.3926270000000	108.859359000000	2.38200000000000	-1.08000000000000
1.50434896990191	27.3926920000000	108.860384000000	2.42700000000000	-0.110000000000000
1.50580572918989	27.3923260000000	108.858870000000	2.39400000000000	-0.910000000000000
2.01932755787857	27.3937890000000	108.859937000000	2.53300000000000	-0.440000000000000
2.02336868050043	27.3955200000000	108.859806000000	2.42100000000000	0.330000000000000
2.04526322917081	27.3924030000000	108.858252000000	2.45700000000000	0.280000000000000
2.05189771985170	27.3956220000000	108.859977000000	2.42100000000000	0.610000000000000
2.05225326388609	27.3954200000000	108.859839000000	2.29400000000000	-0.680000000000000
2.05574974534102	27.3965520000000	108.859570000000	2.30700000000000	-0.730000000000000
2.05964575230610	27.3929020000000	108.859261000000	2.47900000000000	-0.850000000000000
2.06548762728926	27.3926290000000	108.859025000000	2.42900000000000	-0.810000000000000
2.07940234954003	27.3926350000000	108.858577000000	2.43700000000000	-0.540000000000000
2.08586690970697	27.3927250000000	108.859155000000	2.48400000000000	0.190000000000000
2.09600498841610	27.3966270000000	108.859603000000	2.30200000000000	-0.760000000000000
2.09725468745455	27.3927800000000	108.858024000000	2.46000000000000	-1
2.09787916671485	27.3924540000000	108.858464000000	2.44700000000000	-0.860000000000000
2.10337089118548	27.3931840000000	108.859416000000	2.45400000000000	-0.780000000000000
2.14398020831868	27.3929480000000	108.858333000000	2.40300000000000	0.0500000000000000
2.14477978006471	27.3931860000000	108.860254000000	2.46800000000000	-0.730000000000000
2.15500561345834	27.3933130000000	108.859603000000	2.45100000000000	-0.320000000000000
2.15838376153260	27.3914750000000	108.859709000000	2.47600000000000	-0.720000000000000
2.18350277782884	27.3933210000000	108.859188000000	2.37800000000000	-0.680000000000000
2.18960041669197	27.3962710000000	108.858545000000	2.37400000000000	-0.790000000000000
2.19703010411467	27.3921770000000	108.858407000000	2.39100000000000	-0.330000000000000
2.19730238430202	27.3962870000000	108.858675000000	2.32000000000000	-0.890000000000000
2.20561555551831	27.3941750000000	108.858268000000	2.42000000000000	-0.530000000000000
2.20717609953135	27.3961590000000	108.858903000000	2.35700000000000	-0.670000000000000
2.21608894679230	27.3975360000000	108.860994000000	2.26700000000000	-0.890000000000000
2.23111989581957	27.3934570000000	108.860010000000	2.46600000000000	0.530000000000000
2.24998067133129	27.3962120000000	108.858838000000	2.36900000000000	-0.110000000000000
2.25373152783141	27.3963930000000	108.859432000000	2.39000000000000	-0.460000000000000
2.26354762737174	27.3970990000000	108.859408000000	2.26100000000000	-0.530000000000000
2.29834888887126	27.3930400000000	108.862248000000	2.50700000000000	-0.580000000000000
2.30335276620463	27.3930400000000	108.858838000000	2.41900000000000	-1
2.30901255784556	27.3918900000000	108.857983000000	2.51600000000000	-1.15000000000000
2.33462149300613	27.3962540000000	108.858789000000	2.38600000000000	-0.570000000000000
2.33674871525727	27.3924970000000	108.858740000000	2.44200000000000	0
2.33812640048564	27.3963810000000	108.859465000000	2.36300000000000	-0.970000000000000
2.36153708328493	27.3925050000000	108.858097000000	2.40000000000000	-0.120000000000000
2.37494451389648	27.3929000000000	108.859880000000	2.23900000000000	-0.980000000000000
2.38569765049033	27.3922870000000	108.858333000000	2.43600000000000	-0.480000000000000
2.38836293981876	27.3926740000000	108.859066000000	2.36900000000000	-1.04000000000000
2.39623364584986	27.3926640000000	108.858740000000	2.45100000000000	-0.330000000000000
2.40468613430858	27.3965410000000	108.857357000000	1.70900000000000	-1.07000000000000
2.42242983798496	27.3936200000000	108.860181000000	2.42000000000000	-0.290000000000000
2.42969770834316	27.3918480000000	108.858309000000	2.39900000000000	-1.04000000000000
2.43771605321672	27.3964110000000	108.858781000000	2.25600000000000	-0.610000000000000
2.44237238424830	27.3964640000000	108.858870000000	2.38600000000000	-0.360000000000000
2.44334649306256	27.3931930000000	108.862248000000	2.50300000000000	-0.540000000000000
2.44512564816978	27.3963300000000	108.859465000000	2.37300000000000	-0.510000000000000
2.44862008106429	27.3962590000000	108.859367000000	2.39000000000000	-0.320000000000000
3.00908961810637	27.3968770000000	108.858765000000	2.32400000000000	1.17000000000000
3.04236709489487	27.3967510000000	108.857886000000	2.27200000000000	-0.550000000000000
3.04709217592608	27.3969280000000	108.859115000000	2.28400000000000	-0.920000000000000
3.05240030097775	27.3970720000000	108.858724000000	2.25500000000000	-0.920000000000000
3.05358134256676	27.3964340000000	108.858228000000	2.29000000000000	-0.260000000000000
3.05812335642986	27.3968970000000	108.858773000000	2.30900000000000	0.510000000000000
3.05946909717750	27.3968380000000	108.858504000000	2.32000000000000	-0.160000000000000
3.07244513893966	27.3920310000000	108.857959000000	2.43900000000000	-0.750000000000000
3.07562555558980	27.3963090000000	108.858317000000	2.28900000000000	0.0300000000000000
3.07807386573404	27.3964420000000	108.859294000000	2.29000000000000	-0.860000000000000
3.07967628468759	27.3966470000000	108.858862000000	2.45800000000000	-0.300000000000000
3.07995238422882	27.3969600000000	108.858797000000	2.31300000000000	0.570000000000000
3.08094520831946	27.3962040000000	108.858529000000	2.23700000000000	-0.760000000000000
3.08178851846606	27.3964600000000	108.858154000000	2.30300000000000	0.150000000000000
3.08196418976877	27.3967260000000	108.859391000000	2.22600000000000	-0.750000000000000
3.08262208336964	27.3959470000000	108.858610000000	2.30200000000000	-0.520000000000000
3.08603733801283	27.3963180000000	108.858382000000	2.28500000000000	-0.0400000000000000
3.08935089118313	27.3964460000000	108.858350000000	2.27000000000000	-0.160000000000000
3.08975057874341	27.3964400000000	108.857951000000	2.33100000000000	0.200000000000000
3.09146679402329	27.3971190000000	108.859180000000	2.23900000000000	-0.570000000000000
3.09195138886571	27.3969240000000	108.858683000000	2.32400000000000	1.12000000000000
3.09273903933354	27.3964990000000	108.857829000000	2.33400000000000	-0.770000000000000
3.09314178244676	27.3963890000000	108.858431000000	2.24700000000000	0.210000000000000
3.09427540504839	27.3999550000000	108.858724000000	1.41600000000000	-0.560000000000000
3.09517504624091	27.3962240000000	108.858252000000	2.23700000000000	-0.730000000000000
3.09914802084677	27.3962990000000	108.857983000000	2.35900000000000	0.690000000000000
3.10170973383356	27.3968140000000	108.859351000000	2.23300000000000	-0.540000000000000
3.10311142366845	27.3963400000000	108.858211000000	2.27600000000000	-0.300000000000000
3.10574953700416	27.3973860000000	108.859001000000	2.24000000000000	0.0200000000000000
3.10647464124486	27.3970640000000	108.858472000000	2.23700000000000	-0.610000000000000
3.10745128476992	27.3966190000000	108.859326000000	2.22200000000000	-0.690000000000000
3.10754546301905	27.3963520000000	108.858268000000	2.29800000000000	-0.100000000000000
3.10791427083313	27.3968220000000	108.858854000000	2.20900000000000	-0.760000000000000
3.10798711807001	27.3966210000000	108.859172000000	2.31200000000000	-0.790000000000000
3.10805539356079	27.3972090000000	108.859017000000	2.18300000000000	-0.620000000000000
3.10902063653339	27.3963770000000	108.858154000000	2.31700000000000	0.560000000000000
3.11161960649770	27.3962630000000	108.858293000000	2.30200000000000	-0.180000000000000
3.11301503470168	27.3972270000000	108.858203000000	2.22900000000000	-0.720000000000000
3.11310937500093	27.3967850000000	108.859066000000	2.28800000000000	-0.530000000000000
3.11417049763259	27.3963160000000	108.858130000000	2.29700000000000	0.0700000000000000
3.11570702551398	27.3962750000000	108.858114000000	2.25800000000000	-0.790000000000000
3.11757524299901	27.3964400000000	108.858211000000	2.29300000000000	0.120000000000000
3.12146218749695	27.3983070000000	108.859725000000	1.48700000000000	-0.690000000000000
3.12240010418464	27.3967200000000	108.858757000000	2.24200000000000	-0.540000000000000
3.12261665507685	27.3977970000000	108.859342000000	2.17100000000000	-0.990000000000000
3.12315151619259	27.3967730000000	108.858805000000	2.31000000000000	-0.150000000000000
3.12409204861615	27.3964620000000	108.858228000000	2.28800000000000	0.0500000000000000
3.12734758097213	27.3966060000000	108.858317000000	2.21100000000000	-0.910000000000000
3.13075677084271	27.3967430000000	108.859424000000	2.27600000000000	-0.520000000000000
3.13119332178030	27.3965210000000	108.858268000000	2.28400000000000	0.100000000000000
3.13676976854913	27.3964130000000	108.858285000000	2.28700000000000	-0.0400000000000000
3.13785146991722	27.3969750000000	108.858651000000	2.19300000000000	-0.750000000000000
3.13983545138035	27.3971780000000	108.858138000000	2.24700000000000	-0.880000000000000
3.14276225690264	27.3965490000000	108.858293000000	2.27500000000000	0.0400000000000000
3.14476597227622	27.3959530000000	108.857959000000	2.31100000000000	-0.120000000000000
3.14533675927669	27.3970870000000	108.858545000000	2.26800000000000	-0.620000000000000
3.14599906245712	27.3961120000000	108.858024000000	2.32700000000000	0.620000000000000
3.14609857636970	27.3970850000000	108.858773000000	2.32700000000000	0.380000000000000
3.14619880786631	27.3968890000000	108.858838000000	2.23700000000000	-0.460000000000000
3.14629618055187	27.3968990000000	108.858781000000	2.28900000000000	-0.270000000000000
3.14700011571404	27.3967450000000	108.858667000000	2.28300000000000	-0.810000000000000
3.15087303239852	27.3964660000000	108.858032000000	2.29900000000000	-0.510000000000000
3.15330747689586	27.3964270000000	108.857633000000	2.31200000000000	-0.0800000000000000
3.15592271985952	27.3978940000000	108.859115000000	2.21300000000000	-0.690000000000000
3.15808087959886	27.3973120000000	108.859505000000	2.28500000000000	-0.150000000000000
3.16356488422025	27.3987330000000	108.859318000000	1.25300000000000	-0.950000000000000
3.16758040513378	27.3969500000000	108.858805000000	2.26300000000000	-0.550000000000000
3.17206937505398	27.3963660000000	108.858781000000	2.40800000000000	-0.220000000000000
3.17582124995533	27.3966530000000	108.858105000000	2.39100000000000	-0.940000000000000
3.17869518522639	27.3967570000000	108.858944000000	2.32700000000000	-0.240000000000000
3.18565490737092	27.3966430000000	108.859513000000	2.36900000000000	-0.920000000000000
3.18610163195990	27.3963890000000	108.859587000000	2.31800000000000	-0.840000000000000
3.19106555555481	27.3968360000000	108.858944000000	2.24600000000000	-0.800000000000000
3.19635053235106	27.3922000000000	108.858179000000	2.44600000000000	-0.0700000000000000
3.21276790509000	27.3973370000000	108.859147000000	2.21100000000000	-0.580000000000000
3.21516355325002	27.3967370000000	108.859448000000	2.41500000000000	-0.0900000000000000
3.21820937504526	27.3962340000000	108.857926000000	2.28700000000000	-0.570000000000000
3.22598069440573	27.3971070000000	108.858171000000	2.17900000000000	-0.100000000000000
3.22615515044890	27.3962590000000	108.857845000000	2.36000000000000	-0.190000000000000
3.24891187495086	27.3971920000000	108.858162000000	2.27900000000000	-0.430000000000000
3.25400715274736	27.3998030000000	108.858757000000	1.29000000000000	-1.03000000000000
3.25458202545997	27.3988020000000	108.857609000000	1.38200000000000	-0.980000000000000
3.25594741897658	27.3922890000000	108.858016000000	2.40600000000000	-0.690000000000000
3.25744945602492	27.3969560000000	108.858529000000	2.27300000000000	-0.730000000000000
3.26001105329487	27.3969830000000	108.859212000000	2.27400000000000	-1.06000000000000
3.26335687504616	27.3964400000000	108.859578000000	2.36000000000000	-0.710000000000000
3.27107672451530	27.3960710000000	108.857715000000	2.30800000000000	-0.400000000000000
3.27321031247266	27.3970190000000	108.857503000000	2.28900000000000	-0.720000000000000
3.27538398152683	27.3920060000000	108.857878000000	2.44300000000000	0.540000000000000
3.29128385416698	27.3921430000000	108.859172000000	2.36300000000000	-0.930000000000000
3.29704829864204	27.3917180000000	108.857894000000	2.40900000000000	-0.600000000000000
3.29741525463760	27.3962540000000	108.858008000000	2.31800000000000	0.350000000000000
3.29856677085627	27.3916400000000	108.857463000000	2.40000000000000	-0.460000000000000
3.29961966432165	27.3969770000000	108.859448000000	2.16800000000000	-0.980000000000000
3.30302554403897	27.3970990000000	108.858854000000	2.29300000000000	-1.12000000000000
3.30675665510353	27.3967750000000	108.859871000000	2.43900000000000	-0.670000000000000
3.31195613427553	27.3974160000000	108.858032000000	2.28900000000000	-0.950000000000000
3.32515202544164	27.3970950000000	108.860693000000	2.04300000000000	-1.09000000000000
3.32526185188908	27.3967350000000	108.858040000000	2.33200000000000	-0.440000000000000
3.32646781252697	27.3968100000000	108.858203000000	2.33300000000000	-0.400000000000000
3.32787513884250	27.3972210000000	108.858032000000	2.31500000000000	-0.890000000000000
3.32811475696508	27.3980650000000	108.857739000000	2.34300000000000	-0.980000000000000
3.33324745367281	27.3968770000000	108.858236000000	2.28100000000000	-0.390000000000000
3.33431173616555	27.3964520000000	108.858162000000	2.12300000000000	-0.850000000000000
3.33973150467500	27.3968120000000	108.859009000000	2.19800000000000	-0.700000000000000
3.33991775463801	27.3972010000000	108.857650000000	2.27000000000000	0.0200000000000000
3.34191723377444	27.3968830000000	108.857821000000	2.37300000000000	0.500000000000000
3.34229380788747	27.3968020000000	108.859001000000	2.34400000000000	0.240000000000000
3.34403369214851	27.3969620000000	108.858618000000	2.33000000000000	0.190000000000000
3.34839814819861	27.3928370000000	108.862435000000	2.50500000000000	-0.370000000000000
3.35381520830560	27.3970700000000	108.859595000000	2.30600000000000	0.170000000000000
3.35600128467195	27.3966510000000	108.857723000000	2.34800000000000	-0.110000000000000
3.35607180558145	27.3978980000000	108.856828000000	2.23800000000000	-0.710000000000000
3.35678097221535	27.3926270000000	108.858382000000	2.44300000000000	-0.530000000000000
3.35810447914992	27.3968220000000	108.858927000000	2.26400000000000	-0.550000000000000
3.35893745371141	27.3972170000000	108.859424000000	2.29400000000000	-0.0200000000000000
3.36345143523067	27.3969990000000	108.859424000000	2.31600000000000	-0.510000000000000
3.36709443281870	27.3972740000000	108.857674000000	2.22800000000000	-0.160000000000000
3.37438444443978	27.3969380000000	108.857886000000	2.35400000000000	0.390000000000000
3.37513181718532	27.3965150000000	108.857682000000	2.34000000000000	0.200000000000000
3.37632363429293	27.3945880000000	108.858838000000	2.41400000000000	-0.550000000000000
3.37966540514026	27.3971740000000	108.857568000000	2.27800000000000	0.140000000000000
3.38390090281609	27.3964480000000	108.857796000000	2.37200000000000	0.0200000000000000
3.38394335645717	27.3962730000000	108.857666000000	2.35000000000000	-0.490000000000000
3.38433822919615	27.3968020000000	108.858285000000	2.19300000000000	-0.170000000000000
3.38805642363150	27.3959590000000	108.857682000000	2.36200000000000	-0.640000000000000
3.38934519677423	27.3966110000000	108.858602000000	2.31600000000000	-0.560000000000000
3.38995273143519	27.3966510000000	108.857747000000	2.36300000000000	0.220000000000000
3.39128890051506	27.3963600000000	108.859684000000	2.34300000000000	-0.250000000000000
3.39660934032872	27.3978660000000	108.860148000000	2.16200000000000	-0.990000000000000
3.40273962961510	27.3970240000000	108.857186000000	2.31200000000000	-0.0400000000000000
3.40694218745921	27.3928220000000	108.862386000000	2.53100000000000	-0.860000000000000
3.40745307866018	27.3968040000000	108.855924000000	2.41500000000000	-1.25000000000000
3.41058384254575	27.3978390000000	108.860132000000	2.22700000000000	-0.740000000000000
3.41070193285123	27.3960180000000	108.857642000000	2.32900000000000	-0.180000000000000
3.41151863429695	27.3919980000000	108.858024000000	2.41700000000000	-0.400000000000000
3.41597166669089	27.3974980000000	108.860156000000	2.35900000000000	-0.820000000000000
4.02776391198859	27.3993670000000	108.856299000000	2.25700000000000	-0.620000000000000
4.03001699072775	27.3968180000000	108.858919000000	2.24700000000000	-0.810000000000000
4.04351583332755	27.3991070000000	108.855583000000	2.31500000000000	-0.240000000000000
4.04563512734603	27.3976600000000	108.856047000000	2.27900000000000	-0.370000000000000
4.04935180558823	27.3978190000000	108.856209000000	2.30400000000000	-0.310000000000000
4.07547451392748	27.3977090000000	108.856014000000	2.22900000000000	-0.760000000000000
4.08825343754143	27.3976970000000	108.859790000000	2.25100000000000	-0.760000000000000
4.10162013885565	27.3918070000000	108.856991000000	2.36900000000000	-0.770000000000000
4.10483902774286	27.3980220000000	108.855981000000	2.35800000000000	-1.01000000000000
4.10685083328281	27.3969810000000	108.857349000000	2.16000000000000	-1.16000000000000
4.11042565968819	27.3976770000000	108.856030000000	2.26600000000000	-0.0200000000000000
4.12154668977018	27.3935420000000	108.860099000000	2.45300000000000	0.0400000000000000
4.13016761571635	27.3967750000000	108.856283000000	2.22300000000000	-0.490000000000000
4.16389146994334	27.3972190000000	108.856519000000	2.30000000000000	-0.780000000000000
4.17275387735572	27.3935160000000	108.862069000000	2.51700000000000	-0.520000000000000
4.18853614584077	27.3967730000000	108.855591000000	2.27700000000000	-1.09000000000000
4.18902599532157	27.3972010000000	108.855851000000	2.16400000000000	-0.780000000000000
4.19132002315018	27.3924850000000	108.859798000000	2.41200000000000	-0.700000000000000
4.19151054392569	27.3920350000000	108.858065000000	2.44800000000000	-0.440000000000000
4.20546329859644	27.3967690000000	108.856258000000	2.24400000000000	-0.270000000000000
4.20978656248190	27.3971620000000	108.855990000000	2.28800000000000	-0.840000000000000
4.21153899305500	27.3972740000000	108.855754000000	2.34000000000000	-0.640000000000000
4.22367299767211	27.3976300000000	108.855664000000	2.24700000000000	-0.450000000000000
4.23268171295058	27.3989910000000	108.857072000000	1.36100000000000	-0.750000000000000
4.23271346068941	27.3976050000000	108.855843000000	2.23100000000000	-0.210000000000000
4.23545862268657	27.3989010000000	108.855054000000	2.23400000000000	-0.480000000000000
4.25274130783510	27.3973980000000	108.855762000000	2.27900000000000	-0.520000000000000
4.25618332170416	27.3969300000000	108.856250000000	2.19800000000000	-0.440000000000000
4.25670141202863	27.3981260000000	108.855591000000	2.34300000000000	0.0900000000000000
4.26381031249184	27.3966530000000	108.855314000000	2.32900000000000	-0.760000000000000
4.26562928245403	27.3973550000000	108.856217000000	2.15000000000000	-0.760000000000000
4.27328211802524	27.3982810000000	108.856055000000	2.19700000000000	-0.600000000000000
4.28007274307311	27.3969360000000	108.856136000000	2.21500000000000	-0.660000000000000
4.28476328705438	27.3952960000000	108.852539000000	2.01300000000000	-1.21000000000000
4.28629144676961	27.3969280000000	108.855957000000	2.19700000000000	-0.620000000000000
4.28743162041064	27.3968400000000	108.856169000000	2.23900000000000	-0.570000000000000
4.28995177079923	27.3988020000000	108.860295000000	2.25700000000000	-0.560000000000000
4.29231230320875	27.3979860000000	108.856266000000	2.06200000000000	-1.16000000000000
4.29877626162488	27.3964070000000	108.858602000000	2.34400000000000	-0.290000000000000
4.30191197921522	27.3971900000000	108.856323000000	2.15200000000000	-0.850000000000000
4.30358568287920	27.3968910000000	108.856177000000	2.27100000000000	-0.860000000000000
4.30392295133788	27.3965330000000	108.856128000000	2.26700000000000	-1.02000000000000
4.30497416667640	27.3965900000000	108.855330000000	2.30200000000000	-0.860000000000000
4.31061625003349	27.3983700000000	108.855485000000	2.22800000000000	-0.950000000000000
4.31078074069228	27.3969200000000	108.855908000000	2.28500000000000	-0.470000000000000
4.31484282412566	27.3966330000000	108.856348000000	2.27000000000000	-0.860000000000000
4.31539026624523	27.3970360000000	108.855981000000	2.29800000000000	-0.930000000000000
4.31596665503457	27.3972880000000	108.855493000000	2.18500000000000	-1.10000000000000
4.32475809031166	27.3981280000000	108.856014000000	2.21700000000000	-0.750000000000000
4.33070314815268	27.3923340000000	108.858187000000	2.46200000000000	-1.06000000000000
4.33489451394416	27.3972940000000	108.858130000000	2.27400000000000	-0.930000000000000
4.33576312498190	27.3973190000000	108.856242000000	2.15000000000000	-0.670000000000000
4.33593394677155	27.3955590000000	108.860327000000	2.23400000000000	-0.870000000000000
4.33951267355587	27.3974100000000	108.854907000000	2.28900000000000	-1.05000000000000
4.34030417818576	27.3967370000000	108.856226000000	2.29000000000000	-0.290000000000000
4.34834392357152	27.3964880000000	108.855452000000	2.32300000000000	-0.400000000000000
4.34891354164574	27.3921570000000	108.858211000000	2.43200000000000	-0.210000000000000
4.35976283566561	27.3995140000000	108.856738000000	2.23500000000000	-0.390000000000000
4.36476018524263	27.3971740000000	108.855339000000	2.20000000000000	-0.240000000000000
4.36914900457487	27.3994630000000	108.856681000000	2.25400000000000	-0.220000000000000
4.37564503471367	27.4005590000000	108.856592000000	2.31300000000000	-0.820000000000000
4.38333019672427	27.3994410000000	108.856698000000	2.25400000000000	0.0900000000000000
4.38525604165625	27.3967160000000	108.855583000000	2.27800000000000	-0.660000000000000
4.38644143519923	27.3964620000000	108.855444000000	2.29800000000000	-0.250000000000000
4.38912513887044	27.3995790000000	108.856608000000	2.26700000000000	0.0100000000000000
4.39048289356288	27.3998310000000	108.856396000000	2.25900000000000	-0.270000000000000
4.39101571764331	27.3922260000000	108.858081000000	2.45400000000000	0.430000000000000
4.41516881948337	27.3967260000000	108.856193000000	2.28700000000000	-0.460000000000000
4.41549099539407	27.3968220000000	108.856258000000	2.17000000000000	-0.890000000000000
4.42085031245370	27.3965580000000	108.855396000000	2.31300000000000	-0.500000000000000
4.42341390042566	27.3968400000000	108.855884000000	2.27800000000000	-1.04000000000000
5.24491898145061	27.3924740000000	108.858317000000	2.48100000000000	-0.190000000000000
5.26233359950129	27.3958800000000	108.858643000000	2.32900000000000	-0.240000000000000
5.27540628472343	27.3972230000000	108.855339000000	2.19900000000000	-0.320000000000000
5.27794040506706	27.3985980000000	108.856242000000	2.22300000000000	-0.540000000000000
5.28304074076004	27.3980180000000	108.855444000000	2.33500000000000	-0.440000000000000
5.29173071763944	27.3997560000000	108.856649000000	1.29600000000000	-1.03000000000000
5.29672248847783	27.3980790000000	108.855957000000	2.22700000000000	-0.780000000000000
5.29714111110661	27.3962400000000	108.855436000000	2.23200000000000	-0.950000000000000
5.30170702550095	27.3970480000000	108.856307000000	2.22500000000000	-1.07000000000000
5.30672447918914	27.3966370000000	108.855469000000	2.26500000000000	-0.800000000000000
5.30882304394618	27.3967240000000	108.856234000000	2.27500000000000	-0.540000000000000
5.31068128475454	27.3982220000000	108.855428000000	2.32700000000000	-0.0800000000000000
5.32274363422766	27.3967920000000	108.855054000000	2.32700000000000	-1.21000000000000
5.33323230326641	27.3983460000000	108.855461000000	2.24900000000000	-0.720000000000000
5.33684326393995	27.3966940000000	108.855290000000	2.26100000000000	-0.840000000000000
5.34464652778115	27.3968850000000	108.856136000000	2.34100000000000	-0.920000000000000
5.35209726856556	27.3965290000000	108.855396000000	2.28400000000000	-0.760000000000000
5.35215829859953	27.3973290000000	108.855225000000	2.19500000000000	-0.370000000000000
5.35869383101817	27.3964460000000	108.854712000000	2.26300000000000	-0.610000000000000
5.36859581014141	27.3965210000000	108.855469000000	2.38300000000000	-0.790000000000000
5.36928064818494	27.3966150000000	108.856559000000	2.33900000000000	-0.490000000000000
5.36940554401372	27.3963890000000	108.855412000000	2.28500000000000	-0.230000000000000
5.36960202548653	27.3964900000000	108.855412000000	2.32000000000000	0.570000000000000
5.37559149309527	27.3966230000000	108.855534000000	2.24300000000000	-0.700000000000000
5.39176032412797	27.3980020000000	108.855811000000	2.30600000000000	-0.830000000000000
5.39753972226754	27.3972150000000	108.855290000000	2.19200000000000	-0.330000000000000
5.39937921299133	27.3974980000000	108.859855000000	2.28600000000000	-0.980000000000000
5.40032578702085	27.3965700000000	108.854980000000	2.35600000000000	-0.780000000000000
5.40057853003964	27.3963910000000	108.855330000000	2.30900000000000	-0.380000000000000
5.40711921290495	27.3970130000000	108.856632000000	2.25300000000000	-0.600000000000000
5.41216599533800	27.3990890000000	108.857113000000	2.26700000000000	-0.810000000000000
5.42664443282411	27.3964420000000	108.855444000000	2.28400000000000	-0.0100000000000000
5.42936568288133	27.3956010000000	108.856136000000	2.37800000000000	-0.590000000000000
5.43016949074809	27.3994790000000	108.855876000000	2.23200000000000	-1.11000000000000
5.43150755786337	27.3995080000000	108.855420000000	2.34200000000000	-1.21000000000000
5.43985504633747	27.3970720000000	108.855233000000	2.33500000000000	-0.910000000000000
5.43989938660525	27.3972450000000	108.855754000000	2.31200000000000	-0.860000000000000
5.44329446763732	27.4002120000000	108.856453000000	2.24400000000000	-0.910000000000000
5.44995518517681	27.3990680000000	108.855273000000	2.29100000000000	-1.21000000000000
5.44998356478754	27.3988180000000	108.854777000000	2.25900000000000	-0.740000000000000
5.45329446764663	27.3992660000000	108.854761000000	2.22900000000000	-0.990000000000000
5.45898052083794	27.3962480000000	108.855306000000	2.28500000000000	-0.980000000000000
5.46315450232942	27.3971600000000	108.855339000000	2.17600000000000	-0.500000000000000
5.47250052087475	27.3989380000000	108.854744000000	2.25700000000000	-1.16000000000000
5.47726373840123	27.3999330000000	108.856014000000	2.25300000000000	-0.890000000000000
5.48584005783778	27.4002540000000	108.856079000000	2.27700000000000	0.960000000000000
5.48882703704294	27.3991680000000	108.854704000000	2.26300000000000	-1.02000000000000
5.49719502311200	27.3992330000000	108.854403000000	2.24800000000000	-0.750000000000000
5.50012771994807	27.4000730000000	108.854232000000	2.29000000000000	-0.550000000000000
5.50180787034333	27.3995320000000	108.854663000000	2.25700000000000	-0.780000000000000
5.50358459493145	27.3970560000000	108.854720000000	2.29000000000000	-0.600000000000000
5.50373226846568	27.3970240000000	108.854834000000	2.27700000000000	-0.140000000000000
6.19276453705970	27.3964880000000	108.858781000000	2.36300000000000	-0.410000000000000
6.26416829857044	27.3966390000000	108.859302000000	2.41100000000000	-0.340000000000000
6.30111370375380	27.4012130000000	108.856543000000	1.19800000000000	-0.660000000000000
6.31028759258334	27.3979650000000	108.855640000000	2.30700000000000	-0.380000000000000
6.32571865746286	27.3981400000000	108.855550000000	2.30000000000000	-0.100000000000000
6.32982443284709	27.3984350000000	108.855420000000	2.26900000000000	-0.870000000000000
6.33591437502764	27.3988260000000	108.856584000000	2.31700000000000	-0.890000000000000
6.33634746528696	27.3988930000000	108.854517000000	2.25700000000000	0.150000000000000
6.35803356475662	27.3962750000000	108.855355000000	2.31900000000000	-1
6.36118592589628	27.3981280000000	108.855314000000	2.28900000000000	-0.820000000000000
6.38384289352689	27.3965490000000	108.855127000000	2.28700000000000	-0.870000000000000
6.38525115745142	27.3971680000000	108.855770000000	2.26600000000000	-1.19000000000000
6.38578942127060	27.3964150000000	108.855265000000	2.32400000000000	0.710000000000000
6.39090035879053	27.3963770000000	108.855632000000	2.31900000000000	-0.670000000000000
6.41105086810421	27.3972510000000	108.855599000000	2.17300000000000	-0.910000000000000
6.41252322914079	27.3963380000000	108.855322000000	2.31400000000000	-0.980000000000000
6.41254407411907	27.3972660000000	108.855078000000	2.23300000000000	-0.970000000000000
6.41779502318241	27.3971680000000	108.855322000000	2.20800000000000	0.0400000000000000
6.43379798613023	27.3989850000000	108.858447000000	2.20200000000000	-0.940000000000000
6.44695228012279	27.3962140000000	108.854907000000	2.35700000000000	0.0700000000000000
6.46644223376643	27.3989160000000	108.856421000000	1.90300000000000	-0.610000000000000
6.50533679395448	27.4008690000000	108.855672000000	2.26400000000000	-0.630000000000000
6.50837734958623	27.4008930000000	108.855461000000	2.21400000000000	-0.900000000000000
6.50848298612982	27.3989280000000	108.854565000000	2.26300000000000	0.170000000000000
6.51285730325617	27.4005150000000	108.855371000000	2.25400000000000	-0.550000000000000
6.51417862263043	27.4021790000000	108.856608000000	1.20700000000000	-0.740000000000000
6.52546203706879	27.3988690000000	108.854500000000	2.27100000000000	0.410000000000000
6.52650797448587	27.4005820000000	108.855745000000	2.26100000000000	-0.310000000000000
6.52780104172416	27.4013960000000	108.855192000000	2.26500000000000	-0.560000000000000
6.53677749994677	27.4013530000000	108.854964000000	2.25900000000000	-0.280000000000000
6.55114234948996	27.3990660000000	108.854248000000	2.22500000000000	-0.360000000000000
6.55637237266637	27.3967790000000	108.854842000000	2.26900000000000	-0.430000000000000
6.57688896986656	27.3959170000000	108.854451000000	2.35800000000000	-1.19000000000000
6.57839449075982	27.3986350000000	108.855664000000	2.30800000000000	-1.26000000000000
6.58267130784225	27.4007890000000	108.855249000000	2.23900000000000	-0.620000000000000
7.00191244215239	27.4012780000000	108.855688000000	2.24400000000000	-0.210000000000000
7.01727725693490	27.4014340000000	108.855599000000	2.24600000000000	-0.120000000000000
7.02940804394893	27.4006880000000	108.855216000000	2.24400000000000	-0.390000000000000
7.03023738425691	27.3989010000000	108.854647000000	2.26000000000000	0.380000000000000
7.03178307868075	27.3960920000000	108.855103000000	2.25800000000000	-0.630000000000000
7.03439241903834	27.4009990000000	108.855640000000	2.24700000000000	-0.480000000000000
7.04123557871208	27.4010190000000	108.856950000000	2.37100000000000	-1.22000000000000
7.04393040505238	27.3985430000000	108.854069000000	2.24900000000000	-0.670000000000000
7.04578141204547	27.4014080000000	108.855493000000	2.26100000000000	-0.190000000000000
7.09965993056539	27.4013100000000	108.855477000000	2.25700000000000	-0.490000000000000
7.09988085646182	27.4011520000000	108.855558000000	2.22600000000000	-0.630000000000000
7.10998700233176	27.3917580000000	108.855518000000	2.39300000000000	-0.130000000000000
7.12406155094504	27.4014220000000	108.855933000000	2.25000000000000	-0.740000000000000
7.18532993050758	27.4010440000000	108.855322000000	2.26500000000000	-0.430000000000000
7.19348885421641	27.4024820000000	108.855656000000	2.22400000000000	-1
7.21176721062511	27.4023030000000	108.856755000000	1.19800000000000	-0.850000000000000
7.23231554403901	27.3922420000000	108.858276000000	2.46200000000000	-0.330000000000000
7.23822973377537	27.4018230000000	108.855924000000	1.33700000000000	-1.04000000000000
7.24831120367162	27.4009010000000	108.856787000000	1.28700000000000	-1.04000000000000
7.25010394677520	27.4019860000000	108.852856000000	2.20200000000000	-0.480000000000000
7.32726380787790	27.4002030000000	108.855884000000	2.26300000000000	-0.870000000000000
7.32919778930955	27.4008240000000	108.854924000000	2.27500000000000	-0.150000000000000
7.33018945599906	27.3969560000000	108.855046000000	2.20000000000000	-0.490000000000000
7.33531667827629	27.4013510000000	108.856999000000	1.27600000000000	-0.730000000000000
7.33615981484763	27.4005370000000	108.855965000000	2.31400000000000	-0.230000000000000
7.33770388888661	27.4007650000000	108.855705000000	2.28500000000000	-0.540000000000000
7.34356097225100	27.4007610000000	108.855046000000	2.35700000000000	-0.120000000000000
7.34424046298955	27.4005470000000	108.855770000000	2.30800000000000	-0.0700000000000000
7.35273550928105	27.4002240000000	108.855778000000	2.29100000000000	-0.640000000000000
7.35311372682918	27.4006180000000	108.855680000000	2.28800000000000	-0.140000000000000
7.35765589121729	27.4013370000000	108.855306000000	2.27300000000000	-0.220000000000000
7.36482649308164	27.4005000000000	108.855623000000	2.23800000000000	-0.400000000000000
7.37041790504009	27.3997800000000	108.854378000000	2.22800000000000	-0.900000000000000
8.00481319439132	27.4003850000000	108.855729000000	2.27700000000000	-0.250000000000000
8.02337564819027	27.4005430000000	108.855811000000	2.22800000000000	-0.280000000000000
8.05538930557668	27.4003130000000	108.855607000000	2.23200000000000	-0.690000000000000
8.11233502312098	27.4011130000000	108.855648000000	2.25400000000000	-0.400000000000000
8.11920568288770	27.4023420000000	108.853491000000	2.22800000000000	0.240000000000000
8.12371567124501	27.4029220000000	108.853117000000	2.27100000000000	-0.450000000000000
8.12402079859749	27.4022640000000	108.853231000000	2.24200000000000	0.740000000000000
8.12476694444194	27.4034950000000	108.853337000000	2.21500000000000	-0.500000000000000
8.12895239586942	27.4005590000000	108.855908000000	2.28300000000000	-0.470000000000000
8.42854501155671	27.4006310000000	108.853540000000	2.36500000000000	-0.470000000000000
8.44568850693759	27.4024680000000	108.852832000000	2.28500000000000	0.0600000000000000
8.44610090274364	27.4029480000000	108.853182000000	2.26100000000000	1.22000000000000
8.46311071759556	27.4023380000000	108.852539000000	2.30700000000000	0.460000000000000
8.46329847222660	27.4030780000000	108.852775000000	2.25700000000000	-0.450000000000000
8.46423140051775	27.4025900000000	108.852865000000	2.25800000000000	-0.170000000000000
8.46475269680377	27.4026200000000	108.852718000000	2.30700000000000	0.760000000000000
8.47700467589311	27.4026610000000	108.852677000000	2.32400000000000	-0.310000000000000
8.47749599535018	27.4026900000000	108.853182000000	2.33000000000000	-0.340000000000000
8.48051935189869	27.4038150000000	108.854264000000	2.15100000000000	-0.800000000000000
8.48276322917081	27.4021530000000	108.855721000000	2.10700000000000	-1.04000000000000
8.48312888888177	27.4022830000000	108.855412000000	2.25600000000000	-0.280000000000000
8.48896101850551	27.4024050000000	108.853125000000	2.26000000000000	-0.440000000000000
8.49836226855405	27.4026940000000	108.853312000000	2.29700000000000	0.140000000000000
8.50306578702293	27.4032940000000	108.853206000000	2.22700000000000	-0.320000000000000
8.50845143513288	27.4024700000000	108.853019000000	2.40900000000000	-0.260000000000000
8.51202399306931	27.4029480000000	108.853784000000	2.34800000000000	-0.150000000000000
8.51470761571545	27.4028020000000	108.853060000000	2.38500000000000	-0.0700000000000000
8.51557620370295	27.4014550000000	108.854069000000	2.41500000000000	-0.360000000000000
8.52264603006188	27.4027020000000	108.853499000000	2.27300000000000	-0.670000000000000
8.52301143517252	27.4029050000000	108.853589000000	2.29600000000000	-0.370000000000000
8.52517827542033	27.4026490000000	108.853133000000	2.36400000000000	0.0400000000000000
8.52775799774099	27.4031030000000	108.852783000000	2.23100000000000	0.0400000000000000
8.52851436345372	27.4025450000000	108.853271000000	2.18900000000000	-1.07000000000000
8.52957511576824	27.4025840000000	108.852791000000	2.40700000000000	-0.380000000000000
8.52972151618451	27.4028850000000	108.853158000000	2.37300000000000	0.630000000000000
8.53188408561982	27.4044860000000	108.853288000000	2.28100000000000	-0.920000000000000
8.53536230325699	27.4030150000000	108.853597000000	2.34600000000000	0.860000000000000
8.53560305549763	27.4028060000000	108.853532000000	2.33000000000000	0.950000000000000
8.53574841434602	27.4029440000000	108.853687000000	2.25700000000000	-0.710000000000000
8.53737730323337	27.4019670000000	108.853784000000	2.37800000000000	-0.680000000000000
8.54057873843703	27.4028730000000	108.853849000000	2.33700000000000	0
8.54118921293411	27.4031720000000	108.854126000000	2.32600000000000	-0.690000000000000
8.54391725698952	27.4027240000000	108.853499000000	2.33000000000000	0.0900000000000000
8.54417766199913	27.4040830000000	108.854744000000	2.24400000000000	-0.440000000000000
9.00188170140609	27.4030880000000	108.854020000000	2.30400000000000	-0.0400000000000000
9.02695988421328	27.4025570000000	108.853060000000	2.29000000000000	-0.740000000000000
9.05148063658271	27.4029910000000	108.853719000000	2.33500000000000	-0.320000000000000
9.06221679400187	27.4027590000000	108.853638000000	2.27700000000000	-0.570000000000000
9.08024815970566	27.4032710000000	108.851953000000	2.30000000000000	0.820000000000000
9.09981140051968	27.4031150000000	108.854264000000	2.28000000000000	-0.630000000000000
9.10285123845097	27.4031250000000	108.851839000000	2.28500000000000	1.08000000000000
9.11486414354295	27.4032120000000	108.851953000000	2.31400000000000	0.310000000000000
9.11565818288364	27.4040160000000	108.852067000000	2.23900000000000	-0.340000000000000
9.11575612262823	27.4033850000000	108.852067000000	2.23400000000000	-0.290000000000000
9.11968994210474	27.4024900000000	108.853630000000	2.29800000000000	-0.300000000000000
9.12021996523254	27.4024780000000	108.853695000000	2.31200000000000	-0.280000000000000
9.12162011570763	27.4041460000000	108.852743000000	2.25800000000000	0.120000000000000
9.13124537037220	27.4034100000000	108.851872000000	2.29400000000000	-0.310000000000000
9.13227627309971	27.4044960000000	108.851701000000	2.24200000000000	-0.610000000000000
9.13677844905760	27.4044290000000	108.852799000000	2.33200000000000	0.210000000000000
9.13716451392975	27.4035580000000	108.852262000000	2.31000000000000	0.100000000000000
9.13889701385051	27.4044270000000	108.853206000000	2.31500000000000	-0.590000000000000
9.14287181710824	27.4033590000000	108.855892000000	1.30100000000000	-0.580000000000000
9.14861192135140	27.4041500000000	108.852824000000	2.34200000000000	-0.130000000000000
9.15140533563681	27.4028340000000	108.853882000000	2.30000000000000	-0.330000000000000
9.15142430551350	27.4024780000000	108.852856000000	2.25100000000000	-0.350000000000000
9.15212254633661	27.4024800000000	108.852702000000	2.20300000000000	-0.460000000000000
9.15332068281714	27.4041220000000	108.850415000000	2.16400000000000	-0.180000000000000
9.15682853013277	27.4032370000000	108.851969000000	2.29000000000000	1.18000000000000
9.15720846061595	27.4032550000000	108.851864000000	2.29400000000000	-0.100000000000000
9.15921281254850	27.4023660000000	108.852148000000	2.05000000000000	-1.03000000000000
9.15958096063696	27.4032450000000	108.852043000000	2.35700000000000	0.910000000000000
9.15974383102730	27.4034870000000	108.854834000000	1.31900000000000	-0.540000000000000
9.15995370375458	27.4031620000000	108.851912000000	2.30400000000000	-0.0900000000000000
9.16206901625264	27.4034710000000	108.852327000000	2.35000000000000	0.410000000000000
9.16528209485114	27.4026510000000	108.851855000000	2.26400000000000	-0.0800000000000000
9.16599260421936	27.4036990000000	108.852596000000	2.31500000000000	-0.480000000000000
9.16703701391816	27.4025350000000	108.852059000000	2.26000000000000	-0.770000000000000
9.16929401620291	27.4024900000000	108.852734000000	2.17000000000000	-0.900000000000000
9.16940719902050	27.4024740000000	108.852360000000	2.19700000000000	-0.910000000000000
9.17121194442734	27.4021000000000	108.852694000000	2.24100000000000	0.240000000000000
9.17353523150086	27.4035600000000	108.852433000000	2.35200000000000	0.180000000000000
9.17943636572454	27.4022420000000	108.852629000000	2.24900000000000	0.120000000000000
9.17983561346773	27.4031900000000	108.852035000000	2.33500000000000	0.130000000000000
9.18108922452666	27.4030760000000	108.852083000000	2.32100000000000	-0.580000000000000
9.18133699079044	27.4039060000000	108.852515000000	2.36200000000000	0.690000000000000
9.18223509262316	27.4041000000000	108.852702000000	2.37100000000000	-0.280000000000000
9.18257351848297	27.4031880000000	108.851912000000	2.32300000000000	0.710000000000000
9.18518170143943	27.4037050000000	108.852555000000	2.31300000000000	-0.240000000000000
9.18613773153629	27.4036870000000	108.852808000000	2.30900000000000	-0.380000000000000
9.18659123848192	27.4020850000000	108.852759000000	2.25900000000000	0.460000000000000
9.18688415514771	27.4020770000000	108.852531000000	2.24800000000000	-0.270000000000000
9.18726747680921	27.4037350000000	108.852799000000	2.35300000000000	-0.440000000000000
9.18851582170464	27.4038960000000	108.852507000000	2.32100000000000	-0.740000000000000
9.18997450231109	27.4028630000000	108.853857000000	2.27800000000000	-0.800000000000000
9.19104886578862	27.4031760000000	108.854183000000	2.32000000000000	-0.520000000000000
9.19146722217556	27.4037960000000	108.852677000000	2.33600000000000	-0.480000000000000
9.19205723376945	27.4036400000000	108.852832000000	2.35500000000000	-0.520000000000000
9.19308604171965	27.4030090000000	108.853857000000	2.32300000000000	0.0300000000000000
9.19382465281524	27.4040180000000	108.852905000000	2.37600000000000	-0.970000000000000
9.19686011574231	27.4040160000000	108.852832000000	2.34100000000000	0.520000000000000
9.19734671292827	27.4021570000000	108.852775000000	2.21000000000000	0.180000000000000
9.19743528938852	27.4034320000000	108.852783000000	2.31800000000000	-0.600000000000000
9.19773831020575	27.4022660000000	108.852205000000	2.23800000000000	-0.490000000000000
9.20254401618149	27.4035990000000	108.852572000000	2.33300000000000	-0.390000000000000
9.20472832175437	27.4035620000000	108.852710000000	2.34200000000000	-0.510000000000000
9.20577968750149	27.4036560000000	108.852588000000	2.32300000000000	-0.170000000000000
9.20634687505662	27.4037010000000	108.852368000000	2.35300000000000	0.100000000000000
9.20755577541422	27.4024110000000	108.851823000000	2.25500000000000	-0.480000000000000
9.20841885416303	27.4037800000000	108.852572000000	2.38100000000000	-0.480000000000000
9.20944787038025	27.4036170000000	108.852425000000	2.35800000000000	0.550000000000000
9.20972084486857	27.4034730000000	108.855249000000	1.29100000000000	-0.860000000000000
9.20974028937053	27.4037840000000	108.852783000000	2.32700000000000	-0.530000000000000
9.21001721068751	27.4022460000000	108.852596000000	2.20200000000000	-0.870000000000000
9.21045409725048	27.4037900000000	108.852604000000	2.39400000000000	-0.600000000000000
9.21428153931629	27.4037600000000	108.852653000000	2.35500000000000	-0.330000000000000
9.21762267360464	27.4038530000000	108.853003000000	2.16500000000000	-0.830000000000000
9.21908953704406	27.4036620000000	108.852498000000	2.36300000000000	-0.440000000000000
9.22224851849023	27.4040470000000	108.852808000000	2.34200000000000	-0.130000000000000
9.22329638886731	27.4040470000000	108.852783000000	2.35900000000000	0.920000000000000
9.22428230324294	27.4039060000000	108.852498000000	2.35800000000000	0.610000000000000
9.22456335648894	27.4038190000000	108.852702000000	2.33900000000000	-0.0600000000000000
9.22483722225297	27.4034260000000	108.852897000000	2.37100000000000	-0.680000000000000
9.22492072917521	27.4037190000000	108.852645000000	2.36200000000000	-0.670000000000000
9.22505453706253	27.4039530000000	108.852905000000	2.35500000000000	-0.610000000000000
9.22576821758412	27.4031350000000	108.852051000000	2.34000000000000	0.390000000000000
9.22603331017308	27.4031700000000	108.853792000000	2.29900000000000	-0.420000000000000
9.22621924767736	27.4031010000000	108.852197000000	2.32700000000000	-0.200000000000000
9.22692392359022	27.4038430000000	108.852848000000	2.32000000000000	-0.740000000000000
9.22806638886686	27.4034630000000	108.852669000000	2.34600000000000	-0.490000000000000
9.22811665514018	27.4037030000000	108.852523000000	2.33000000000000	-0.570000000000000
9.22850407403894	27.4029720000000	108.853418000000	2.20800000000000	-0.680000000000000
9.22968217590824	27.4036440000000	108.852710000000	2.41700000000000	-0.720000000000000
9.23001766204834	27.4041910000000	108.852791000000	2.29400000000000	-0.930000000000000
9.23136538197286	27.4035970000000	108.852572000000	2.30200000000000	-0.230000000000000
9.23143589124084	27.4024620000000	108.852189000000	2.21500000000000	-0.880000000000000
9.23233534721658	27.4040910000000	108.852767000000	2.35500000000000	-0.180000000000000
9.23298792820424	27.4035030000000	108.852482000000	2.33800000000000	0.0100000000000000
9.23325758101419	27.4039900000000	108.852799000000	2.33700000000000	0.380000000000000
9.23451027774718	27.4037150000000	108.852694000000	2.26900000000000	-0.650000000000000
9.23496833338868	27.4039980000000	108.852783000000	2.31600000000000	-0.250000000000000
9.23590053245425	27.4037760000000	108.852686000000	2.32600000000000	-0.540000000000000
9.23915329866577	27.4041850000000	108.852824000000	2.35500000000000	0.330000000000000
9.24154785880819	27.4036740000000	108.852726000000	2.33800000000000	-0.320000000000000
9.24368122685701	27.4035420000000	108.852791000000	2.32000000000000	-0.580000000000000
9.24559234955814	27.4036030000000	108.852327000000	2.35400000000000	0.100000000000000
9.24690333334729	27.4033040000000	108.852531000000	2.29900000000000	-0.160000000000000
9.24740637734067	27.4035460000000	108.852303000000	2.36300000000000	-0.0600000000000000
9.24813495366834	27.4037410000000	108.852938000000	2.30400000000000	-0.740000000000000
9.24861017358489	27.4036500000000	108.852482000000	2.39700000000000	-0.540000000000000
9.24900328705553	27.4043150000000	108.853141000000	2.32000000000000	-0.300000000000000
9.24959675921127	27.4038550000000	108.852653000000	2.32400000000000	-0.330000000000000
9.25407851848286	27.4035120000000	108.856323000000	1.27900000000000	-0.650000000000000
9.25443057867233	27.4040890000000	108.852848000000	2.32500000000000	-0.250000000000000
9.25483849539887	27.4035830000000	108.852686000000	2.31700000000000	-0.720000000000000
9.25656219909433	27.4038760000000	108.852791000000	2.39300000000000	-0.610000000000000
9.26100381941069	27.4036110000000	108.852580000000	2.33600000000000	-0.370000000000000
9.26381662033964	27.4036800000000	108.852580000000	2.37200000000000	-0.210000000000000
9.26494789356366	27.4038880000000	108.852677000000	2.36500000000000	-0.570000000000000
9.26505953702144	27.4035910000000	108.852791000000	2.37500000000000	-0.550000000000000
9.26562616892625	27.4036560000000	108.852848000000	2.32800000000000	-0.250000000000000
9.26839174772613	27.4031190000000	108.852189000000	2.33200000000000	-0.190000000000000
9.26857234956697	27.4036130000000	108.852319000000	2.36500000000000	0.110000000000000
9.27130850695539	27.4041280000000	108.852474000000	2.36700000000000	-0.360000000000000
9.27238393516745	27.4025630000000	108.851986000000	2.34800000000000	-0.510000000000000
9.27348787034862	27.4032350000000	108.853499000000	2.26400000000000	-0.530000000000000
9.27431638888083	27.4037270000000	108.852450000000	2.29000000000000	-0.470000000000000
9.27453906252049	27.4038800000000	108.852962000000	2.29800000000000	-0.430000000000000
9.27552159724291	27.4039840000000	108.855168000000	1.27200000000000	-0.590000000000000
9.27562493050937	27.4033450000000	108.852026000000	2.30800000000000	-0.180000000000000
9.27572159725241	27.4040670000000	108.852897000000	2.28500000000000	-0.180000000000000
9.27674850693438	27.4042990000000	108.852669000000	2.33900000000000	0.500000000000000
9.27743025461678	27.4035280000000	108.852620000000	2.38800000000000	-0.430000000000000
9.27759715274442	27.4037410000000	108.852303000000	2.37300000000000	0.940000000000000
9.27885366894770	27.4038350000000	108.852474000000	2.34900000000000	0.180000000000000
9.27939670137130	27.4037660000000	108.852515000000	2.37700000000000	-0.150000000000000
9.28235807875171	27.4040710000000	108.852865000000	2.32900000000000	-0.0900000000000000
9.28417410876136	27.4037620000000	108.852946000000	2.31700000000000	-0.280000000000000
9.28427780093625	27.4034890000000	108.852653000000	2.27500000000000	-0.510000000000000
9.28442699078005	27.4035540000000	108.852368000000	2.28700000000000	-0.260000000000000
9.28484500001650	27.4034970000000	108.852588000000	2.31200000000000	-0.260000000000000
9.28775782405864	27.4039900000000	108.852539000000	2.41100000000000	-0.380000000000000
9.29036238428671	27.4041360000000	108.852840000000	2.38800000000000	0.210000000000000
9.29054425924551	27.4032060000000	108.852222000000	2.29000000000000	-0.260000000000000
9.29205236106645	27.4041990000000	108.852791000000	2.38100000000000	-0.170000000000000
9.29265834495891	27.4040570000000	108.852604000000	2.36400000000000	0.440000000000000
9.29374222224578	27.4049480000000	108.852466000000	2.32800000000000	-0.680000000000000
9.29559858795255	27.4039040000000	108.855135000000	1.32300000000000	-0.560000000000000
9.29694109957200	27.4036950000000	108.852653000000	2.30300000000000	-0.570000000000000
9.29733751155436	27.4041180000000	108.852856000000	2.36900000000000	0.210000000000000
9.29737960651983	27.4036990000000	108.852588000000	2.35900000000000	-0.0900000000000000
9.29823704855517	27.4036110000000	108.852327000000	2.34700000000000	-0.170000000000000
9.30046953703277	27.4039940000000	108.852726000000	2.36200000000000	-0.200000000000000
9.30054013885092	27.4039040000000	108.852759000000	2.28000000000000	-0.710000000000000
9.30231896985788	27.4035280000000	108.852970000000	2.41400000000000	-0.490000000000000
9.30388281249907	27.4032490000000	108.852620000000	2.20100000000000	-0.390000000000000
9.30656173615716	27.4033550000000	108.852344000000	2.32200000000000	-0.490000000000000
9.30667222221382	27.4036110000000	108.852702000000	2.35100000000000	-0.380000000000000
9.30768510419875	27.4035560000000	108.852588000000	2.37500000000000	-0.500000000000000
9.30782608792651	27.4039900000000	108.852791000000	2.34500000000000	-0.220000000000000
9.30794739583507	27.4029660000000	108.852531000000	2.37300000000000	-0.440000000000000
9.30812204862014	27.4039820000000	108.852816000000	2.32000000000000	-0.130000000000000
9.30857224541251	27.4034550000000	108.852580000000	2.31400000000000	-0.480000000000000
9.30865152773913	27.4031350000000	108.852181000000	2.31600000000000	-0.370000000000000
9.31145347224083	27.4030990000000	108.852108000000	2.33800000000000	0.220000000000000
9.31227452540770	27.4028690000000	108.852376000000	2.20400000000000	-0.350000000000000
9.31247194448952	27.4041950000000	108.852783000000	2.39500000000000	1.20000000000000
9.31335407402366	27.4039650000000	108.852083000000	2.26800000000000	-0.110000000000000
9.31548234948423	27.4040200000000	108.852865000000	2.34400000000000	-0.0400000000000000
9.31697380787227	27.4019900000000	108.852425000000	2.26600000000000	1.35000000000000
9.31716721062549	27.4037130000000	108.852401000000	2.35100000000000	0.350000000000000
9.31794777780306	27.4038800000000	108.852612000000	2.39600000000000	-0.0300000000000000
9.31827961804811	27.4044250000000	108.853003000000	2.34400000000000	0.240000000000000
9.31833848380484	27.4031130000000	108.852075000000	2.35400000000000	0.610000000000000
9.31854006939102	27.4031920000000	108.852108000000	2.34800000000000	0.570000000000000
9.31867578707170	27.4031640000000	108.852262000000	2.39100000000000	-0.160000000000000
9.32052105327603	27.4035500000000	108.855640000000	1.33500000000000	-0.640000000000000
9.32067311345600	27.4023210000000	108.851611000000	2.23600000000000	-0.270000000000000
9.32104329857975	27.4039430000000	108.852759000000	2.36000000000000	-0.510000000000000
9.32126844907180	27.4033530000000	108.852271000000	2.21100000000000	-0.220000000000000
9.32176228007302	27.4033040000000	108.852539000000	2.30200000000000	-0.280000000000000
9.32305493054446	27.4034830000000	108.852352000000	2.28600000000000	-0.590000000000000
9.32323614577763	27.4027510000000	108.852702000000	2.31700000000000	-0.160000000000000
9.32335866894573	27.4039570000000	108.852840000000	2.33500000000000	-0.340000000000000
9.32433224539273	27.4033790000000	108.852441000000	2.38700000000000	-0.0800000000000000
9.32498788193334	27.4041710000000	108.852791000000	2.39200000000000	0.130000000000000
9.32637282402720	27.4037030000000	108.852767000000	2.38500000000000	-0.350000000000000
9.32791197916959	27.4037560000000	108.852555000000	2.39200000000000	-0.210000000000000
9.32802222226746	27.4019490000000	108.853133000000	2.21800000000000	-0.470000000000000
9.32807130785659	27.4035870000000	108.852287000000	2.36300000000000	-0.260000000000000
9.32863063656259	27.4038860000000	108.852718000000	2.35100000000000	-0.370000000000000
9.32993928238284	27.4031560000000	108.852059000000	2.34200000000000	-0.440000000000000
9.33169434033334	27.4031250000000	108.851774000000	2.38100000000000	-0.540000000000000
9.33360685186926	27.4034400000000	108.851383000000	2.18600000000000	-0.650000000000000
9.33379777777009	27.4036520000000	108.853182000000	2.32500000000000	-0.440000000000000
9.33403403940611	27.4036820000000	108.852677000000	2.27700000000000	-0.610000000000000
9.33471756940708	27.4031070000000	108.851489000000	2.28800000000000	-0.170000000000000
9.33626988425385	27.4030230000000	108.850741000000	2.20300000000000	-0.700000000000000
9.33717430557590	27.4034630000000	108.852417000000	2.42600000000000	-0.490000000000000
9.33747231482994	27.4042930000000	108.852832000000	2.37600000000000	0.360000000000000
9.33818123838864	27.4041300000000	108.852743000000	2.36100000000000	-0.360000000000000
9.33867032406852	27.4032960000000	108.855241000000	1.40700000000000	-0.550000000000000
9.33969814819284	27.4019730000000	108.852433000000	2.24600000000000	0.0600000000000000
9.34016575233545	27.4027320000000	108.851904000000	2.14600000000000	-0.510000000000000
9.34083177079447	27.4022220000000	108.851888000000	2.18600000000000	-0.200000000000000
9.34144678246230	27.4041000000000	108.852840000000	2.35700000000000	-0.490000000000000
9.34266755788121	27.4039730000000	108.852531000000	2.38700000000000	0.340000000000000
9.34315755788703	27.4031130000000	108.851872000000	2.28400000000000	0.870000000000000
9.34349259256851	27.4031370000000	108.852840000000	2.25100000000000	-0.710000000000000
9.34367817128077	27.4040380000000	108.852531000000	2.31100000000000	-0.820000000000000
9.34447138884570	27.4034590000000	108.852482000000	2.36500000000000	-0.320000000000000
9.34521219902672	27.4012370000000	108.852222000000	2.16200000000000	-0.530000000000000
9.34565577551257	27.4040240000000	108.852775000000	2.35200000000000	-0.0300000000000000
9.34593396994751	27.4028830000000	108.851644000000	2.34100000000000	-0.240000000000000
9.34628954855725	27.4035010000000	108.852555000000	2.34800000000000	-0.450000000000000
9.34644701390062	27.4030070000000	108.852344000000	2.34100000000000	-0.480000000000000
9.34658442134969	27.4035260000000	108.853003000000	2.30100000000000	-0.810000000000000
9.34672491892707	27.4026790000000	108.852287000000	2.16600000000000	-0.690000000000000
9.34682275459636	27.4024410000000	108.852783000000	2.27100000000000	-0.700000000000000
9.34739670134150	27.4022340000000	108.852734000000	2.23600000000000	-0.540000000000000
9.34764681709930	27.4022320000000	108.852588000000	2.12300000000000	-0.990000000000000
9.34840836806689	27.4036680000000	108.852352000000	2.37300000000000	-0.0700000000000000
9.34857744211331	27.4021990000000	108.852791000000	2.21200000000000	-0.0100000000000000
9.34912173612975	27.4036190000000	108.852352000000	2.33500000000000	-0.210000000000000
9.34963636577595	27.4019980000000	108.852832000000	2.21800000000000	-0.550000000000000
9.34983343747445	27.4019630000000	108.851449000000	2.23800000000000	-0.950000000000000
9.34989370370749	27.4035100000000	108.852441000000	2.30700000000000	-0.460000000000000
9.34997783566359	27.4032310000000	108.852303000000	2.34700000000000	-0.900000000000000
9.35084259253927	27.4039270000000	108.852523000000	2.40400000000000	-0.280000000000000
9.35103429399896	27.3912190000000	108.872493000000	0.759000000000000	-0.310000000000000
9.35170829866547	27.4041260000000	108.852954000000	2.25500000000000	-0.0300000000000000
9.35352454858366	27.4028790000000	108.852336000000	2.27400000000000	-0.720000000000000
9.35406282404438	27.4041810000000	108.852824000000	2.34700000000000	0.400000000000000
9.35515065968502	27.4035850000000	108.852409000000	2.38400000000000	-0.400000000000000
9.35517248837277	27.4019250000000	108.852441000000	2.18000000000000	-0.680000000000000
9.35576601850335	27.4040280000000	108.852637000000	2.37000000000000	-0.490000000000000
9.35814312496223	27.4037520000000	108.852425000000	2.38400000000000	-0.180000000000000
9.35873965278734	27.4018760000000	108.852710000000	2.21200000000000	-0.130000000000000
9.35886116896290	27.4036680000000	108.852466000000	2.37100000000000	-0.650000000000000
9.35955907404423	27.4038210000000	108.852694000000	2.34700000000000	-0.650000000000000
9.36209946754389	27.4041460000000	108.852702000000	2.37400000000000	0.400000000000000
9.36219254625030	27.4043110000000	108.852791000000	2.38400000000000	-0.0200000000000000
9.36260427080561	27.4037230000000	108.852824000000	2.32600000000000	-1.03000000000000
9.36440802086145	27.4036990000000	108.853703000000	2.38700000000000	-0.810000000000000