   1.3323700e+01   4.3983300e+01   2.0220000e+03   1.1000000e+01   9.0000000e+00   5.7000000e+00   5.0000000e+00   6.0000000e+00   7.0000000e+00   2.5000000e+01
   1.3344700e+01   4.3913300e+01   2.0220000e+03   1.1000000e+01   9.0000000e+00   5.2000000e+00   7.7000000e+00   6.0000000e+00   8.0000000e+00   2.8990000e+01
   1.3301500e+01   4.3966200e+01   2.0220000e+03   1.1000000e+01   9.0000000e+00   4.0000000e+00   4.7000000e+00   6.0000000e+00   1.2000000e+01   5.7730000e+01
   1.3295200e+01   4.4009200e+01   2.0220000e+03   1.1000000e+01   9.0000000e+00   3.1000000e+00   5.3000000e+00   6.0000000e+00   1.5000000e+01   2.3630000e+01
   1.3363300e+01   4.3993700e+01   2.0220000e+03   1.1000000e+01   9.0000000e+00   3.4000000e+00   7.2000000e+00   6.0000000e+00   1.6000000e+01   5.5120000e+01
   1.3258800e+01   4.3927200e+01   2.0220000e+03   1.1000000e+01   9.0000000e+00   3.5000000e+00   9.4000000e+00   6.0000000e+00   1.9000000e+01   4.5660000e+01
   1.3164300e+01   4.3945200e+01   2.0220000e+03   1.1000000e+01   9.0000000e+00   2.5000000e+00   4.2000000e+00   6.0000000e+00   2.3000000e+01   3.2180000e+01
   1.3357700e+01   4.3936000e+01   2.0220000e+03   1.1000000e+01   9.0000000e+00   2.7000000e+00   1.0000000e+01   6.0000000e+00   2.6000000e+01   3.2890000e+01
   1.3380200e+01   4.3969500e+01   2.0220000e+03   1.1000000e+01   9.0000000e+00   2.4000000e+00   6.8000000e+00   6.0000000e+00   2.9000000e+01   3.2860000e+01
   1.3273300e+01   4.3904200e+01   2.0220000e+03   1.1000000e+01   9.0000000e+00   3.7000000e+00   8.7000000e+00   6.0000000e+00   3.0000000e+01   4.0750000e+01
   1.3255800e+01   4.4155800e+01   2.0220000e+03   1.1000000e+01   9.0000000e+00   2.6000000e+00   1.0000000e+01   6.0000000e+00   3.2000000e+01   5.1830000e+01
   1.3301700e+01   4.3967300e+01   2.0220000e+03   1.1000000e+01   9.0000000e+00   2.4000000e+00   8.4000000e+00   6.0000000e+00   3.5000000e+01   2.1010000e+01
   1.3314200e+01   4.3978700e+01   2.0220000e+03   1.1000000e+01   9.0000000e+00   3.8000000e+00   4.5000000e+00   6.0000000e+00   4.0000000e+01   5.5090000e+01
   1.3315000e+01   4.4034200e+01   2.0220000e+03   1.1000000e+01   9.0000000e+00   2.4000000e+00   8.5000000e+00   6.0000000e+00   4.5000000e+01   1.1660000e+01
   1.3344700e+01   4.4010700e+01   2.0220000e+03   1.1000000e+01   9.0000000e+00   2.3000000e+00   1.8000000e+00   6.0000000e+00   4.8000000e+01   5.4070000e+01
   1.3288800e+01   4.3990300e+01   2.0220000e+03   1.1000000e+01   9.0000000e+00   2.0000000e+00   8.8000000e+00   6.0000000e+00   5.5000000e+01   5.1090000e+01
   1.3288200e+01   4.3975300e+01   2.0220000e+03   1.1000000e+01   9.0000000e+00   3.2000000e+00   9.7000000e+00   6.0000000e+00   5.7000000e+01   1.9560000e+01
   1.3285000e+01   4.3957000e+01   2.0220000e+03   1.1000000e+01   9.0000000e+00   3.7000000e+00   4.5000000e+00   6.0000000e+00   5.8000000e+01   2.4610000e+01
   1.3238800e+01   4.3917800e+01   2.0220000e+03   1.1000000e+01   9.0000000e+00   2.7000000e+00   1.1000000e+01   7.0000000e+00   0.0000000e+00   2.4000000e+01
   1.3342500e+01   4.3892300e+01   2.0220000e+03   1.1000000e+01   9.0000000e+00   1.9000000e+00   7.4000000e+00   7.0000000e+00   7.0000000e+00   2.7430000e+01
   1.3222500e+01   4.3943700e+01   2.0220000e+03   1.1000000e+01   9.0000000e+00   1.7000000e+00   2.3800000e+01   7.0000000e+00   9.0000000e+00   4.4960000e+01
   1.3357700e+01   4.3944300e+01   2.0220000e+03   1.1000000e+01   9.0000000e+00   2.1000000e+00   4.1000000e+00   7.0000000e+00   1.0000000e+01   4.6200000e+01
   1.3290500e+01   4.3977800e+01   2.0220000e+03   1.1000000e+01   9.0000000e+00   2.3000000e+00   4.2000000e+00   7.0000000e+00   1.1000000e+01   3.6930000e+01
   1.3479800e+01   4.4191800e+01   2.0220000e+03   1.1000000e+01   9.0000000e+00   2.5000000e+00   1.1800000e+01   7.0000000e+00   1.4000000e+01   5.0400000e+01
   1.3304700e+01   4.3925700e+01   2.0220000e+03   1.1000000e+01   9.0000000e+00   3.1000000e+00   1.0100000e+01   7.0000000e+00   1.5000000e+01   4.0350000e+01
   1.3273300e+01   4.3957700e+01   2.0220000e+03   1.1000000e+01   9.0000000e+00   2.1000000e+00   8.5000000e+00   7.0000000e+00   3.0000000e+01   1.7750000e+01
   1.3299700e+01   4.3947700e+01   2.0220000e+03   1.1000000e+01   9.0000000e+00   2.3000000e+00   9.4000000e+00   7.0000000e+00   3.0000000e+01   4.5820000e+01
   1.3310200e+01   4.3982800e+01   2.0220000e+03   1.1000000e+01   9.0000000e+00   2.7000000e+00   8.8000000e+00   7.0000000e+00   3.1000000e+01   1.8690000e+01
   1.3280000e+01   4.3965500e+01   2.0220000e+03   1.1000000e+01   9.0000000e+00   2.0000000e+00   9.3000000e+00   7.0000000e+00   3.3000000e+01   2.8720000e+01
   1.3299300e+01   4.3988200e+01   2.0220000e+03   1.1000000e+01   9.0000000e+00   1.6000000e+00   7.0000000e+00   7.0000000e+00   3.5000000e+01   1.7530000e+01
   1.3286700e+01   4.3991300e+01   2.0220000e+03   1.1000000e+01   9.0000000e+00   2.2000000e+00   8.7000000e+00   7.0000000e+00   4.4000000e+01   2.4660000e+01
   1.3300800e+01   4.3984700e+01   2.0220000e+03   1.1000000e+01   9.0000000e+00   2.2000000e+00   8.1000000e+00   7.0000000e+00   4.7000000e+01   5.6220000e+01
   1.3283300e+01   4.3928500e+01   2.0220000e+03   1.1000000e+01   9.0000000e+00   2.1000000e+00   1.0800000e+01   7.0000000e+00   5.0000000e+01   1.6770000e+01
   1.3286200e+01   4.3940200e+01   2.0220000e+03   1.1000000e+01   9.0000000e+00   2.4000000e+00   9.7000000e+00   8.0000000e+00   4.0000000e+00   2.9200000e+00
   1.3266800e+01   4.3986800e+01   2.0220000e+03   1.1000000e+01   9.0000000e+00   2.8000000e+00   9.4000000e+00   8.0000000e+00   5.0000000e+00   5.3680000e+01
   1.3347000e+01   4.3943200e+01   2.0220000e+03   1.1000000e+01   9.0000000e+00   1.7000000e+00   1.0700000e+01   8.0000000e+00   1.1000000e+01   1.9320000e+01
   1.3332000e+01   4.3966700e+01   2.0220000e+03   1.1000000e+01   9.0000000e+00   2.4000000e+00   1.0600000e+01   8.0000000e+00   1.6000000e+01   2.7550000e+01
   1.3364500e+01   4.3898300e+01   2.0220000e+03   1.1000000e+01   9.0000000e+00   2.4000000e+00   8.1000000e+00   8.0000000e+00   2.4000000e+01   2.4100000e+00
   1.3309300e+01   4.4038700e+01   2.0220000e+03   1.1000000e+01   9.0000000e+00   1.9000000e+00   2.5000000e+00   8.0000000e+00   2.5000000e+01   3.4570000e+01
   1.3323500e+01   4.3978000e+01   2.0220000e+03   1.1000000e+01   9.0000000e+00   2.5000000e+00   8.9000000e+00   8.0000000e+00   2.9000000e+01   2.3980000e+01
   1.3361300e+01   4.3932200e+01   2.0220000e+03   1.1000000e+01   9.0000000e+00   2.4000000e+00   8.1000000e+00   8.0000000e+00   3.4000000e+01   5.0490000e+01
   1.3245800e+01   4.3965000e+01   2.0220000e+03   1.1000000e+01   9.0000000e+00   2.2000000e+00   9.9000000e+00   8.0000000e+00   3.5000000e+01   4.4660000e+01
   1.3289300e+01   4.3943800e+01   2.0220000e+03   1.1000000e+01   9.0000000e+00   3.0000000e+00   9.5000000e+00   8.0000000e+00   4.7000000e+01   5.2990000e+01
   1.3343300e+01   4.3965800e+01   2.0220000e+03   1.1000000e+01   9.0000000e+00   2.1000000e+00   1.0000000e+01   8.0000000e+00   5.5000000e+01   1.3330000e+01
   1.3306300e+01   4.3953300e+01   2.0220000e+03   1.1000000e+01   9.0000000e+00   2.5000000e+00   8.3000000e+00   8.0000000e+00   5.7000000e+01   5.4000000e+01
   1.3359000e+01   4.3987800e+01   2.0220000e+03   1.1000000e+01   9.0000000e+00   2.4000000e+00   9.3000000e+00   9.0000000e+00   1.0000000e+00   2.1910000e+01
   1.3310300e+01   4.3977700e+01   2.0220000e+03   1.1000000e+01   9.0000000e+00   1.5000000e+00   1.0000000e+01   9.0000000e+00   4.0000000e+00   2.7130000e+01
   1.3281500e+01   4.3954800e+01   2.0220000e+03   1.1000000e+01   9.0000000e+00   2.3000000e+00   8.9000000e+00   9.0000000e+00   1.2000000e+01   8.5400000e+00
   1.3352500e+01   4.3920800e+01   2.0220000e+03   1.1000000e+01   9.0000000e+00   1.7000000e+00   1.0200000e+01   9.0000000e+00   2.1000000e+01   2.9920000e+01
   1.3296500e+01   4.3947700e+01   2.0220000e+03   1.1000000e+01   9.0000000e+00   2.0000000e+00   1.1300000e+01   9.0000000e+00   2.3000000e+01   8.9100000e+00
   1.3382200e+01   4.3890800e+01   2.0220000e+03   1.1000000e+01   9.0000000e+00   2.5000000e+00   9.4000000e+00   9.0000000e+00   3.2000000e+01   4.0350000e+01
   1.3375800e+01   4.3936200e+01   2.0220000e+03   1.1000000e+01   9.0000000e+00   2.0000000e+00   8.3000000e+00   9.0000000e+00   3.5000000e+01   1.3780000e+01
   1.3199300e+01   4.3839300e+01   2.0220000e+03   1.1000000e+01   9.0000000e+00   1.6000000e+00   1.0000000e+01   9.0000000e+00   3.7000000e+01   1.5270000e+01
   1.3378300e+01   4.3985700e+01   2.0220000e+03   1.1000000e+01   9.0000000e+00   1.7000000e+00   1.0000000e+01   9.0000000e+00   4.1000000e+01   4.8150000e+01
   1.3280000e+01   4.3933200e+01   2.0220000e+03   1.1000000e+01   9.0000000e+00   2.3000000e+00   8.8000000e+00   9.0000000e+00   5.5000000e+01   1.0840000e+01
   1.3320500e+01   4.3936800e+01   2.0220000e+03   1.1000000e+01   9.0000000e+00   2.3000000e+00   9.6000000e+00   1.0000000e+01   6.0000000e+00   2.1960000e+01
   1.3323300e+01   4.3952700e+01   2.0220000e+03   1.1000000e+01   9.0000000e+00   2.6000000e+00   9.0000000e+00   1.0000000e+01   2.3000000e+01   1.1600000e+00
   1.3315200e+01   4.4043800e+01   2.0220000e+03   1.1000000e+01   9.0000000e+00   2.0000000e+00   1.0000000e+01   1.0000000e+01   3.8000000e+01   5.2250000e+01
   1.3306300e+01   4.3989300e+01   2.0220000e+03   1.1000000e+01   9.0000000e+00   2.1000000e+00   1.0000000e+01   1.0000000e+01   4.3000000e+01   5.8180000e+01
   1.3308500e+01   4.3918200e+01   2.0220000e+03   1.1000000e+01   9.0000000e+00   2.2000000e+00   9.5000000e+00   1.0000000e+01   5.1000000e+01   4.7420000e+01
   1.3239800e+01   4.3898300e+01   2.0220000e+03   1.1000000e+01   9.0000000e+00   2.2000000e+00   1.0000000e+01   1.1000000e+01   1.0000000e+00   4.2870000e+01
   1.3339800e+01   4.3911200e+01   2.0220000e+03   1.1000000e+01   9.0000000e+00   2.2000000e+00   9.5000000e+00   1.1000000e+01   3.0000000e+00   2.3930000e+01
   1.3260300e+01   4.3974300e+01   2.0220000e+03   1.1000000e+01   9.0000000e+00   1.7000000e+00   1.0000000e+01   1.1000000e+01   1.6000000e+01   3.0760000e+01
   1.3387700e+01   4.3931200e+01   2.0220000e+03   1.1000000e+01   9.0000000e+00   1.7000000e+00   7.4000000e+00   1.1000000e+01   4.0000000e+01   1.1030000e+01
   1.3313700e+01   4.3917800e+01   2.0220000e+03   1.1000000e+01   9.0000000e+00   1.9000000e+00   8.2000000e+00   1.1000000e+01   4.8000000e+01   2.6220000e+01
   1.3273200e+01   4.4007300e+01   2.0220000e+03   1.1000000e+01   9.0000000e+00   3.1000000e+00   7.6000000e+00   1.2000000e+01   2.0000000e+00   5.5080000e+01
   1.3260700e+01   4.3955200e+01   2.0220000e+03   1.1000000e+01   9.0000000e+00   3.8000000e+00   6.0000000e+00   1.2000000e+01   1.0000000e+01   2.3400000e+00
   1.3322500e+01   4.3945500e+01   2.0220000e+03   1.1000000e+01   9.0000000e+00   2.2000000e+00   1.0000000e+01   1.2000000e+01   1.3000000e+01   3.5500000e+00
   1.3333800e+01   4.3959200e+01   2.0220000e+03   1.1000000e+01   9.0000000e+00   2.0000000e+00   9.4000000e+00   1.2000000e+01   2.0000000e+01   5.9790000e+01
   1.3348000e+01   4.3935000e+01   2.0220000e+03   1.1000000e+01   9.0000000e+00   1.3000000e+00   1.0000000e+01   1.2000000e+01   2.4000000e+01   3.8550000e+01
   1.3391200e+01   4.3903200e+01   2.0220000e+03   1.1000000e+01   9.0000000e+00   2.3000000e+00   8.1000000e+00   1.2000000e+01   3.3000000e+01   5.2040000e+01
   1.3267200e+01   4.3984700e+01   2.0220000e+03   1.1000000e+01   9.0000000e+00   2.4000000e+00   9.7000000e+00   1.2000000e+01   4.4000000e+01   1.3490000e+01
   1.3367000e+01   4.4021300e+01   2.0220000e+03   1.1000000e+01   9.0000000e+00   1.8000000e+00   1.0000000e+01   1.3000000e+01   4.0000000e+00   2.1920000e+01
   1.3360700e+01   4.3954200e+01   2.0220000e+03   1.1000000e+01   9.0000000e+00   2.2000000e+00   7.0000000e+00   1.3000000e+01   3.4000000e+01   2.3230000e+01
   1.3313700e+01   4.3945300e+01   2.0220000e+03   1.1000000e+01   9.0000000e+00   2.6000000e+00   8.8000000e+00   1.3000000e+01   3.7000000e+01   4.6800000e+01
   1.3293700e+01   4.3945200e+01   2.0220000e+03   1.1000000e+01   9.0000000e+00   2.0000000e+00   1.0000000e+01   1.3000000e+01   5.4000000e+01   7.5700000e+00
   1.3363500e+01   4.3898300e+01   2.0220000e+03   1.1000000e+01   9.0000000e+00   1.7000000e+00   7.7000000e+00   1.4000000e+01   4.6000000e+01   5.0690000e+01
   1.3262700e+01   4.3915300e+01   2.0220000e+03   1.1000000e+01   9.0000000e+00   2.3000000e+00   1.3000000e+01   1.4000000e+01   4.7000000e+01   2.7150000e+01
   1.3295700e+01   4.4002000e+01   2.0220000e+03   1.1000000e+01   9.0000000e+00   2.2000000e+00   9.2000000e+00   1.5000000e+01   2.3000000e+01   3.9130000e+01
   1.3343700e+01   4.3962700e+01   2.0220000e+03   1.1000000e+01   9.0000000e+00   1.8000000e+00   8.7000000e+00   1.5000000e+01   2.5000000e+01   6.2000000e-01
   1.3278200e+01   4.4011500e+01   2.0220000e+03   1.1000000e+01   9.0000000e+00   2.4000000e+00   2.6400000e+01   1.5000000e+01   2.6000000e+01   2.1910000e+01
   1.3334700e+01   4.3971700e+01   2.0220000e+03   1.1000000e+01   9.0000000e+00   2.2000000e+00   1.0000000e+01   1.5000000e+01   4.0000000e+01   3.4560000e+01
   1.3369800e+01   4.3972800e+01   2.0220000e+03   1.1000000e+01   9.0000000e+00   1.7000000e+00   6.9000000e+00   1.5000000e+01   4.8000000e+01   1.4970000e+01
   1.3210300e+01   4.4092200e+01   2.0220000e+03   1.1000000e+01   9.0000000e+00   1.8000000e+00   9.9000000e+00   1.6000000e+01   9.0000000e+00   2.4620000e+01
   1.3271700e+01   4.3889700e+01   2.0220000e+03   1.1000000e+01   9.0000000e+00   2.5000000e+00   2.4300000e+01   1.6000000e+01   1.0000000e+01   3.6100000e+01
   1.3356800e+01   4.3971800e+01   2.0220000e+03   1.1000000e+01   9.0000000e+00   1.7000000e+00   6.5000000e+00   1.6000000e+01   1.7000000e+01   9.0000000e+00
   1.3293800e+01   4.3927500e+01   2.0220000e+03   1.1000000e+01   9.0000000e+00   1.7000000e+00   8.3000000e+00   1.6000000e+01   3.5000000e+01   3.1300000e+01
   1.3310500e+01   4.3908200e+01   2.0220000e+03   1.1000000e+01   9.0000000e+00   2.3000000e+00   6.7000000e+00   1.6000000e+01   5.0000000e+01   9.6500000e+00
   1.3330800e+01   4.3951500e+01   2.0220000e+03   1.1000000e+01   9.0000000e+00   1.9000000e+00   6.2000000e+00   1.6000000e+01   5.1000000e+01   1.0030000e+01
   1.3414800e+01   4.4005000e+01   2.0220000e+03   1.1000000e+01   9.0000000e+00   1.5000000e+00   4.3000000e+00   1.7000000e+01   1.3000000e+01   4.6550000e+01
   1.3335700e+01   4.3916800e+01   2.0220000e+03   1.1000000e+01   9.0000000e+00   2.2000000e+00   9.5000000e+00   1.7000000e+01   1.9000000e+01   3.6910000e+01
   1.3268700e+01   4.4108200e+01   2.0220000e+03   1.1000000e+01   9.0000000e+00   1.8000000e+00   3.1400000e+01   1.7000000e+01   2.1000000e+01   4.7730000e+01
   1.3228200e+01   4.3994700e+01   2.0220000e+03   1.1000000e+01   9.0000000e+00   1.8000000e+00   1.0000000e+01   1.8000000e+01   2.0000000e+01   1.7990000e+01
   1.3225300e+01   4.3893800e+01   2.0220000e+03   1.1000000e+01   9.0000000e+00   2.1000000e+00   2.1300000e+01   1.8000000e+01   2.9000000e+01   3.8920000e+01
   1.3292800e+01   4.3890200e+01   2.0220000e+03   1.1000000e+01   9.0000000e+00   1.9000000e+00   1.0200000e+01   1.8000000e+01   4.8000000e+01   1.4910000e+01
   1.3290800e+01   4.3984000e+01   2.0220000e+03   1.1000000e+01   9.0000000e+00   1.7000000e+00   1.0000000e+01   1.9000000e+01   5.0000000e+00   6.9600000e+00
   1.3270300e+01   4.3999700e+01   2.0220000e+03   1.1000000e+01   9.0000000e+00   1.9000000e+00   9.1000000e+00   1.9000000e+01   4.9000000e+01   4.3300000e+00
   1.3162300e+01   4.3925300e+01   2.0220000e+03   1.1000000e+01   9.0000000e+00   1.6000000e+00   8.5000000e+00   2.0000000e+01   1.9000000e+01   1.1210000e+01
   1.3319700e+01   4.3901200e+01   2.0220000e+03   1.1000000e+01   9.0000000e+00   2.9000000e+00   9.7000000e+00   2.0000000e+01   2.3000000e+01   2.9870000e+01
   1.3305000e+01   4.3876500e+01   2.0220000e+03   1.1000000e+01   9.0000000e+00   3.4000000e+00   1.0000000e+01   2.0000000e+01   2.4000000e+01   1.5200000e+01
   1.3319300e+01   4.3957200e+01   2.0220000e+03   1.1000000e+01   9.0000000e+00   2.4000000e+00   9.7000000e+00   2.0000000e+01   2.6000000e+01   4.9000000e-01
   1.3260000e+01   4.3983200e+01   2.0220000e+03   1.1000000e+01   9.0000000e+00   1.7000000e+00   8.2000000e+00   2.0000000e+01   3.6000000e+01   4.3220000e+01
   1.3327000e+01   4.3955200e+01   2.0220000e+03   1.1000000e+01   9.0000000e+00   2.3000000e+00   8.7000000e+00   2.1000000e+01   7.0000000e+00   1.1450000e+01
   1.3290800e+01   4.4003000e+01   2.0220000e+03   1.1000000e+01   9.0000000e+00   1.7000000e+00   7.8000000e+00   2.1000000e+01   1.9000000e+01   1.8030000e+01
   1.3346300e+01   4.3942500e+01   2.0220000e+03   1.1000000e+01   9.0000000e+00   2.1000000e+00   9.0000000e+00   2.1000000e+01   2.8000000e+01   3.7640000e+01
   1.3376300e+01   4.3960700e+01   2.0220000e+03   1.1000000e+01   9.0000000e+00   3.5000000e+00   6.2000000e+00   2.2000000e+01   5.0000000e+00   3.5610000e+01
   1.3312700e+01   4.3893300e+01   2.0220000e+03   1.1000000e+01   9.0000000e+00   2.3000000e+00   8.7000000e+00   2.2000000e+01   7.0000000e+00   3.3200000e+01
   1.3361300e+01   4.3957300e+01   2.0220000e+03   1.1000000e+01   9.0000000e+00   2.4000000e+00   3.4000000e+00   2.2000000e+01   9.0000000e+00   5.1350000e+01
   1.3380300e+01   4.3954800e+01   2.0220000e+03   1.1000000e+01   9.0000000e+00   2.1000000e+00   7.9000000e+00   2.2000000e+01   1.9000000e+01   2.8380000e+01
   1.3252700e+01   4.3989300e+01   2.0220000e+03   1.1000000e+01   9.0000000e+00   1.4000000e+00   6.8000000e+00   2.2000000e+01   3.0000000e+01   4.6800000e+01
   1.3350200e+01   4.3936200e+01   2.0220000e+03   1.1000000e+01   9.0000000e+00   1.9000000e+00   9.4000000e+00   2.2000000e+01   3.2000000e+01   3.5040000e+01
   1.3540700e+01   4.4066300e+01   2.0220000e+03   1.1000000e+01   9.0000000e+00   1.8000000e+00   1.1900000e+01   2.2000000e+01   3.7000000e+01   2.7620000e+01
   1.3373800e+01   4.4031300e+01   2.0220000e+03   1.1000000e+01   9.0000000e+00   2.1000000e+00   6.0000000e+00   2.2000000e+01   5.6000000e+01   2.5120000e+01
   1.3297800e+01   4.3877500e+01   2.0220000e+03   1.1000000e+01   9.0000000e+00   2.0000000e+00   7.5000000e+00   2.2000000e+01   5.9000000e+01   3.4810000e+01
   1.3365700e+01   4.3988500e+01   2.0220000e+03   1.1000000e+01   9.0000000e+00   2.7000000e+00   3.5000000e+00   2.3000000e+01   1.5000000e+01   3.7510000e+01
   1.3291700e+01   4.3959300e+01   2.0220000e+03   1.1000000e+01   9.0000000e+00   2.0000000e+00   8.3000000e+00   2.3000000e+01   4.2000000e+01   2.7560000e+01
   1.3216800e+01   4.3937300e+01   2.0220000e+03   1.1000000e+01   9.0000000e+00   2.5000000e+00   7.3000000e+00   2.3000000e+01   4.2000000e+01   4.1370000e+01
   1.3230200e+01   4.3998800e+01   2.0220000e+03   1.1000000e+01   1.0000000e+01   2.2000000e+00   2.5000000e+00   0.0000000e+00   2.0000000e+00   5.1640000e+01
   1.3313800e+01   4.3936300e+01   2.0220000e+03   1.1000000e+01   1.0000000e+01   2.4000000e+00   7.8000000e+00   0.0000000e+00   1.3000000e+01   4.8400000e+00
   1.3329800e+01   4.3925700e+01   2.0220000e+03   1.1000000e+01   1.0000000e+01   1.6000000e+00   7.7000000e+00   0.0000000e+00   3.2000000e+01   2.4710000e+01
   1.3339300e+01   4.4031800e+01   2.0220000e+03   1.1000000e+01   1.0000000e+01   2.1000000e+00   1.0000000e+01   1.0000000e+00   2.0000000e+00   7.0400000e+00
   1.3336200e+01   4.3943500e+01   2.0220000e+03   1.1000000e+01   1.0000000e+01   2.8000000e+00   4.8000000e+00   1.0000000e+00   4.3000000e+01   3.0500000e+00
   1.3285300e+01   4.3999700e+01   2.0220000e+03   1.1000000e+01   1.0000000e+01   1.9000000e+00   7.8000000e+00   1.0000000e+00   4.4000000e+01   4.0990000e+01
   1.3299000e+01   4.3939700e+01   2.0220000e+03   1.1000000e+01   1.0000000e+01   2.0000000e+00   9.1000000e+00   2.0000000e+00   1.4000000e+01   3.6060000e+01
   1.3360300e+01   4.3907000e+01   2.0220000e+03   1.1000000e+01   1.0000000e+01   2.1000000e+00   7.7000000e+00   2.0000000e+00   4.4000000e+01   2.2000000e+00
   1.3291700e+01   4.4069200e+01   2.0220000e+03   1.1000000e+01   1.0000000e+01   2.0000000e+00   1.2000000e+01   3.0000000e+00   3.5000000e+01   3.4250000e+01
   1.3326300e+01   4.3939700e+01   2.0220000e+03   1.1000000e+01   1.0000000e+01   1.5000000e+00   4.9000000e+00   3.0000000e+00   4.4000000e+01   5.8910000e+01
   1.3321300e+01   4.3967700e+01   2.0220000e+03   1.1000000e+01   1.0000000e+01   1.9000000e+00   6.3000000e+00   5.0000000e+00   2.2000000e+01   3.7740000e+01
   1.3349800e+01   4.3917700e+01   2.0220000e+03   1.1000000e+01   1.0000000e+01   2.0000000e+00   7.0000000e+00   7.0000000e+00   4.0000000e+01   4.3990000e+01
   1.3212200e+01   4.4191300e+01   2.0220000e+03   1.1000000e+01   1.0000000e+01   2.1000000e+00   1.0000000e+01   7.0000000e+00   4.7000000e+01   1.8320000e+01
   1.3433800e+01   4.4212700e+01   2.0220000e+03   1.1000000e+01   1.0000000e+01   1.8000000e+00   1.0000000e+01   8.0000000e+00   5.0000000e+00   4.7380000e+01
   1.3421700e+01   4.3985300e+01   2.0220000e+03   1.1000000e+01   1.0000000e+01   1.6000000e+00   1.0000000e+01   8.0000000e+00   1.5000000e+01   5.5410000e+01
   1.3322000e+01   4.3966300e+01   2.0220000e+03   1.1000000e+01   1.0000000e+01   3.4000000e+00   7.9000000e+00   9.0000000e+00   8.0000000e+00   2.9000000e+01
   1.3331300e+01   4.3952000e+01   2.0220000e+03   1.1000000e+01   1.0000000e+01   1.4000000e+00   1.1100000e+01   9.0000000e+00   1.4000000e+01   3.3000000e+01
   1.3364700e+01   4.3957800e+01   2.0220000e+03   1.1000000e+01   1.0000000e+01   2.1000000e+00   6.3000000e+00   9.0000000e+00   2.7000000e+01   8.0000000e-01
   1.3324200e+01   4.3973700e+01   2.0220000e+03   1.1000000e+01   1.0000000e+01   1.7000000e+00   9.1000000e+00   9.0000000e+00   5.6000000e+01   2.3780000e+01
   1.3312800e+01   4.3906000e+01   2.0220000e+03   1.1000000e+01   1.0000000e+01   1.7000000e+00   8.9000000e+00   1.0000000e+01   3.0000000e+00   4.0900000e+01
   1.3357800e+01   4.3947200e+01   2.0220000e+03   1.1000000e+01   1.0000000e+01   1.6000000e+00   1.0000000e+01   1.0000000e+01   1.9000000e+01   3.4890000e+01
   1.3333000e+01   4.3975000e+01   2.0220000e+03   1.1000000e+01   1.0000000e+01   1.9000000e+00   1.0000000e+01   1.0000000e+01   3.0000000e+01   4.4620000e+01
   1.3301000e+01   4.3931800e+01   2.0220000e+03   1.1000000e+01   1.0000000e+01   2.6000000e+00   9.8000000e+00   1.0000000e+01   3.9000000e+01   4.9890000e+01
   1.3326300e+01   4.3949200e+01   2.0220000e+03   1.1000000e+01   1.0000000e+01   1.7000000e+00   8.0000000e+00   1.0000000e+01   5.1000000e+01   3.1780000e+01
   1.3336700e+01   4.3913300e+01   2.0220000e+03   1.1000000e+01   1.0000000e+01   3.3000000e+00   9.1000000e+00   1.1000000e+01   7.0000000e+00   4.0000000e-02
   1.3328500e+01   4.3942300e+01   2.0220000e+03   1.1000000e+01   1.0000000e+01   2.0000000e+00   9.1000000e+00   1.1000000e+01   2.3000000e+01   2.1050000e+01
   1.3318700e+01   4.3960700e+01   2.0220000e+03   1.1000000e+01   1.0000000e+01   2.1000000e+00   7.8000000e+00   1.1000000e+01   3.2000000e+01   5.7200000e+00
   1.3329500e+01   4.3956700e+01   2.0220000e+03   1.1000000e+01   1.0000000e+01   3.2000000e+00   8.7000000e+00   1.1000000e+01   3.7000000e+01   3.8730000e+01
   1.3357300e+01   4.4004700e+01   2.0220000e+03   1.1000000e+01   1.0000000e+01   2.2000000e+00   3.4800000e+01   1.1000000e+01   4.0000000e+01   2.9280000e+01
   1.3336800e+01   4.3957700e+01   2.0220000e+03   1.1000000e+01   1.0000000e+01   2.0000000e+00   9.4000000e+00   1.1000000e+01   4.3000000e+01   5.5060000e+01
   1.3367300e+01   4.3973800e+01   2.0220000e+03   1.1000000e+01   1.0000000e+01   2.1000000e+00   9.7000000e+00   1.1000000e+01   4.7000000e+01   5.1600000e+01
   1.3374800e+01   4.3954800e+01   2.0220000e+03   1.1000000e+01   1.0000000e+01   2.8000000e+00   7.7000000e+00   1.2000000e+01   1.8000000e+01   5.2480000e+01
   1.3319700e+01   4.3964000e+01   2.0220000e+03   1.1000000e+01   1.0000000e+01   2.4000000e+00   8.4000000e+00   1.2000000e+01   2.3000000e+01   3.0380000e+01
   1.3322700e+01   4.3878200e+01   2.0220000e+03   1.1000000e+01   1.0000000e+01   4.0000000e+00   8.7000000e+00   1.2000000e+01   3.5000000e+01   5.2320000e+01
   1.3229700e+01   4.3783500e+01   2.0220000e+03   1.1000000e+01   1.0000000e+01   1.6000000e+00   8.7000000e+00   1.2000000e+01   4.7000000e+01   4.5760000e+01
   1.3380000e+01   4.3954800e+01   2.0220000e+03   1.1000000e+01   1.0000000e+01   2.1000000e+00   5.6000000e+00   1.2000000e+01   5.0000000e+01   3.3660000e+01
   1.3412700e+01   4.3950500e+01   2.0220000e+03   1.1000000e+01   1.0000000e+01   2.0000000e+00   6.6000000e+00   1.2000000e+01   5.5000000e+01   3.4310000e+01
   1.3324200e+01   4.3952700e+01   2.0220000e+03   1.1000000e+01   1.0000000e+01   2.2000000e+00   8.3000000e+00   1.3000000e+01   5.0000000e+00   2.7730000e+01
   1.3350300e+01   4.3919500e+01   2.0220000e+03   1.1000000e+01   1.0000000e+01   2.4000000e+00   8.8000000e+00   1.3000000e+01   9.0000000e+00   1.6220000e+01
   1.3204000e+01   4.3688800e+01   2.0220000e+03   1.1000000e+01   1.0000000e+01   1.3000000e+00   1.0000000e+01   1.3000000e+01   1.5000000e+01   1.5910000e+01
   1.3367700e+01   4.3930300e+01   2.0220000e+03   1.1000000e+01   1.0000000e+01   2.6000000e+00   8.8000000e+00   1.3000000e+01   2.6000000e+01   1.3600000e+00
   1.3385200e+01   4.3939800e+01   2.0220000e+03   1.1000000e+01   1.0000000e+01   2.6000000e+00   6.9000000e+00   1.3000000e+01   2.7000000e+01   3.4190000e+01
   1.3183700e+01   4.3786200e+01   2.0220000e+03   1.1000000e+01   1.0000000e+01   1.7000000e+00   1.0800000e+01   1.3000000e+01   2.9000000e+01   4.4600000e+00
   1.3343300e+01   4.3918200e+01   2.0220000e+03   1.1000000e+01   1.0000000e+01   1.4000000e+00   8.8000000e+00   1.3000000e+01   4.2000000e+01   9.6200000e+00
   1.3352500e+01   4.3909800e+01   2.0220000e+03   1.1000000e+01   1.0000000e+01   1.6000000e+00   8.0000000e+00   1.3000000e+01   5.8000000e+01   7.1800000e+00
   1.3293000e+01   4.4013700e+01   2.0220000e+03   1.1000000e+01   1.0000000e+01   2.7000000e+00   7.0000000e+00   1.4000000e+01   1.7000000e+01   5.7000000e+01
   1.3272000e+01   4.3950000e+01   2.0220000e+03   1.1000000e+01   1.0000000e+01   2.2000000e+00   8.7000000e+00   1.4000000e+01   2.9000000e+01   5.4870000e+01
   1.3131800e+01   4.3740200e+01   2.0220000e+03   1.1000000e+01   1.0000000e+01   1.6000000e+00   1.0500000e+01   1.4000000e+01   3.7000000e+01   2.2880000e+01
   1.3341200e+01   4.3945500e+01   2.0220000e+03   1.1000000e+01   1.0000000e+01   2.0000000e+00   4.3000000e+00   1.4000000e+01   3.9000000e+01   2.7280000e+01
   1.3137800e+01   4.3854000e+01   2.0220000e+03   1.1000000e+01   1.0000000e+01   2.2000000e+00   1.0900000e+01   1.4000000e+01   5.6000000e+01   4.5700000e+00
   1.3400200e+01   4.3965700e+01   2.0220000e+03   1.1000000e+01   1.0000000e+01   2.9000000e+00   6.1000000e+00   1.5000000e+01   1.0000000e+00   5.5350000e+01
   1.3209800e+01   4.3953800e+01   2.0220000e+03   1.1000000e+01   1.0000000e+01   2.4000000e+00   1.0300000e+01   1.5000000e+01   2.2000000e+01   9.3700000e+00
   1.3374800e+01   4.3944700e+01   2.0220000e+03   1.1000000e+01   1.0000000e+01   1.8000000e+00   1.0000000e+01   1.5000000e+01   3.7000000e+01   2.7790000e+01
   1.3292500e+01   4.3920800e+01   2.0220000e+03   1.1000000e+01   1.0000000e+01   2.4000000e+00   7.6000000e+00   1.6000000e+01   4.0000000e+00   5.3990000e+01
   1.3228500e+01   4.3957300e+01   2.0220000e+03   1.1000000e+01   1.0000000e+01   1.7000000e+00   1.0000000e+01   1.7000000e+01   2.5000000e+01   3.4350000e+01
   1.3337200e+01   4.3915500e+01   2.0220000e+03   1.1000000e+01   1.0000000e+01   4.1000000e+00   6.4000000e+00   1.7000000e+01   5.4000000e+01   1.2160000e+01
   1.3298500e+01   4.3883200e+01   2.0220000e+03   1.1000000e+01   1.0000000e+01   2.1000000e+00   1.0500000e+01   1.8000000e+01   0.0000000e+00   3.1120000e+01
   1.3297800e+01   4.3888300e+01   2.0220000e+03   1.1000000e+01   1.0000000e+01   2.4000000e+00   2.5600000e+01   1.8000000e+01   2.0000000e+00   4.9460000e+01
   1.3281300e+01   4.3857200e+01   2.0220000e+03   1.1000000e+01   1.0000000e+01   1.9000000e+00   9.9000000e+00   1.8000000e+01   7.0000000e+00   1.5070000e+01
   1.3334000e+01   4.3915500e+01   2.0220000e+03   1.1000000e+01   1.0000000e+01   2.2000000e+00   8.1000000e+00   1.8000000e+01   1.5000000e+01   4.2610000e+01
   1.3321200e+01   4.3894700e+01   2.0220000e+03   1.1000000e+01   1.0000000e+01   1.8000000e+00   7.6000000e+00   1.8000000e+01   1.8000000e+01   1.8650000e+01
   1.3298800e+01   4.3874300e+01   2.0220000e+03   1.1000000e+01   1.0000000e+01   2.0000000e+00   9.6000000e+00   1.8000000e+01   1.9000000e+01   5.0850000e+01
   1.3362300e+01   4.3960500e+01   2.0220000e+03   1.1000000e+01   1.0000000e+01   2.0000000e+00   6.8000000e+00   1.8000000e+01   2.3000000e+01   2.0570000e+01
   1.3319500e+01   4.3982000e+01   2.0220000e+03   1.1000000e+01   1.0000000e+01   2.3000000e+00   8.0000000e+00   1.8000000e+01   3.3000000e+01   4.0600000e+01
   1.3325700e+01   4.3990800e+01   2.0220000e+03   1.1000000e+01   1.0000000e+01   1.6000000e+00   1.0000000e+01   1.8000000e+01   3.7000000e+01   1.1780000e+01
   1.3271200e+01   4.3985200e+01   2.0220000e+03   1.1000000e+01   1.0000000e+01   2.1000000e+00   6.2000000e+00   1.8000000e+01   4.3000000e+01   8.6700000e+00
   1.3299700e+01   4.3809200e+01   2.0220000e+03   1.1000000e+01   1.0000000e+01   1.8000000e+00   1.1000000e+01   1.8000000e+01   5.4000000e+01   8.0000000e-01
   1.3323300e+01   4.3916300e+01   2.0220000e+03   1.1000000e+01   1.0000000e+01   2.0000000e+00   9.5000000e+00   1.8000000e+01   5.6000000e+01   5.1480000e+01
   1.3316300e+01   4.3871200e+01   2.0220000e+03   1.1000000e+01   1.0000000e+01   1.4000000e+00   1.0100000e+01   1.8000000e+01   5.8000000e+01   4.7220000e+01
   1.3308200e+01   4.3891200e+01   2.0220000e+03   1.1000000e+01   1.0000000e+01   2.3000000e+00   9.7000000e+00   1.9000000e+01   0.0000000e+00   3.3200000e+00
   1.3390700e+01   4.3968200e+01   2.0220000e+03   1.1000000e+01   1.0000000e+01   2.1000000e+00   8.0000000e+00   1.9000000e+01   2.8000000e+01   4.9470000e+01
   1.3366800e+01   4.3906800e+01   2.0220000e+03   1.1000000e+01   1.0000000e+01   1.9000000e+00   1.0000000e+01   1.9000000e+01   3.1000000e+01   4.6630000e+01
   1.3310300e+01   4.4023200e+01   2.0220000e+03   1.1000000e+01   1.0000000e+01   1.6000000e+00   5.4000000e+00   2.0000000e+01   2.6000000e+01   2.3590000e+01
   1.3349300e+01   4.3968300e+01   2.0220000e+03   1.1000000e+01   1.0000000e+01   1.9000000e+00   7.5000000e+00   2.0000000e+01   3.7000000e+01   3.0790000e+01
   1.3290500e+01   4.3992800e+01   2.0220000e+03   1.1000000e+01   1.0000000e+01   2.4000000e+00   7.9000000e+00   2.1000000e+01   1.0000000e+00   2.9500000e+01
   1.3409000e+01   4.3977000e+01   2.0220000e+03   1.1000000e+01   1.0000000e+01   2.0000000e+00   1.0000000e+01   2.1000000e+01   2.0000000e+01   3.8650000e+01
   1.3378200e+01   4.3962300e+01   2.0220000e+03   1.1000000e+01   1.0000000e+01   1.5000000e+00   1.0000000e+01   2.1000000e+01   3.6000000e+01   6.6800000e+00
   1.3360200e+01   4.3948800e+01   2.0220000e+03   1.1000000e+01   1.0000000e+01   2.1000000e+00   7.5000000e+00   2.1000000e+01   5.8000000e+01   4.1890000e+01
   1.3377500e+01   4.3938300e+01   2.0220000e+03   1.1000000e+01   1.0000000e+01   2.6000000e+00   6.3000000e+00   2.1000000e+01   5.9000000e+01   1.1960000e+01
   1.3326200e+01   4.3933000e+01   2.0220000e+03   1.1000000e+01   1.0000000e+01   1.8000000e+00   6.9000000e+00   2.2000000e+01   1.0000000e+01   4.9700000e+01
   1.3242200e+01   4.4009300e+01   2.0220000e+03   1.1000000e+01   1.0000000e+01   1.8000000e+00   6.2000000e+00   2.3000000e+01   1.2000000e+01   2.0560000e+01
   1.3335300e+01   4.3916000e+01   2.0220000e+03   1.1000000e+01   1.0000000e+01   1.7000000e+00   8.4000000e+00   2.3000000e+01   2.1000000e+01   2.1610000e+01
   1.3351800e+01   4.3970200e+01   2.0220000e+03   1.1000000e+01   1.1000000e+01   1.7000000e+00   7.5000000e+00   0.0000000e+00   1.8000000e+01   2.9720000e+01
   1.3333300e+01   4.3925000e+01   2.0220000e+03   1.1000000e+01   1.1000000e+01   1.6000000e+00   8.7000000e+00   0.0000000e+00   2.8000000e+01   5.4390000e+01
   1.3368800e+01   4.3915300e+01   2.0220000e+03   1.1000000e+01   1.1000000e+01   2.4000000e+00   8.0000000e+00   1.0000000e+00   1.3000000e+01   5.2750000e+01
   1.3284700e+01   4.4029700e+01   2.0220000e+03   1.1000000e+01   1.1000000e+01   1.9000000e+00   7.2000000e+00   1.0000000e+00   2.1000000e+01   2.4270000e+01
   1.3336800e+01   4.3876700e+01   2.0220000e+03   1.1000000e+01   1.1000000e+01   1.9000000e+00   1.0100000e+01   1.0000000e+00   3.1000000e+01   3.8780000e+01
   1.3388200e+01   4.3942800e+01   2.0220000e+03   1.1000000e+01   1.1000000e+01   2.1000000e+00   7.5000000e+00   2.0000000e+00   4.1000000e+01   5.8830000e+01
   1.3195000e+01   4.3913200e+01   2.0220000e+03   1.1000000e+01   1.1000000e+01   1.4000000e+00   7.6000000e+00   3.0000000e+00   1.4000000e+01   3.0430000e+01
   1.3367500e+01   4.3932800e+01   2.0220000e+03   1.1000000e+01   1.1000000e+01   1.7000000e+00   7.5000000e+00   3.0000000e+00   5.0000000e+01   5.5500000e+00
   1.3349700e+01   4.3932700e+01   2.0220000e+03   1.1000000e+01   1.1000000e+01   1.7000000e+00   8.3000000e+00   4.0000000e+00   2.5000000e+01   3.5140000e+01
   1.3258300e+01   4.3866700e+01   2.0220000e+03   1.1000000e+01   1.1000000e+01   9.0000000e-01   1.0000000e+01   4.0000000e+00   3.1000000e+01   1.8570000e+01
   1.3357200e+01   4.3930700e+01   2.0220000e+03   1.1000000e+01   1.1000000e+01   1.7000000e+00   7.6000000e+00   4.0000000e+00   3.7000000e+01   3.4140000e+01
   1.3357500e+01   4.3896300e+01   2.0220000e+03   1.1000000e+01   1.1000000e+01   1.1000000e+00   6.5000000e+00   4.0000000e+00   4.3000000e+01   1.4440000e+01
   1.3297200e+01   4.3964200e+01   2.0220000e+03   1.1000000e+01   1.1000000e+01   1.8000000e+00   5.3000000e+00   4.0000000e+00   4.8000000e+01   3.0960000e+01
   1.3316200e+01   4.3975700e+01   2.0220000e+03   1.1000000e+01   1.1000000e+01   1.9000000e+00   8.9000000e+00   5.0000000e+00   2.0000000e+00   5.6900000e+00
   1.3337200e+01   4.3964200e+01   2.0220000e+03   1.1000000e+01   1.1000000e+01   1.7000000e+00   7.7000000e+00   5.0000000e+00   6.0000000e+00   2.5710000e+01
   1.3250700e+01   4.4028800e+01   2.0220000e+03   1.1000000e+01   1.1000000e+01   2.4000000e+00   9.4000000e+00   5.0000000e+00   2.2000000e+01   1.2700000e+01
   1.3228700e+01   4.3955200e+01   2.0220000e+03   1.1000000e+01   1.1000000e+01   3.0000000e+00   9.1000000e+00   5.0000000e+00   4.7000000e+01   4.8350000e+01
   1.3245000e+01   4.4007200e+01   2.0220000e+03   1.1000000e+01   1.1000000e+01   2.5000000e+00   9.9000000e+00   5.0000000e+00   5.4000000e+01   1.7700000e+00
   1.3350300e+01   4.3972800e+01   2.0220000e+03   1.1000000e+01   1.1000000e+01   2.7000000e+00   8.2000000e+00   6.0000000e+00   2.8000000e+01   4.7250000e+01
   1.3368000e+01   4.3956500e+01   2.0220000e+03   1.1000000e+01   1.1000000e+01   2.2000000e+00   6.5000000e+00   7.0000000e+00   5.1000000e+01   3.0860000e+01
   1.3315700e+01   4.3925500e+01   2.0220000e+03   1.1000000e+01   1.1000000e+01   2.5000000e+00   2.2500000e+01   9.0000000e+00   4.5000000e+01   5.0140000e+01
   1.3324200e+01   4.3957200e+01   2.0220000e+03   1.1000000e+01   1.1000000e+01   2.5000000e+00   2.2300000e+01   1.1000000e+01   1.1000000e+01   4.3290000e+01
   1.3359800e+01   4.3974000e+01   2.0220000e+03   1.1000000e+01   1.1000000e+01   1.9000000e+00   2.7600000e+01   1.2000000e+01   2.1000000e+01   2.4020000e+01
   1.3270700e+01   4.4001800e+01   2.0220000e+03   1.1000000e+01   1.1000000e+01   2.2000000e+00   9.0000000e+00   1.3000000e+01   2.4000000e+01   1.4120000e+01
   1.3266800e+01   4.3961300e+01   2.0220000e+03   1.1000000e+01   1.1000000e+01   1.8000000e+00   8.9000000e+00   1.4000000e+01   4.3000000e+01   3.4420000e+01
   1.3057700e+01   4.3556800e+01   2.0220000e+03   1.1000000e+01   1.1000000e+01   9.0000000e-01   3.7400000e+01   1.8000000e+01   3.2000000e+01   5.5300000e+01
   1.3399300e+01   4.3961000e+01   2.0220000e+03   1.1000000e+01   1.1000000e+01   2.9000000e+00   8.1000000e+00   1.8000000e+01   4.2000000e+01   1.5300000e+01
   1.3236200e+01   4.3981300e+01   2.0220000e+03   1.1000000e+01   1.1000000e+01   2.2000000e+00   8.7000000e+00   1.9000000e+01   1.6000000e+01   3.2780000e+01
   1.3325200e+01   4.3895200e+01   2.0220000e+03   1.1000000e+01   1.1000000e+01   2.3000000e+00   8.6000000e+00   1.9000000e+01   5.1000000e+01   1.5280000e+01
   1.3292700e+01   4.3989700e+01   2.0220000e+03   1.1000000e+01   1.1000000e+01   2.2000000e+00   6.1000000e+00   1.9000000e+01   5.7000000e+01   1.1400000e+01
   1.3345800e+01   4.3903500e+01   2.0220000e+03   1.1000000e+01   1.1000000e+01   1.3000000e+00   8.6000000e+00   2.0000000e+01   7.0000000e+00   2.7810000e+01
   1.3326000e+01   4.3940300e+01   2.0220000e+03   1.1000000e+01   1.1000000e+01   3.9000000e+00   8.7000000e+00   2.0000000e+01   4.1000000e+01   7.6600000e+00
   1.3276200e+01   4.3995200e+01   2.0220000e+03   1.1000000e+01   1.1000000e+01   1.9000000e+00   7.7000000e+00   2.0000000e+01   4.6000000e+01   3.6990000e+01
   1.3307000e+01   4.4044000e+01   2.0220000e+03   1.1000000e+01   1.1000000e+01   1.9000000e+00   1.0000000e+01   2.1000000e+01   5.0000000e+01   2.9000000e+00
   1.3353700e+01   4.3931800e+01   2.0220000e+03   1.1000000e+01   1.1000000e+01   1.9000000e+00   7.8000000e+00   2.2000000e+01   1.0000000e+01   5.7050000e+01
   1.3327000e+01   4.3948500e+01   2.0220000e+03   1.1000000e+01   1.1000000e+01   1.6000000e+00   1.0100000e+01   2.2000000e+01   1.2000000e+01   1.8730000e+01
   1.3368200e+01   4.3934200e+01   2.0220000e+03   1.1000000e+01   1.1000000e+01   1.9000000e+00   7.4000000e+00   2.2000000e+01   2.0000000e+01   3.6930000e+01
   1.3270500e+01   4.3969300e+01   2.0220000e+03   1.1000000e+01   1.1000000e+01   2.3000000e+00   9.0000000e+00   2.2000000e+01   3.4000000e+01   2.1210000e+01
   1.3375200e+01   4.3967800e+01   2.0220000e+03   1.1000000e+01   1.1000000e+01   3.3000000e+00   7.1000000e+00   2.2000000e+01   3.8000000e+01   1.1960000e+01
   1.3368800e+01   4.3949800e+01   2.0220000e+03   1.1000000e+01   1.1000000e+01   2.7000000e+00   7.4000000e+00   2.2000000e+01   4.6000000e+01   1.0800000e+01
   1.3353500e+01   4.3956500e+01   2.0220000e+03   1.1000000e+01   1.1000000e+01   1.9000000e+00   8.3000000e+00   2.2000000e+01   5.2000000e+01   5.5070000e+01
   1.3328300e+01   4.3975500e+01   2.0220000e+03   1.1000000e+01   1.1000000e+01   1.9000000e+00   6.6000000e+00   2.3000000e+01   8.0000000e+00   2.2300000e+00
   1.3355700e+01   4.3953700e+01   2.0220000e+03   1.1000000e+01   1.1000000e+01   2.0000000e+00   6.7000000e+00   2.3000000e+01   5.9000000e+01   2.5330000e+01
   1.3357200e+01   4.3931000e+01   2.0220000e+03   1.1000000e+01   1.2000000e+01   2.9000000e+00   7.1000000e+00   0.0000000e+00   3.5000000e+01   4.3960000e+01
   1.3315000e+01   4.3971000e+01   2.0220000e+03   1.1000000e+01   1.2000000e+01   2.2000000e+00   7.7000000e+00   0.0000000e+00   5.3000000e+01   1.3900000e+01
   1.3437200e+01   4.3995200e+01   2.0220000e+03   1.1000000e+01   1.2000000e+01   2.5000000e+00   9.2000000e+00   0.0000000e+00   5.7000000e+01   1.1950000e+01
   1.3410300e+01   4.3975000e+01   2.0220000e+03   1.1000000e+01   1.2000000e+01   2.3000000e+00   1.0000000e+01   0.0000000e+00   5.8000000e+01   5.4210000e+01
   1.3394300e+01   4.3973300e+01   2.0220000e+03   1.1000000e+01   1.2000000e+01   1.5000000e+00   7.8000000e+00   1.0000000e+00   7.0000000e+00   1.3750000e+01
   1.3300000e+01   4.3899200e+01   2.0220000e+03   1.1000000e+01   1.2000000e+01   1.8000000e+00   8.8000000e+00   1.0000000e+00   3.9000000e+01   6.0800000e+00
   1.3365000e+01   4.3915800e+01   2.0220000e+03   1.1000000e+01   1.2000000e+01   1.8000000e+00   7.3000000e+00   1.0000000e+00   5.6000000e+01   1.8120000e+01
   1.3272000e+01   4.3994500e+01   2.0220000e+03   1.1000000e+01   1.2000000e+01   2.0000000e+00   1.2100000e+01   2.0000000e+00   1.9000000e+01   1.1130000e+01
   1.3383800e+01   4.4010700e+01   2.0220000e+03   1.1000000e+01   1.2000000e+01   2.0000000e+00   9.6000000e+00   2.0000000e+00   4.1000000e+01   5.9890000e+01
   1.3263800e+01   4.4025000e+01   2.0220000e+03   1.1000000e+01   1.2000000e+01   1.9000000e+00   1.0000000e+01   3.0000000e+00   3.6000000e+01   3.6440000e+01
   1.3333800e+01   4.4002200e+01   2.0220000e+03   1.1000000e+01   1.2000000e+01   2.0000000e+00   1.0000000e+01   3.0000000e+00   5.6000000e+01   4.0580000e+01
   1.3332700e+01   4.4087500e+01   2.0220000e+03   1.1000000e+01   1.2000000e+01   1.9000000e+00   1.1000000e+01   4.0000000e+00   1.0000000e+00   1.1450000e+01
   1.3351200e+01   4.3972700e+01   2.0220000e+03   1.1000000e+01   1.2000000e+01   2.0000000e+00   6.4000000e+00   4.0000000e+00   1.2000000e+01   2.1690000e+01
   1.3336300e+01   4.4002700e+01   2.0220000e+03   1.1000000e+01   1.2000000e+01   2.6000000e+00   1.0000000e+01   4.0000000e+00   1.6000000e+01   2.1200000e+01
   1.3325300e+01   4.3948000e+01   2.0220000e+03   1.1000000e+01   1.2000000e+01   1.9000000e+00   5.3000000e+00   5.0000000e+00   6.0000000e+00   5.7080000e+01
   1.3320700e+01   4.3997800e+01   2.0220000e+03   1.1000000e+01   1.2000000e+01   2.7000000e+00   6.7000000e+00   6.0000000e+00   2.8000000e+01   1.4700000e+01
   1.3390800e+01   4.4009700e+01   2.0220000e+03   1.1000000e+01   1.2000000e+01   2.1000000e+00   9.6000000e+00   8.0000000e+00   3.8000000e+01   4.4590000e+01
   1.3391300e+01   4.3987700e+01   2.0220000e+03   1.1000000e+01   1.2000000e+01   2.0000000e+00   5.6000000e+00   9.0000000e+00   2.1000000e+01   5.1820000e+01
   1.3474000e+01   4.4081200e+01   2.0220000e+03   1.1000000e+01   1.2000000e+01   2.4000000e+00   9.4000000e+00   1.1000000e+01   3.0000000e+00   3.8130000e+01
   1.3353800e+01   4.3893800e+01   2.0220000e+03   1.1000000e+01   1.2000000e+01   1.5000000e+00   8.9000000e+00   1.1000000e+01   3.9000000e+01   4.2360000e+01
   1.3332700e+01   4.3969200e+01   2.0220000e+03   1.1000000e+01   1.2000000e+01   3.1000000e+00   8.7000000e+00   1.2000000e+01   4.7000000e+01   4.3120000e+01
   1.3485800e+01   4.4001300e+01   2.0220000e+03   1.1000000e+01   1.2000000e+01   1.9000000e+00   1.0000000e+01   1.5000000e+01   2.5000000e+01   2.7870000e+01
   1.3354200e+01   4.3959800e+01   2.0220000e+03   1.1000000e+01   1.2000000e+01   1.8000000e+00   5.9000000e+00   1.6000000e+01   5.7000000e+01   2.1020000e+01
   1.3326800e+01   4.3985500e+01   2.0220000e+03   1.1000000e+01   1.2000000e+01   2.1000000e+00   1.0000000e+01   1.7000000e+01   2.9000000e+01   4.5110000e+01
   1.3421700e+01   4.3990800e+01   2.0220000e+03   1.1000000e+01   1.2000000e+01   1.7000000e+00   7.6000000e+00   1.7000000e+01   3.4000000e+01   4.7350000e+01
   1.3518200e+01   4.4245800e+01   2.0220000e+03   1.1000000e+01   1.2000000e+01   2.0000000e+00   1.0000000e+01   1.7000000e+01   4.8000000e+01   5.1960000e+01
   1.3359300e+01   4.3965800e+01   2.0220000e+03   1.1000000e+01   1.2000000e+01   2.5000000e+00   7.5000000e+00   1.7000000e+01   5.2000000e+01   2.2320000e+01
   1.3368800e+01   4.3960200e+01   2.0220000e+03   1.1000000e+01   1.2000000e+01   2.4000000e+00   7.2000000e+00   1.8000000e+01   1.9000000e+01   2.6630000e+01
   1.3352200e+01   4.3950800e+01   2.0220000e+03   1.1000000e+01   1.2000000e+01   2.2000000e+00   7.1000000e+00   1.9000000e+01   1.0000000e+00   1.4920000e+01
   1.3471300e+01   4.3986800e+01   2.0220000e+03   1.1000000e+01   1.2000000e+01   2.0000000e+00   1.0000000e+01   1.9000000e+01   1.5000000e+01   7.2500000e+00
   1.3383000e+01   4.3909200e+01   2.0220000e+03   1.1000000e+01   1.2000000e+01   1.7000000e+00   7.8000000e+00   2.0000000e+01   2.6000000e+01   4.2920000e+01
   1.3347300e+01   4.3965300e+01   2.0220000e+03   1.1000000e+01   1.2000000e+01   2.2000000e+00   8.1000000e+00   2.1000000e+01   1.9000000e+01   5.6000000e+00
   1.3191200e+01   4.4021300e+01   2.0220000e+03   1.1000000e+01   1.2000000e+01   2.0000000e+00   2.4700000e+01   2.2000000e+01   1.7000000e+01   3.6000000e+01
   1.3304800e+01   4.3979000e+01   2.0220000e+03   1.1000000e+01   1.2000000e+01   1.8000000e+00   1.0000000e+01   2.2000000e+01   5.4000000e+01   4.6320000e+01
   1.3398300e+01   4.3966200e+01   2.0220000e+03   1.1000000e+01   1.2000000e+01   2.2000000e+00   1.0000000e+01   2.3000000e+01   4.6000000e+01   2.9280000e+01
   1.3328300e+01   4.3980300e+01   2.0220000e+03   1.1000000e+01   1.2000000e+01   2.2000000e+00   5.9000000e+00   2.3000000e+01   5.0000000e+01   3.4300000e+01
   1.3345200e+01   4.4052200e+01   2.0220000e+03   1.1000000e+01   1.3000000e+01   2.1000000e+00   9.9000000e+00   0.0000000e+00   2.3000000e+01   3.8240000e+01
   1.3350800e+01   4.3943800e+01   2.0220000e+03   1.1000000e+01   1.3000000e+01   2.1000000e+00   8.1000000e+00   1.0000000e+00   2.3000000e+01   2.7760000e+01
   1.3360500e+01   4.3947300e+01   2.0220000e+03   1.1000000e+01   1.3000000e+01   2.2000000e+00   8.0000000e+00   1.0000000e+00   2.7000000e+01   5.2430000e+01
   1.3277800e+01   4.3894500e+01   2.0220000e+03   1.1000000e+01   1.3000000e+01   1.9000000e+00   1.0000000e+01   1.0000000e+00   5.6000000e+01   2.2140000e+01
   1.3351700e+01   4.3962300e+01   2.0220000e+03   1.1000000e+01   1.3000000e+01   2.4000000e+00   6.4000000e+00   2.0000000e+00   3.0000000e+00   1.1600000e+00
   1.3342700e+01   4.3938000e+01   2.0220000e+03   1.1000000e+01   1.3000000e+01   2.3000000e+00   8.4000000e+00   2.0000000e+00   1.7000000e+01   4.8560000e+01
   1.3380500e+01   4.4021800e+01   2.0220000e+03   1.1000000e+01   1.3000000e+01   2.0000000e+00   6.4000000e+00   2.0000000e+00   3.8000000e+01   3.3800000e+00
   1.3246300e+01   4.4006300e+01   2.0220000e+03   1.1000000e+01   1.3000000e+01   1.9000000e+00   7.9000000e+00   3.0000000e+00   5.0000000e+00   3.7690000e+01
   1.3357500e+01   4.3957700e+01   2.0220000e+03   1.1000000e+01   1.3000000e+01   2.0000000e+00   7.6000000e+00   6.0000000e+00   2.1000000e+01   1.7840000e+01
   1.3362700e+01   4.3952500e+01   2.0220000e+03   1.1000000e+01   1.3000000e+01   2.9000000e+00   8.4000000e+00   6.0000000e+00   3.7000000e+01   3.0820000e+01
   1.3383300e+01   4.3888800e+01   2.0220000e+03   1.1000000e+01   1.3000000e+01   1.7000000e+00   4.3000000e+00   6.0000000e+00   5.4000000e+01   3.7050000e+01
   1.3323300e+01   4.3916300e+01   2.0220000e+03   1.1000000e+01   1.3000000e+01   2.2000000e+00   1.0000000e+01   8.0000000e+00   4.3000000e+01   3.0550000e+01
   1.3374300e+01   4.3972300e+01   2.0220000e+03   1.1000000e+01   1.3000000e+01   1.8000000e+00   5.0000000e+00   9.0000000e+00   2.4000000e+01   5.6410000e+01
   1.3353500e+01   4.3867700e+01   2.0220000e+03   1.1000000e+01   1.3000000e+01   1.8000000e+00   6.8000000e+00   1.1000000e+01   1.9000000e+01   3.3000000e+00
   1.3360700e+01   4.3967200e+01   2.0220000e+03   1.1000000e+01   1.3000000e+01   2.1000000e+00   6.1000000e+00   1.1000000e+01   2.9000000e+01   1.9060000e+01
   1.3380700e+01   4.3984700e+01   2.0220000e+03   1.1000000e+01   1.3000000e+01   2.4000000e+00   6.6000000e+00   1.1000000e+01   2.9000000e+01   4.9990000e+01
   1.3340200e+01   4.3948000e+01   2.0220000e+03   1.1000000e+01   1.3000000e+01   1.6000000e+00   1.0200000e+01   1.2000000e+01   4.0000000e+00   1.8850000e+01
   1.3315200e+01   4.3935500e+01   2.0220000e+03   1.1000000e+01   1.3000000e+01   2.2000000e+00   7.0000000e+00   1.2000000e+01   3.2000000e+01   3.5160000e+01
   1.3311800e+01   4.3980200e+01   2.0220000e+03   1.1000000e+01   1.3000000e+01   1.4000000e+00   1.0000000e+01   1.4000000e+01   5.4000000e+01   3.3050000e+01
   1.3323500e+01   4.3943700e+01   2.0220000e+03   1.1000000e+01   1.3000000e+01   1.4000000e+00   8.3000000e+00   1.5000000e+01   4.2000000e+01   7.1700000e+00
   1.3362500e+01   4.3925800e+01   2.0220000e+03   1.1000000e+01   1.3000000e+01   1.6000000e+00   6.4000000e+00   1.6000000e+01   9.0000000e+00   3.4850000e+01
   1.3361300e+01   4.3969800e+01   2.0220000e+03   1.1000000e+01   1.3000000e+01   1.9000000e+00   7.1000000e+00   1.7000000e+01   1.4000000e+01   2.9070000e+01
   1.3192300e+01   4.3995200e+01   2.0220000e+03   1.1000000e+01   1.3000000e+01   1.6000000e+00   2.3600000e+01   1.9000000e+01   3.2000000e+01   9.6200000e+00
   1.3345800e+01   4.3917200e+01   2.0220000e+03   1.1000000e+01   1.3000000e+01   1.4000000e+00   7.4000000e+00   1.9000000e+01   5.6000000e+01   1.4140000e+01
   1.3300800e+01   4.3982800e+01   2.0220000e+03   1.1000000e+01   1.3000000e+01   1.9000000e+00   7.4000000e+00   2.0000000e+01   3.9000000e+01   1.5880000e+01
   1.3315700e+01   4.3960300e+01   2.0220000e+03   1.1000000e+01   1.3000000e+01   2.6000000e+00   8.7000000e+00   2.1000000e+01   2.9000000e+01   3.6800000e+00
   1.3318500e+01   4.3966700e+01   2.0220000e+03   1.1000000e+01   1.3000000e+01   2.5000000e+00   8.9000000e+00   2.1000000e+01   3.7000000e+01   1.8880000e+01
   1.3234500e+01   4.3948200e+01   2.0220000e+03   1.1000000e+01   1.3000000e+01   2.0000000e+00   5.0000000e+00   2.1000000e+01   3.8000000e+01   1.5420000e+01
   1.3322800e+01   4.3944300e+01   2.0220000e+03   1.1000000e+01   1.3000000e+01   1.7000000e+00   6.9000000e+00   2.2000000e+01   4.0000000e+00   4.6230000e+01
   1.3358000e+01   4.3956500e+01   2.0220000e+03   1.1000000e+01   1.3000000e+01   1.6000000e+00   7.3000000e+00   2.3000000e+01   1.6000000e+01   2.5700000e+01
   1.3273800e+01   4.3845500e+01   2.0220000e+03   1.1000000e+01   1.3000000e+01   1.9000000e+00   9.6000000e+00   2.3000000e+01   3.9000000e+01   3.2220000e+01
   1.3343500e+01   4.3984700e+01   2.0220000e+03   1.1000000e+01   1.3000000e+01   2.0000000e+00   6.8000000e+00   2.3000000e+01   4.4000000e+01   4.2510000e+01
   1.3336300e+01   4.3983200e+01   2.0220000e+03   1.1000000e+01   1.4000000e+01   1.9000000e+00   7.9000000e+00   0.0000000e+00   1.8000000e+01   3.3970000e+01
   1.3305200e+01   4.3973700e+01   2.0220000e+03   1.1000000e+01   1.4000000e+01   1.8000000e+00   7.8000000e+00   1.0000000e+00   2.4000000e+01   4.9810000e+01
   1.3228300e+01   4.4045200e+01   2.0220000e+03   1.1000000e+01   1.4000000e+01   1.8000000e+00   8.8000000e+00   1.0000000e+00   5.1000000e+01   2.9390000e+01
   1.3300800e+01   4.3979000e+01   2.0220000e+03   1.1000000e+01   1.4000000e+01   1.6000000e+00   7.7000000e+00   2.0000000e+00   4.3000000e+01   3.6000000e-01
   1.3362200e+01   4.3930700e+01   2.0220000e+03   1.1000000e+01   1.4000000e+01   1.7000000e+00   8.4000000e+00   4.0000000e+00   2.4000000e+01   2.7890000e+01
   1.3265000e+01   4.4030300e+01   2.0220000e+03   1.1000000e+01   1.4000000e+01   2.6000000e+00   8.1000000e+00   5.0000000e+00   3.3000000e+01   5.4370000e+01
   1.3390700e+01   4.3971700e+01   2.0220000e+03   1.1000000e+01   1.4000000e+01   1.7000000e+00   9.3000000e+00   5.0000000e+00   4.1000000e+01   4.1010000e+01
   1.3381800e+01   4.3938700e+01   2.0220000e+03   1.1000000e+01   1.4000000e+01   1.8000000e+00   8.2000000e+00   6.0000000e+00   1.0000000e+00   3.4150000e+01
   1.3334300e+01   4.4027000e+01   2.0220000e+03   1.1000000e+01   1.4000000e+01   2.2000000e+00   5.9000000e+00   8.0000000e+00   1.1000000e+01   4.1590000e+01
   1.3330700e+01   4.4039000e+01   2.0220000e+03   1.1000000e+01   1.4000000e+01   1.9000000e+00   3.0000000e+00   8.0000000e+00   1.7000000e+01   1.1470000e+01
   1.3379300e+01   4.3927800e+01   2.0220000e+03   1.1000000e+01   1.4000000e+01   1.6000000e+00   7.7000000e+00   9.0000000e+00   3.8000000e+01   1.9090000e+01
   1.3397800e+01   4.3947300e+01   2.0220000e+03   1.1000000e+01   1.4000000e+01   1.4000000e+00   1.0000000e+01   1.0000000e+01   3.0000000e+00   6.5300000e+00
   1.3363700e+01   4.3919000e+01   2.0220000e+03   1.1000000e+01   1.4000000e+01   2.5000000e+00   2.6000000e+00   1.1000000e+01   7.0000000e+00   3.7510000e+01
   1.3328200e+01   4.3964700e+01   2.0220000e+03   1.1000000e+01   1.4000000e+01   1.9000000e+00   7.2000000e+00   1.1000000e+01   1.1000000e+01   5.9720000e+01
   1.3315500e+01   4.4034500e+01   2.0220000e+03   1.1000000e+01   1.4000000e+01   2.2000000e+00   4.2000000e+00   1.2000000e+01   4.8000000e+01   5.5140000e+01
   1.3297800e+01   4.3992200e+01   2.0220000e+03   1.1000000e+01   1.4000000e+01   2.2000000e+00   2.6100000e+01   1.3000000e+01   3.5000000e+01   2.1960000e+01
   1.3320200e+01   4.4093300e+01   2.0220000e+03   1.1000000e+01   1.4000000e+01   2.7000000e+00   4.6000000e+00   1.4000000e+01   1.9000000e+01   6.7400000e+00
   1.3338200e+01   4.3972300e+01   2.0220000e+03   1.1000000e+01   1.4000000e+01   2.2000000e+00   7.9000000e+00   1.4000000e+01   5.1000000e+01   4.6740000e+01
   1.3501300e+01   4.4002700e+01   2.0220000e+03   1.1000000e+01   1.4000000e+01   1.7000000e+00   1.0100000e+01   1.5000000e+01   2.2000000e+01   5.9380000e+01
   1.3254200e+01   4.4020800e+01   2.0220000e+03   1.1000000e+01   1.4000000e+01   2.4000000e+00   8.9000000e+00   1.6000000e+01   3.2000000e+01   1.7700000e+00
   1.3378800e+01   4.3965800e+01   2.0220000e+03   1.1000000e+01   1.4000000e+01   2.1000000e+00   2.5000000e+00   1.8000000e+01   4.6000000e+01   1.4090000e+01
   1.3333500e+01   4.3947700e+01   2.0220000e+03   1.1000000e+01   1.4000000e+01   3.5000000e+00   7.4000000e+00   2.3000000e+01   1.0000000e+01   5.5070000e+01
   1.3390700e+01   4.3937500e+01   2.0220000e+03   1.1000000e+01   1.5000000e+01   1.8000000e+00   7.2000000e+00   1.0000000e+00   4.0000000e+01   2.4660000e+01
   1.3228000e+01   4.3916200e+01   2.0220000e+03   1.1000000e+01   1.5000000e+01   1.6000000e+00   9.7000000e+00   3.0000000e+00   2.3000000e+01   3.6330000e+01
   1.3339800e+01   4.3970700e+01   2.0220000e+03   1.1000000e+01   1.5000000e+01   2.9000000e+00   7.8000000e+00   4.0000000e+00   1.3000000e+01   2.7860000e+01
   1.3321800e+01   4.3946700e+01   2.0220000e+03   1.1000000e+01   1.5000000e+01   1.6000000e+00   9.0000000e+00   4.0000000e+00   3.2000000e+01   2.5190000e+01
   1.3284200e+01   4.3918700e+01   2.0220000e+03   1.1000000e+01   1.5000000e+01   1.9000000e+00   2.2300000e+01   4.0000000e+00   5.0000000e+01   4.5040000e+01
   1.3289300e+01   4.3910500e+01   2.0220000e+03   1.1000000e+01   1.5000000e+01   2.0000000e+00   9.7000000e+00   5.0000000e+00   1.0000000e+00   2.6070000e+01
   1.3317200e+01   4.3908800e+01   2.0220000e+03   1.1000000e+01   1.5000000e+01   2.1000000e+00   8.7000000e+00   5.0000000e+00   2.1000000e+01   2.2870000e+01
   1.3379700e+01   4.3937200e+01   2.0220000e+03   1.1000000e+01   1.5000000e+01   1.9000000e+00   4.9000000e+00   6.0000000e+00   2.6000000e+01   9.5400000e+00
   1.3370800e+01   4.3966700e+01   2.0220000e+03   1.1000000e+01   1.5000000e+01   2.1000000e+00   6.1000000e+00   7.0000000e+00   1.0000000e+01   7.7500000e+00
   1.3415000e+01   4.3916200e+01   2.0220000e+03   1.1000000e+01   1.5000000e+01   1.7000000e+00   5.1000000e+00   7.0000000e+00   3.3000000e+01   1.8340000e+01
   1.3326300e+01   4.3934500e+01   2.0220000e+03   1.1000000e+01   1.5000000e+01   2.9000000e+00   9.4000000e+00   8.0000000e+00   4.7000000e+01   1.3950000e+01
   1.3385200e+01   4.3978800e+01   2.0220000e+03   1.1000000e+01   1.5000000e+01   2.2000000e+00   6.9000000e+00   9.0000000e+00   2.0000000e+01   2.8420000e+01
   1.3346300e+01   4.3960500e+01   2.0220000e+03   1.1000000e+01   1.5000000e+01   1.6000000e+00   6.5000000e+00   1.1000000e+01   8.0000000e+00   4.0900000e+01
   1.3372200e+01   4.3950800e+01   2.0220000e+03   1.1000000e+01   1.5000000e+01   1.6000000e+00   6.5000000e+00   1.2000000e+01   1.8000000e+01   1.9330000e+01
   1.3311800e+01   4.3948000e+01   2.0220000e+03   1.1000000e+01   1.5000000e+01   1.6000000e+00   7.3000000e+00   1.2000000e+01   3.0000000e+01   4.4460000e+01
   1.3472200e+01   4.4079800e+01   2.0220000e+03   1.1000000e+01   1.5000000e+01   2.1000000e+00   9.7000000e+00   1.3000000e+01   5.1000000e+01   5.1410000e+01
   1.3337200e+01   4.3965800e+01   2.0220000e+03   1.1000000e+01   1.5000000e+01   2.8000000e+00   9.2000000e+00   1.5000000e+01   5.3000000e+01   9.0300000e+00
   1.3512800e+01   4.3951200e+01   2.0220000e+03   1.1000000e+01   1.5000000e+01   2.3000000e+00   2.6300000e+01   1.5000000e+01   5.8000000e+01   1.4160000e+01
   1.3377500e+01   4.3877500e+01   2.0220000e+03   1.1000000e+01   1.5000000e+01   2.0000000e+00   9.0000000e+00   1.5000000e+01   5.9000000e+01   1.9470000e+01
   1.3382700e+01   4.3934800e+01   2.0220000e+03   1.1000000e+01   1.5000000e+01   2.7000000e+00   7.7000000e+00   1.6000000e+01   3.0000000e+00   4.7610000e+01
   1.3398700e+01   4.3972500e+01   2.0220000e+03   1.1000000e+01   1.5000000e+01   1.8000000e+00   4.6000000e+00   1.6000000e+01   1.0000000e+01   2.8750000e+01
   1.3020800e+01   4.3439500e+01   2.0220000e+03   1.1000000e+01   1.5000000e+01   1.0000000e+00   1.3000000e+00   1.7000000e+01   1.6000000e+01   2.3680000e+01
   1.3421300e+01   4.4227700e+01   2.0220000e+03   1.1000000e+01   1.5000000e+01   1.9000000e+00   9.9000000e+00   1.8000000e+01   1.1000000e+01   3.2610000e+01
   1.3378700e+01   4.3969000e+01   2.0220000e+03   1.1000000e+01   1.5000000e+01   2.0000000e+00   6.1000000e+00   1.8000000e+01   1.9000000e+01   2.2850000e+01
   1.3228700e+01   4.4032800e+01   2.0220000e+03   1.1000000e+01   1.5000000e+01   1.8000000e+00   9.0000000e+00   1.9000000e+01   4.3000000e+01   4.6040000e+01
   1.3409300e+01   4.3922500e+01   2.0220000e+03   1.1000000e+01   1.5000000e+01   2.1000000e+00   2.7000000e+00   2.0000000e+01   4.9000000e+01   5.4320000e+01
   1.3366700e+01   4.3920800e+01   2.0220000e+03   1.1000000e+01   1.5000000e+01   1.3000000e+00   8.5000000e+00   2.2000000e+01   1.1000000e+01   2.2000000e+01
   1.3322500e+01   4.3951700e+01   2.0220000e+03   1.1000000e+01   1.5000000e+01   2.2000000e+00   9.4000000e+00   2.2000000e+01   2.2000000e+01   4.1500000e+01
   1.3360300e+01   4.3978800e+01   2.0220000e+03   1.1000000e+01   1.5000000e+01   2.1000000e+00   6.4000000e+00   2.2000000e+01   2.4000000e+01   2.9160000e+01
   1.3358800e+01   4.3970200e+01   2.0220000e+03   1.1000000e+01   1.5000000e+01   1.6000000e+00   7.5000000e+00   2.3000000e+01   6.0000000e+00   4.8690000e+01
   1.3361700e+01   4.3916000e+01   2.0220000e+03   1.1000000e+01   1.5000000e+01   9.0000000e-01   7.9000000e+00   2.3000000e+01   2.8000000e+01   4.8150000e+01
   1.3378200e+01   4.3968800e+01   2.0220000e+03   1.1000000e+01   1.5000000e+01   1.7000000e+00   7.8000000e+00   2.3000000e+01   3.6000000e+01   6.7900000e+00
   1.3335000e+01   4.3941800e+01   2.0220000e+03   1.1000000e+01   1.6000000e+01   1.7000000e+00   1.0000000e+01   3.0000000e+00   4.0000000e+00   5.6300000e+01
   1.3381300e+01   4.3926000e+01   2.0220000e+03   1.1000000e+01   1.6000000e+01   1.0000000e+00   9.7000000e+00   3.0000000e+00   6.0000000e+00   3.3960000e+01
   1.3377000e+01   4.3956700e+01   2.0220000e+03   1.1000000e+01   1.6000000e+01   2.4000000e+00   7.1000000e+00   4.0000000e+00   3.6000000e+01   4.8330000e+01
   1.3362300e+01   4.3961300e+01   2.0220000e+03   1.1000000e+01   1.6000000e+01   1.8000000e+00   8.0000000e+00   4.0000000e+00   5.7000000e+01   5.5810000e+01
   1.3346500e+01   4.3977200e+01   2.0220000e+03   1.1000000e+01   1.6000000e+01   1.7000000e+00   9.8000000e+00   7.0000000e+00   4.8000000e+01   3.3250000e+01
   1.3462200e+01   4.4001200e+01   2.0220000e+03   1.1000000e+01   1.6000000e+01   2.0000000e+00   6.1000000e+00   8.0000000e+00   3.4000000e+01   4.1540000e+01
   1.3337000e+01   4.3934000e+01   2.0220000e+03   1.1000000e+01   1.6000000e+01   3.2000000e+00   4.4000000e+00   8.0000000e+00   5.7000000e+01   8.0400000e+00
   1.3382500e+01   4.3945800e+01   2.0220000e+03   1.1000000e+01   1.6000000e+01   2.0000000e+00   7.9000000e+00   1.1000000e+01   5.4000000e+01   4.5500000e+00
