   2.5500000e+06   2.1785979e-08
   2.5500000e+06   2.6392512e-08
   2.5500000e+06   4.8698546e-08
   2.5500000e+06   2.5527981e-08
   7.5000000e+06   4.8314216e-09
   7.5000000e+06   1.1651132e-09
   7.5000000e+06   4.8562300e-09
   7.5000000e+06   6.1938681e-10
   1.2500000e+07   7.4507717e-10
   1.2500000e+07   3.2920414e-09
   1.2500000e+07   1.7871918e-09
   1.2500000e+07   3.6484245e-09
   1.2500000e+07   8.7336245e-10
   1.2500000e+07   1.9141710e-09
   1.7500000e+07   4.2064334e-09
   1.7500000e+07   8.3472454e-10
   1.7500000e+07   5.9045432e-10
   1.7500000e+07   2.9315961e-09
   1.7500000e+07   4.3478261e-10
   1.7500000e+07   6.1162080e-10
   2.5000000e+07   1.5579020e-09
   2.5000000e+07   1.2635079e-09
   2.5000000e+07   5.8871627e-10
   2.5000000e+07   1.2520064e-09
   2.5000000e+07   6.8174775e-10
   2.5000000e+07   3.3536585e-10
   3.5000000e+07   1.5680927e-09
   3.5000000e+07   1.2641602e-09
   3.5000000e+07   1.0462904e-09
   3.5000000e+07   4.6168052e-10
   4.5000000e+07   8.0550428e-10
   4.5000000e+07   4.2153048e-10
   4.5000000e+07   6.0152821e-10
   4.5000000e+07   8.4719172e-10
   4.5000000e+07   2.1446078e-10
   4.5000000e+07   1.5192950e-10
