   7.5000000e+06   9.1243111e-09
   7.5000000e+06   4.6771193e-09
   7.5000000e+06   9.0991811e-09
   7.5000000e+06   8.1792133e-09
   7.5000000e+06   1.1482821e-08
   7.5000000e+06   1.9258827e-09
   7.5000000e+06   4.5155759e-09
   7.5000000e+06   4.1518387e-10
   7.5000000e+06   1.8446059e-09
   1.5000000e+07   4.0702782e-09
   1.5000000e+07   2.5447936e-09
   1.5000000e+07   4.2210618e-09
   1.5000000e+07   1.9659240e-10
   1.5000000e+07   3.4534535e-09
   1.5000000e+07   5.5579307e-09
   1.5000000e+07   1.0982659e-09
   1.5000000e+07   2.0681945e-09
   1.5000000e+07   6.5108020e-10
   1.5000000e+07   1.0800332e-09
   3.0000000e+07   2.1102983e-09
   3.0000000e+07   2.1028037e-09
   3.0000000e+07   1.2028362e-09
   3.0000000e+07   1.5866388e-09
   3.0000000e+07   1.8675722e-10
   3.0000000e+07   2.1255723e-10
   3.0000000e+07   1.2336720e-09
   3.0000000e+07   1.7618469e-09
   3.0000000e+07   6.1463694e-10
   3.0000000e+07   7.1193866e-10
   3.0000000e+07   6.9097324e-10
   3.0000000e+07   5.4794521e-10
   5.0000000e+07   1.2419006e-09
   5.0000000e+07   1.9506726e-09
   5.0000000e+07   7.0474777e-10
   5.0000000e+07   9.7126669e-10
   5.0000000e+07   2.4526387e-10
   5.0000000e+07   1.4653207e-10
   5.0000000e+07   5.3116147e-10
   5.0000000e+07   5.4773083e-10
   5.0000000e+07   3.0452436e-10
