   5.0000000e+06   2.7564304e-08
   5.0000000e+06   2.9988664e-08
   5.0000000e+06   2.9285040e-08
   5.0000000e+06   2.7680837e-08
   5.0000000e+06   2.7745512e-08
   5.0000000e+06   9.9477036e-09
   8.5000000e+06   2.6559067e-08
   8.5000000e+06   9.2688496e-09
   8.5000000e+06   2.1339355e-08
   8.5000000e+06   1.7138963e-08
   8.5000000e+06   1.7175007e-08
   8.5000000e+06   2.3162268e-08
   1.2000000e+07   2.9411944e-09
   1.2000000e+07   7.2645706e-09
   1.2000000e+07   7.0021162e-09
   1.2000000e+07   9.7305943e-09
   1.2000000e+07   9.2500529e-09
   1.2000000e+07   1.1299496e-08
   1.5500000e+07   5.2854442e-09
   1.5500000e+07   1.3632014e-08
   1.5500000e+07   9.0817880e-09
   1.5500000e+07   1.2488061e-08
   1.5500000e+07   9.6432547e-09
   1.5500000e+07   8.4084517e-09
   1.9000000e+07   5.7232391e-09
   1.9000000e+07   2.8063761e-09
   1.9000000e+07   4.9116189e-09
   1.9000000e+07   4.6296542e-09
   1.9000000e+07   5.8575758e-09
   1.9000000e+07   4.1740104e-09
   2.4500000e+07   2.6159141e-09
   2.4500000e+07   3.5681436e-09
   2.4500000e+07   3.9912139e-09
   2.4500000e+07   4.4156073e-09
   2.4500000e+07   4.1863118e-09
   2.4500000e+07   4.0745972e-09
   3.1000000e+07   2.3310156e-09
   3.1000000e+07   2.2563293e-09
   3.1000000e+07   2.0306263e-09
   3.1000000e+07   2.7924891e-09
   3.1000000e+07   4.0035791e-09
   3.1000000e+07   2.8011339e-09
   3.7500000e+07   1.8297077e-09
   3.7500000e+07   1.7809529e-09
   3.7500000e+07   2.3809650e-09
   3.7500000e+07   1.9824159e-09
   3.7500000e+07   1.7376281e-09
   3.7500000e+07   1.4167717e-09
