   1.5000000e+06   5.7248384e-09
   1.5000000e+06   7.4455899e-09
   1.5000000e+06   8.7847731e-09
   1.5000000e+06   9.0589758e-09
   1.5000000e+06   1.1241447e-08
   1.5000000e+06   2.0716055e-08
   1.5000000e+06   2.4712092e-08
   1.5000000e+06   1.2028869e-08
   1.5000000e+06   1.3554875e-08
   3.5000000e+06   5.6137725e-10
   3.5000000e+06   1.5301751e-09
   3.5000000e+06   1.7686817e-09
   3.5000000e+06   2.2375423e-09
   3.5000000e+06   4.4582875e-09
   3.5000000e+06   9.5859513e-09
   3.5000000e+06   2.5145741e-08
   3.5000000e+06   4.1179498e-09
   3.5000000e+06   2.0526028e-08
   3.5000000e+06   1.6682479e-08
   3.5000000e+06   6.7353407e-09
   3.5000000e+06   4.8892724e-09
   7.5000000e+06   8.9669344e-10
   7.5000000e+06   8.0424054e-10
   7.5000000e+06   2.9029218e-09
   7.5000000e+06   1.8021265e-10
   7.5000000e+06   2.5311879e-09
   7.5000000e+06   1.0805732e-08
   7.5000000e+06   1.6601942e-08
   7.5000000e+06   1.6561342e-09
   7.5000000e+06   1.1424790e-08
   7.5000000e+06   5.8730517e-09
   7.5000000e+06   1.6293279e-09
   7.5000000e+06   4.1941748e-09
   7.5000000e+06   1.1489536e-08
   7.5000000e+06   5.1870748e-09
   1.5000000e+07   2.7896597e-10
   1.5000000e+07   2.0025487e-10
   1.5000000e+07   1.2077295e-09
   1.5000000e+07   7.7421678e-10
   1.5000000e+07   1.0176754e-09
   1.5000000e+07   2.0057945e-09
   1.5000000e+07   6.3648588e-09
   1.5000000e+07   1.9667171e-09
   1.5000000e+07   2.5453787e-09
   1.5000000e+07   1.9310950e-09
   1.5000000e+07   2.3509370e-09
   1.5000000e+07   4.0404040e-10
   1.5000000e+07   1.4454165e-09
   1.5000000e+07   9.4295693e-09
   1.5000000e+07   1.9892250e-09
   1.5000000e+07   3.1583837e-09
   2.5000000e+07   9.4584570e-10
   2.5000000e+07   9.2659884e-10
   2.5000000e+07   8.8121902e-10
   2.5000000e+07   8.0400214e-10
   2.5000000e+07   4.7720042e-10
   2.5000000e+07   4.3041293e-09
   2.5000000e+07   1.3141162e-09
   2.5000000e+07   1.4038657e-09
   2.5000000e+07   5.7050592e-09
   2.5000000e+07   1.6311585e-09
   2.5000000e+07   1.2072435e-09
   2.5000000e+07   1.0873641e-09
   2.5000000e+07   7.2695035e-09
   2.5000000e+07   1.4067995e-09
   2.5000000e+07   1.5440878e-09
   4.0000000e+07   1.0104722e-10
   4.0000000e+07   2.8802880e-10
   4.0000000e+07   1.5468608e-10
   4.0000000e+07   2.2867194e-10
   4.0000000e+07   5.3414328e-10
   4.0000000e+07   1.7478814e-09
   4.0000000e+07   7.3221757e-11
   4.0000000e+07   3.4109149e-10
   4.0000000e+07   5.2953157e-10
   4.0000000e+07   1.3101867e-10
   4.0000000e+07   1.1265739e-09
   4.0000000e+07   1.0385757e-09
   4.0000000e+07   4.1322314e-10
   4.0000000e+07   3.1599229e-09
   4.0000000e+07   2.4409764e-09
   4.0000000e+07   1.0619069e-09
   6.0000000e+07   1.1001100e-10
   6.0000000e+07   9.8442814e-11
   6.0000000e+07   1.4513788e-10
   6.0000000e+07   1.5991471e-10
   6.0000000e+07   8.7550341e-11
   6.0000000e+07   2.7635619e-10
   6.0000000e+07   4.7002298e-10
   6.0000000e+07   3.3878039e-10
   6.0000000e+07   2.4385328e-09
   6.0000000e+07   7.7770577e-10
   6.0000000e+07   1.6533430e-09
   6.0000000e+07   1.9672131e-10
   6.0000000e+07   7.0583747e-10
   6.0000000e+07   4.4247788e-11
   8.0000000e+07   1.0976948e-10
   8.0000000e+07   7.1454091e-11
   8.0000000e+07   1.2662808e-10
   8.0000000e+07   1.7479462e-11
   8.0000000e+07   6.4799331e-10
   8.0000000e+07   1.0077362e-09
   8.0000000e+07   1.4383278e-09
   8.0000000e+07   3.8598575e-10
   8.0000000e+07   4.9051668e-11
   8.0000000e+07   9.5724314e-11
   8.0000000e+07   9.3211396e-10
   8.0000000e+07   3.4291313e-10
   8.0000000e+07   2.1986075e-09
   8.0000000e+07   9.5936795e-10
   8.0000000e+07   9.2838196e-10
