   4.5000000e+07   5.5854147e-10
   4.5000000e+07   2.5924818e-10
   4.5000000e+07   3.1308194e-09
   4.5000000e+07   1.8893815e-09
   4.5000000e+07   5.6588521e-10
   4.5000000e+07   2.1964230e-10
   4.5000000e+07   2.6452282e-09
   4.5000000e+07   1.5378089e-09
   4.5000000e+07   7.1627956e-10
   4.5000000e+07   1.3145270e-09
   2.2500000e+07   6.4935065e-10
   2.2500000e+07   1.8996201e-09
   3.7500000e+07   1.1496055e-09
   3.7500000e+07   6.5843621e-10
   4.5000000e+07   7.2348965e-10
   4.5000000e+07   2.9753050e-10
   4.5000000e+07   2.4312415e-10
   4.5000000e+07   3.5650624e-10
   1.7500000e+07   2.8562856e-09
   4.5000000e+07   1.5843811e-10
   4.5000000e+07   5.9506390e-10
   4.5000000e+07   1.4126432e-10
   4.5000000e+07   6.3443336e-10
   4.5000000e+07   6.1017616e-10
   4.5000000e+07   3.4588398e-10
   2.2500000e+07   1.5434084e-09
   2.2500000e+07   9.8482565e-10
   2.2500000e+07   8.0667951e-09
   2.2500000e+07   5.4156876e-09
   2.2500000e+07   4.9013158e-09
   2.2500000e+07   2.8005896e-09
   2.2500000e+07   6.6979656e-09
   2.2500000e+07   4.6253058e-09
   2.2500000e+07   1.6147263e-09
   2.2500000e+07   9.8891220e-10
   1.1250000e+07   2.3315118e-09
   1.1250000e+07   3.8695070e-09
   1.0000000e+07   7.4392462e-09
   1.0000000e+07   4.7633588e-09
   2.2500000e+07   1.7381916e-09
   2.2500000e+07   1.0007005e-09
   2.2500000e+07   1.0000510e-09
   2.2500000e+07   1.0410410e-09
   2.2500000e+07   1.6741129e-09
   2.2500000e+07   2.4632499e-09
   2.2500000e+07   7.5999392e-10
   2.2500000e+07   2.0654045e-09
   2.2500000e+07   1.5037594e-09
   2.2000000e+07   5.2426603e-10
   1.2500000e+07   2.9295589e-09
   1.2500000e+07   1.8359853e-09
   1.2500000e+07   1.4993424e-08
   1.2500000e+07   9.9378882e-09
   1.2500000e+07   1.2888337e-08
   1.2500000e+07   1.1774530e-08
   1.2500000e+07   8.4587814e-09
   1.2500000e+07   3.3096144e-09
   1.2500000e+07   2.5247148e-09
   6.2500000e+06   2.6060702e-09
   6.2500000e+06   8.3942766e-09
   1.2500000e+07   3.5916196e-09
   1.2500000e+07   1.8896678e-09
   1.2500000e+07   2.7350427e-09
   1.2500000e+07   3.0506406e-09
   1.2500000e+07   4.4879899e-09
   1.2500000e+07   5.3836634e-09
   1.2500000e+07   1.7835178e-09
   1.2500000e+07   4.4243501e-09
   1.2500000e+07   3.9384615e-09
   1.2000000e+07   6.1933535e-09
   7.5000000e+06   5.4451311e-09
   7.5000000e+06   3.8295244e-09
   7.5000000e+06   2.3696682e-08
   7.5000000e+06   1.7762399e-08
   7.5000000e+06   3.1878558e-08
   7.5000000e+06   1.8988465e-08
   7.5000000e+06   1.4820359e-08
   7.5000000e+06   8.8170957e-09
   7.5000000e+06   6.0382009e-09
   3.7500000e+06   3.1989763e-09
   3.7500000e+06   8.9639493e-09
   7.5000000e+06   7.4839147e-09
   7.5000000e+06   3.8153846e-09
   7.5000000e+06   7.4680952e-09
   7.5000000e+06   6.5675341e-09
   7.5000000e+06   8.3414161e-09
   7.5000000e+06   1.1446741e-08
   7.5000000e+06   5.7399938e-09
   7.5000000e+06   9.6103038e-09
   7.5000000e+06   9.9811676e-09
   7.5000000e+06   5.3283767e-09
