   1.3487500e+06   1.7903571e-08
   7.2464000e+06   1.2231295e-08
   7.8742500e+06   4.3839610e-09
   1.7514150e+07   5.1299320e-09
   1.0169450e+07   1.5172294e-08
   1.6477250e+07   7.4909946e-09
   3.5227300e+07   1.8424939e-09
   6.2500000e+06   1.9958124e-08
   1.6669750e+07   9.4763840e-09
   2.1540900e+07   6.8608295e-09
   7.7789000e+06   1.1835878e-08
   6.3623000e+06   1.2659982e-08
   5.9463000e+06   1.5680767e-08
   1.3377200e+07   6.4280237e-09
   4.5810050e+07   4.5843597e-09
   1.3407850e+07   8.8131747e-09
   1.9971750e+07   4.1490497e-09
   2.5442100e+07   4.7053017e-09
   1.1190800e+07   7.1049127e-09
   4.2572800e+07   2.0452496e-09
   3.0659000e+06   3.1737202e-08
   1.2898000e+07   5.8341812e-09
   1.1823300e+07   8.4687819e-09
   2.3163850e+07   5.8144156e-09
   1.2429350e+07   1.5372738e-08
   2.1590900e+07   3.4448178e-09
   4.5454550e+07   2.2558801e-09
   7.9545500e+06   5.8549090e-09
   2.4294350e+07   6.6644032e-09
   2.6491800e+07   3.0846827e-09
   1.2125900e+07   7.0997987e-09
   8.6231000e+06   2.5321428e-08
   8.2110500e+06   1.5143651e-08
   1.8441000e+07   1.1735297e-08
   6.0335200e+07   1.7995541e-09
   1.8435800e+07   7.9633698e-09
   2.5500250e+07   2.2516482e-09
   3.2053600e+07   3.4430567e-09
   1.5994650e+07   7.4614744e-09
   5.2423500e+07   1.4301201e-09
   5.3457000e+06   1.3184442e-08
   1.8539000e+07   7.9939665e-09
   1.7460300e+07   4.4164454e-09
   2.8813550e+07   5.0906741e-09
   1.6384150e+07   6.7584706e-09
   2.7840900e+07   2.0194706e-09
   5.5113650e+07   1.8333798e-09
   1.1363650e+07   7.0641187e-09
   3.4725600e+07   2.9816094e-09
   3.4754850e+07   4.3423242e-09
   1.7582250e+07   6.4319541e-09
   1.2569100e+07   1.0771585e-08
   1.2716600e+07   9.2168478e-09
   2.2383050e+07   5.6809713e-09
   7.5977650e+07   9.6372109e-10
   2.2905050e+07   6.5852677e-09
   3.3803550e+07   2.8137816e-09
   4.2567750e+07   1.9575172e-09
   2.0822050e+07   4.8534387e-09
   6.3410550e+07   6.8998817e-10
   8.7454500e+06   1.1295243e-08
   2.3057400e+07   6.5694158e-09
   2.5885200e+07   2.8619477e-09
   3.5593200e+07   4.4697979e-09
   2.2598850e+07   3.4786463e-09
   3.5227250e+07   2.6524942e-09
   6.5340900e+07   6.4561554e-10
   1.7045450e+07   3.3189397e-09
   4.4135250e+07   1.8499408e-09
   4.5236650e+07   2.4802801e-09
   2.4193250e+07   2.5979002e-09
   1.8196400e+07   1.1158136e-08
   1.8350600e+07   1.2513933e-08
   2.7421550e+07   4.5721765e-09
   8.9385450e+07   9.5382033e-10
   2.6815650e+07   3.4505229e-09
   4.3772250e+07   2.0124424e-09
   5.2552300e+07   1.7664993e-09
   2.6209800e+07   5.0197464e-09
   7.3304350e+07   1.2573155e-09
   1.2710500e+07   1.1518840e-08
   2.8115800e+07   1.8017894e-09
   3.7104650e+07   2.4072785e-09
   5.6497150e+07   1.9795478e-09
   2.8248600e+07   3.8249735e-09
   4.5454550e+07   1.7071180e-09
   7.5000000e+07   7.2154083e-10
   2.2159050e+07   2.4415313e-09
   5.4138150e+07   9.6404696e-10
   5.5218300e+07   1.1980781e-09
   3.9173700e+07   1.5277542e-09
   2.2700700e+07   1.0166506e-08
   2.2860200e+07   8.2125960e-09
   3.5802750e+07   2.9626272e-09
   1.0949720e+08   5.6171469e-10
   3.4636900e+07   2.1770856e-09
   5.3762050e+07   1.5471923e-09
   6.7024600e+07   6.3926037e-10
   3.3247150e+07   3.1985631e-09
   8.7598450e+07   7.1859306e-10
   1.7802150e+07   8.7748097e-09
   3.5414050e+07   3.9104918e-09
   5.2233250e+07   1.4252823e-09
   7.7401100e+07   8.5358029e-10
   3.5028250e+07   2.0404945e-09
   5.5681850e+07   1.0513451e-09
   8.9772750e+07   2.6018908e-10
   2.6704550e+07   1.6907258e-09
   6.5274400e+07   7.1341146e-10
   6.4675850e+07   9.1929320e-10
   6.0320850e+07   5.0861652e-10
   2.7206300e+07   1.0595932e-08
   2.7357800e+07   7.9200532e-09
   4.5283100e+07   1.6235766e-09
   1.3128490e+08   1.9465031e-10
   5.0838000e+07   1.3968211e-09
   6.9346400e+07   7.1950964e-10
   8.8764750e+07   4.7855528e-10
   4.2510100e+07   2.0250497e-09
   1.0742135e+08   4.3144808e-10
   2.2328500e+07   1.0997426e-08
   4.6069500e+07   1.3017197e-09
   7.1264400e+07   9.2212365e-10
   9.2090400e+07   6.2731505e-10
   4.4632750e+07   1.3749904e-09
   6.5340900e+07   6.6120519e-10
   1.1136365e+08   5.9420845e-12
   3.3522750e+07   1.2033571e-09
   7.5306600e+07   4.4033256e-10
   7.4702700e+07   5.1655140e-10
   7.5375800e+07   4.4806098e-10
   3.5070450e+07   6.9396498e-09
   3.5180750e+07   2.1600420e-09
   5.5317650e+07   2.4117960e-09
   1.5083795e+08   3.8473219e-10
   6.5363100e+07   1.2930116e-09
   8.9413250e+07   4.3214272e-10
   1.0995945e+08   3.2828249e-10
   5.1800450e+07   1.9123878e-09
   1.2671920e+08   2.6874905e-10
   2.7401500e+07   4.2142293e-09
   5.6711700e+07   1.9449973e-09
   9.1396900e+07   2.9187725e-10
   1.1242940e+08   6.2347730e-10
   6.0451950e+07   2.0431731e-10
   7.6136350e+07   2.4135769e-10
   1.3238640e+08   2.7260007e-10
   6.9886350e+07   2.9711404e-10
   9.0922850e+07   4.0807497e-10
   9.0311000e+07   5.4776790e-10
   8.9332000e+07   6.3949769e-11
   4.5705750e+07   3.3308755e-09
   4.6322450e+07   1.3568782e-09
   6.5349550e+07   1.2120714e-09
   1.7039105e+08   6.4623509e-11
   7.4301650e+07   9.9262819e-10
   1.0893460e+08   4.0478024e-10
   1.2949140e+08   2.0767490e-10
   6.1098700e+07   1.6699193e-09
   1.4658125e+08   2.0076754e-10
   3.5841000e+07   5.4548337e-09
   7.1265750e+07   8.4297593e-10
   1.1151740e+08   2.1324863e-10
   1.3333335e+08   1.2673585e-10
   7.6836150e+07   1.3388728e-10
   9.2613650e+07   6.2178414e-10
   1.5227275e+08   1.3133730e-10
   1.1156455e+08   2.6964031e-10
   1.1093940e+08   4.4437481e-10
   1.0942830e+08   3.0996872e-10
   5.5746950e+07   2.0407425e-09
   5.6349050e+07   2.0411513e-09
   7.5926350e+07   1.1221604e-09
   1.2846915e+08   7.0265554e-11
   1.4902600e+08   2.6008804e-10
   7.2085750e+07   4.4733268e-10
   1.6644720e+08   1.9996897e-10
   4.5969750e+07   4.3104768e-09
   9.1403550e+07   6.7522534e-10
   1.3219390e+08   1.2858112e-10
   1.5367235e+08   2.9656173e-10
   9.2655400e+07   2.8166482e-10
   1.1250000e+08   3.6808079e-10
   1.3295455e+08   1.7248811e-10
   1.3053820e+08   2.6826925e-10
   1.3102505e+08   1.8455040e-10
   1.3007795e+08   1.9243199e-10
   6.5776200e+07   1.6665115e-09
   6.5272450e+07   2.7286534e-09
   9.1501850e+07   4.7748036e-10
   1.4857295e+08   1.2559811e-10
   8.7504400e+07   6.4472024e-10
   5.4963950e+07   3.6133656e-09
   1.1098400e+08   9.4646232e-10
   1.5175575e+08   4.1183363e-10
   1.7231640e+08   1.2556087e-11
   1.1242940e+08   1.3277705e-11
   1.3238635e+08   1.2670864e-10
   1.5227275e+08   1.2284373e-10
   1.5007850e+08   5.8226931e-11
   1.5111870e+08   2.4788809e-10
   1.5017690e+08   1.2637140e-10
   7.6363650e+07   2.0626481e-09
   7.5297700e+07   5.7076111e-10
   1.1151515e+08   2.8187063e-10
   1.6979145e+08   1.2659687e-10
   1.0678655e+08   3.3490508e-10
   6.5063450e+07   2.1020298e-09
   1.3167780e+08   3.8672194e-10
   1.7131760e+08   1.2729316e-10
   1.3220340e+08   2.1173298e-10
   1.5397725e+08   2.4767137e-10
   1.7386365e+08   1.3476582e-10
   1.7073880e+08   1.7691281e-10
   1.7177365e+08   1.1300727e-10
   1.7027855e+08   1.2466540e-10
   9.1945750e+07   4.8225020e-10
   9.0871900e+07   7.8702270e-10
   1.3152310e+08   1.5743820e-10
   1.2772615e+08   5.3759963e-10
   7.6822900e+07   6.9470522e-10
   1.5180100e+08   2.3359250e-10
   1.5310735e+08   1.3140094e-11
   1.7556815e+08   6.6616133e-11
   1.1196170e+08   4.7680664e-10
   1.1089450e+08   5.4185522e-10
   1.5097950e+08   5.1699760e-10
   1.4812895e+08   6.8933197e-11
   9.1930250e+07   1.0632210e-09
   1.7136150e+08   1.9444353e-10
   1.7288135e+08   3.1198876e-10
   1.3198300e+08   7.8702270e-10
   1.3090910e+08   3.0700398e-10
   1.7154835e+08   2.0776972e-10
   1.6689000e+08   3.4772963e-10
   1.1095210e+08   6.3597727e-10
   1.5200295e+08   3.8725767e-10
   1.5092370e+08   5.3356408e-10
   1.3107925e+08   2.7297327e-10
   1.7201355e+08   2.3079069e-10
   1.7149120e+08   1.4342097e-10
   1.5175840e+08   2.1190390e-10
   1.7187760e+08   2.1021404e-10
