   2.5856250e+06   2.7139791e-08
   2.5856250e+06   3.2072030e-08
   2.5856250e+06   2.0743237e-08
   2.5856250e+06   2.6365709e-08
   2.5856250e+06   2.8823352e-08
   2.5856250e+06   1.6601791e-08
   4.3093750e+06   1.6170886e-08
   4.3093750e+06   1.3251489e-08
   4.3093750e+06   2.7122370e-08
   4.3093750e+06   1.6769690e-08
   4.3093750e+06   1.3260420e-08
   4.3093750e+06   2.2657886e-08
   4.3093750e+06   1.4108749e-08
   6.0331250e+06   1.3619537e-08
   6.0331250e+06   6.4275622e-09
   6.0331250e+06   6.6737751e-09
   6.0331250e+06   1.1197358e-08
   6.0331250e+06   1.4054216e-08
   6.0331250e+06   1.4875142e-08
   6.0331250e+06   1.4749986e-08
   8.6187500e+06   8.6543984e-09
   8.6187500e+06   7.2794795e-09
   8.6187500e+06   1.7226824e-08
   8.6187500e+06   5.9342448e-09
   8.6187500e+06   1.2649266e-08
   8.6187500e+06   1.2267993e-08
   8.6187500e+06   6.6640635e-09
   1.2066250e+07   9.4136483e-09
   1.2066250e+07   4.4088757e-09
   1.2066250e+07   6.7483510e-09
   1.2066250e+07   3.3479581e-09
   1.2066250e+07   7.5391551e-09
   1.2066250e+07   1.2850782e-08
   1.2066250e+07   7.9248832e-09
   1.7237500e+07   6.2054432e-09
   1.7237500e+07   3.6713239e-09
   1.7237500e+07   9.9599192e-09
   1.7237500e+07   2.8294291e-09
   1.7237500e+07   6.3579614e-09
   1.7237500e+07   7.9079041e-09
   1.7237500e+07   7.7247410e-09
   2.4132500e+07   8.2781673e-09
   2.4132500e+07   2.9390195e-09
   2.4132500e+07   7.6284049e-09
   2.4132500e+07   4.6819153e-09
   2.4132500e+07   7.0359030e-09
   2.4132500e+07   7.4952460e-09
   2.4132500e+07   6.4572429e-09
   3.1027500e+07   5.1925598e-09
   3.1027500e+07   4.7804361e-09
   3.1027500e+07   4.4959586e-09
   3.1027500e+07   3.1520307e-09
   3.1027500e+07   3.9961784e-09
   3.1027500e+07   4.8015257e-09
   3.1027500e+07   4.9275907e-09
