   2.5000000e+06   1.2262805e-08
   2.5000000e+06   1.2636726e-08
   2.5000000e+06   1.0708206e-08
   2.5000000e+06   1.6148562e-08
   2.5000000e+06   1.9558833e-08
   2.5000000e+06   2.4110198e-08
   2.5000000e+06   2.1895791e-08
   2.5000000e+06   2.0349816e-08
   2.5000000e+06   2.2268093e-08
   2.5000000e+06   6.3743676e-08
   2.5000000e+06   4.1057311e-08
   2.5000000e+06   4.0057338e-08
   2.5000000e+06   5.3275733e-08
   2.5000000e+06   3.5386395e-08
   2.5000000e+06   1.0232947e-07
   7.5000000e+06   1.7005545e-09
   7.5000000e+06   2.1164021e-09
   7.5000000e+06   2.6866064e-09
   7.5000000e+06   3.4893810e-09
   7.5000000e+06   5.0887978e-09
   7.5000000e+06   3.5389784e-09
   7.5000000e+06   4.8746937e-09
   7.5000000e+06   7.3421309e-09
   7.5000000e+06   6.9371406e-09
   7.5000000e+06   1.3535685e-08
   7.5000000e+06   9.7425743e-09
   7.5000000e+06   6.8148901e-09
   7.5000000e+06   1.0435763e-08
   7.5000000e+06   1.8181260e-09
   7.5000000e+06   1.1154945e-09
   7.5000000e+06   8.5942986e-10
   7.5000000e+06   4.1506095e-09
   7.5000000e+06   3.3440892e-09
   7.5000000e+06   6.8534185e-09
   7.5000000e+06   1.3134711e-09
   7.5000000e+06   4.0296401e-09
   7.5000000e+06   1.1265610e-08
   7.5000000e+06   3.4154351e-09
   7.5000000e+06   6.3629842e-09
   7.5000000e+06   1.8086859e-08
   7.5000000e+06   6.3355969e-09
   7.5000000e+06   1.2948544e-09
   7.5000000e+06   1.6596154e-08
   1.2500000e+07   9.8640363e-10
   1.2500000e+07   1.0163228e-09
   1.2500000e+07   2.2691039e-09
   1.2500000e+07   3.8114306e-09
   1.2500000e+07   1.8836155e-09
   1.2500000e+07   7.1274501e-10
   1.2500000e+07   1.2421318e-09
   1.2500000e+07   5.7408910e-09
   1.2500000e+07   7.3393195e-09
   1.2500000e+07   1.0163020e-08
   1.2500000e+07   3.9924736e-09
   1.2500000e+07   8.4201487e-09
   1.2500000e+07   3.3704683e-09
   1.2500000e+07   7.1063495e-09
   1.2500000e+07   9.9238793e-09
   1.2500000e+07   1.1064613e-08
   1.2500000e+07   1.0067870e-08
   1.2500000e+07   2.4151368e-08
   1.2500000e+07   1.4374406e-09
   1.2500000e+07   3.7753789e-09
   1.2500000e+07   2.0888632e-09
   1.2500000e+07   1.8558001e-09
   1.2500000e+07   3.2972629e-09
   1.2500000e+07   9.6753660e-10
   1.2500000e+07   5.3958701e-09
   1.2500000e+07   3.2891022e-09
   1.2500000e+07   2.6800129e-09
   1.2500000e+07   2.8922029e-09
   1.2500000e+07   8.0760445e-09
   1.2500000e+07   1.8974774e-09
   1.2500000e+07   7.4584822e-09
   1.2500000e+07   1.0210424e-08
   1.2500000e+07   3.5763530e-09
   1.2500000e+07   4.2223786e-10
   1.7500000e+07   6.3668922e-10
   1.7500000e+07   1.0077797e-09
   1.7500000e+07   2.6212560e-09
   1.7500000e+07   3.2380710e-10
   1.7500000e+07   1.0814972e-09
   1.7500000e+07   1.1101766e-09
   1.7500000e+07   4.2997748e-09
   1.7500000e+07   1.2249304e-09
   1.7500000e+07   7.0795250e-09
   1.7500000e+07   7.2303750e-09
   1.7500000e+07   2.5826972e-09
   1.7500000e+07   4.9139090e-09
   1.7500000e+07   3.3238940e-09
   1.7500000e+07   2.8902283e-09
   1.7500000e+07   7.7733011e-09
   1.7500000e+07   5.7822651e-09
   1.7500000e+07   6.5718177e-09
   1.7500000e+07   7.5619296e-09
   1.7500000e+07   8.2259985e-10
   1.7500000e+07   1.1384145e-09
   1.7500000e+07   5.4895287e-10
   1.7500000e+07   2.0615613e-09
   1.7500000e+07   2.7785013e-10
   1.7500000e+07   9.5184420e-10
   1.7500000e+07   1.6280248e-09
   1.7500000e+07   3.8395473e-09
   1.7500000e+07   2.8748004e-09
   1.7500000e+07   1.9818385e-09
   1.7500000e+07   2.8441216e-09
   1.7500000e+07   4.4266591e-09
   1.7500000e+07   3.4023022e-09
   1.7500000e+07   5.0664721e-09
   1.7500000e+07   1.0593006e-08
   1.7500000e+07   8.3985946e-09
   1.7500000e+07   1.1007725e-08
   2.2500000e+07   1.3255322e-09
   2.2500000e+07   1.7141212e-09
   2.2500000e+07   1.8346632e-09
   2.2500000e+07   2.5971667e-09
   2.2500000e+07   3.2088096e-10
   2.2500000e+07   1.1040482e-09
   2.2500000e+07   1.6330863e-09
   2.2500000e+07   3.3882916e-09
   2.2500000e+07   2.6900894e-09
   2.2500000e+07   5.1166764e-09
   2.2500000e+07   2.5623312e-09
   2.2500000e+07   3.0266472e-09
   2.2500000e+07   2.3106078e-09
   2.2500000e+07   2.3625178e-09
   2.2500000e+07   6.3862244e-09
   2.2500000e+07   7.9048790e-09
   2.2500000e+07   6.9406649e-09
   2.2500000e+07   1.8084010e-08
   2.2500000e+07   2.5870432e-10
   2.2500000e+07   1.4191055e-09
   2.2500000e+07   1.4526750e-09
   2.2500000e+07   2.0925460e-09
   2.2500000e+07   9.0460037e-10
   2.2500000e+07   1.9416256e-09
   2.2500000e+07   3.0798718e-09
   2.2500000e+07   2.1152793e-09
   2.2500000e+07   2.6186270e-09
   2.2500000e+07   1.7433610e-09
   2.2500000e+07   3.6101583e-09
   2.2500000e+07   3.7322254e-09
   2.2500000e+07   3.7000435e-09
   2.2500000e+07   5.4392298e-09
   2.2500000e+07   3.8025594e-09
   2.2500000e+07   1.0000832e-08
   2.7500000e+07   6.3049011e-10
   2.7500000e+07   2.9557478e-10
   2.7500000e+07   2.1909065e-09
   2.7500000e+07   6.8848050e-10
   2.7500000e+07   3.1672643e-10
   2.7500000e+07   1.4824673e-09
   2.7500000e+07   4.1751878e-09
   2.7500000e+07   1.2093665e-09
   2.7500000e+07   4.0228512e-09
   2.7500000e+07   3.5905305e-09
   2.7500000e+07   2.5175172e-09
   2.7500000e+07   3.4152037e-09
   2.7500000e+07   4.1666667e-09
   2.7500000e+07   4.2814870e-09
   2.7500000e+07   5.6825015e-09
   2.7500000e+07   6.5052194e-09
   2.7500000e+07   4.4357681e-09
   2.7500000e+07   1.2247792e-08
   2.7500000e+07   5.3827107e-10
   2.7500000e+07   1.4091071e-09
   2.7500000e+07   8.5858586e-10
   2.7500000e+07   5.7206602e-10
   2.7500000e+07   1.7408975e-09
   2.7500000e+07   1.6069260e-09
   2.7500000e+07   2.4249732e-09
   2.7500000e+07   2.1099918e-09
   2.7500000e+07   2.9184248e-09
   2.7500000e+07   4.4401320e-09
   2.7500000e+07   4.0612309e-09
   2.7500000e+07   3.7316111e-09
   3.2500000e+07   3.0503485e-10
   3.2500000e+07   2.1870031e-09
   3.2500000e+07   2.2208491e-09
   3.2500000e+07   3.2660550e-10
   3.2500000e+07   2.4197707e-09
   3.2500000e+07   2.8842275e-09
   3.2500000e+07   8.1340630e-10
   3.2500000e+07   3.9794139e-09
   3.2500000e+07   7.7566850e-10
   3.2500000e+07   2.0663783e-09
   3.2500000e+07   1.3089526e-09
   3.2500000e+07   1.3399122e-09
   3.2500000e+07   3.4741510e-09
   3.2500000e+07   4.1815218e-09
   3.2500000e+07   5.4588859e-09
   3.2500000e+07   4.5540586e-09
   3.2500000e+07   2.5589372e-10
   3.2500000e+07   1.1259097e-09
   3.2500000e+07   5.5876847e-10
   3.2500000e+07   1.7626423e-09
   3.2500000e+07   5.9844759e-10
   3.2500000e+07   2.2108583e-09
   3.2500000e+07   1.5995519e-09
   3.2500000e+07   3.3777836e-09
   3.2500000e+07   1.0274663e-09
   3.2500000e+07   2.9658006e-10
   3.2500000e+07   1.3634258e-09
   3.2500000e+07   6.8027211e-10
   3.2500000e+07   2.8764512e-09
   3.2500000e+07   5.1486502e-09
   3.2500000e+07   3.1766687e-09
   3.2500000e+07   1.1976048e-09
   3.7500000e+07   2.8913604e-10
   3.7500000e+07   1.3520314e-09
   3.7500000e+07   1.4201477e-09
   3.7500000e+07   2.1562771e-09
   3.7500000e+07   1.4487283e-09
   3.7500000e+07   6.9977468e-10
   3.7500000e+07   3.4882809e-10
   3.7500000e+07   1.1850085e-09
   3.7500000e+07   1.7050515e-09
   3.7500000e+07   3.7582079e-10
   3.7500000e+07   1.6348109e-09
   3.7500000e+07   7.8319976e-10
   3.7500000e+07   2.6755706e-09
   3.7500000e+07   1.7986420e-09
   3.7500000e+07   3.4244115e-09
   3.7500000e+07   3.5520966e-09
   3.7500000e+07   1.5285703e-09
   3.7500000e+07   5.0242230e-09
   3.7500000e+07   1.1006120e-09
   3.7500000e+07   8.3195128e-10
   3.7500000e+07   2.6215183e-10
   3.7500000e+07   5.5721171e-10
   3.7500000e+07   1.1591744e-09
   3.7500000e+07   1.8777636e-09
   3.7500000e+07   2.9637862e-10
   3.7500000e+07   2.6547821e-09
   3.7500000e+07   2.4118924e-09
   3.7500000e+07   1.9125767e-09
   3.7500000e+07   1.6960295e-09
   3.7500000e+07   1.3760698e-09
   3.7500000e+07   2.8356679e-09
   3.7500000e+07   2.2950213e-09
   3.7500000e+07   2.3358324e-09
   3.7500000e+07   2.0074697e-09
   3.7500000e+07   5.7863031e-09
   4.2500000e+07   1.6601322e-09
   4.2500000e+07   1.6861889e-09
   4.2500000e+07   1.4136512e-09
   4.2500000e+07   3.0425431e-10
   4.2500000e+07   3.2128514e-10
   4.2500000e+07   2.3788563e-09
   4.2500000e+07   2.4114008e-09
   4.2500000e+07   3.0027757e-09
   4.2500000e+07   3.8902470e-09
   4.2500000e+07   2.8800774e-09
   4.2500000e+07   3.3105623e-09
   4.2500000e+07   1.2832741e-09
   4.2500000e+07   1.7870672e-09
   4.2500000e+07   2.8770542e-09
   4.2500000e+07   5.5586873e-09
   4.2500000e+07   2.5932095e-09
   4.2500000e+07   3.2390814e-09
   4.2500000e+07   2.5095443e-10
   4.2500000e+07   8.2308984e-10
   4.2500000e+07   5.4543471e-10
   4.2500000e+07   1.1391104e-09
   4.2500000e+07   1.1468728e-09
   4.2500000e+07   2.8360414e-10
   4.2500000e+07   2.1663466e-09
   4.2500000e+07   6.1654182e-10
   4.2500000e+07   1.6264279e-09
   4.2500000e+07   1.3533140e-09
   4.2500000e+07   6.1722737e-10
   4.2500000e+07   6.7333333e-10
   4.2500000e+07   1.3879064e-09
   4.2500000e+07   3.8060384e-09
   4.2500000e+07   3.0909023e-09
   4.2500000e+07   1.9798167e-09
   4.2500000e+07   4.4064402e-09
   4.7500000e+07   1.4002374e-09
   4.7500000e+07   3.0379216e-10
   4.7500000e+07   6.7834128e-10
   4.7500000e+07   3.1712474e-10
   4.7500000e+07   7.4625423e-10
   4.7500000e+07   7.4995606e-10
   4.7500000e+07   7.9966853e-10
   4.7500000e+07   3.4197551e-10
   4.7500000e+07   1.1730322e-09
   4.7500000e+07   3.7908159e-10
   4.7500000e+07   4.2799118e-09
   4.7500000e+07   3.3957315e-09
   4.7500000e+07   4.1334649e-09
   4.7500000e+07   4.8229915e-09
   4.7500000e+07   5.3860922e-10
   4.7500000e+07   2.5885779e-10
   4.7500000e+07   5.5251671e-10
   4.7500000e+07   2.6831382e-10
   4.7500000e+07   1.5163136e-09
   4.7500000e+07   1.2170145e-09
   4.7500000e+07   1.2600264e-09
   4.7500000e+07   2.5988701e-09
   4.7500000e+07   9.9668863e-10
   4.7500000e+07   1.2489338e-09
   4.7500000e+07   9.9918367e-10
   4.7500000e+07   2.0597322e-09
   4.7500000e+07   1.3716503e-09
   4.7500000e+07   1.1061232e-09
   4.7500000e+07   1.8923280e-09
   4.7500000e+07   3.1732713e-09
   4.7500000e+07   1.1532374e-09
   5.2500000e+07   2.8503563e-09
   5.2500000e+07   1.0355107e-09
   5.2500000e+07   1.0603284e-09
   5.2500000e+07   7.0239287e-10
   5.2500000e+07   3.3514388e-10
   5.2500000e+07   1.1557545e-09
   5.2500000e+07   5.1090523e-09
   5.2500000e+07   1.5997777e-09
   5.2500000e+07   2.1755955e-09
   5.2500000e+07   3.1550341e-09
   5.2500000e+07   3.3577977e-09
   5.2500000e+07   1.9827501e-09
   5.2500000e+07   3.1124037e-09
   5.2500000e+07   5.6657224e-10
   5.2500000e+07   2.8541517e-09
   5.2500000e+07   1.7305384e-09
   5.2500000e+07   2.8107159e-10
   5.2500000e+07   8.9691391e-10
   5.2500000e+07   2.9125612e-10
   5.2500000e+07   1.3375526e-09
   5.2500000e+07   9.2634638e-10
   5.2500000e+07   6.5631295e-10
   5.2500000e+07   2.0387360e-09
   5.2500000e+07   2.0667198e-09
   5.2500000e+07   1.8745913e-09
   5.2500000e+07   7.5089168e-10
   5.2500000e+07   3.5073257e-09
