   2.4597912e+06   3.7832438e-08
   3.4619795e+06   1.2477816e-09
   4.0108215e+06   1.5900361e-08
   6.1644748e+06   2.8220845e-09
   3.4857672e+06   1.1019269e-08
   5.7390532e+06   1.1684373e-08
   9.2579165e+06   6.8750823e-09
   1.0895134e+07   6.9209469e-09
   1.4593957e+07   4.0190376e-09
   1.0398694e+07   3.1343795e-09
   9.0458952e+06   7.4386544e-09
   1.5060748e+07   5.2035258e-09
   1.7811854e+07   3.3465964e-09
   2.0079964e+07   2.7912671e-09
   1.7337822e+07   2.6258261e-09
   1.4260239e+07   4.1397807e-09
   2.0697411e+07   3.1476497e-09
   2.4666518e+07   2.5884253e-09
   2.5703526e+07   2.1627726e-09
   2.3978052e+07   8.2566796e-10
   2.1119040e+07   3.6827649e-09
   2.6381649e+07   1.9220002e-09
   3.1622538e+07   8.6274022e-10
   3.1685283e+07   8.1677019e-10
   3.0887532e+07   1.1738291e-09
   2.7814775e+07   2.2605960e-09
   3.2170346e+07   1.9004906e-09
   3.8520641e+07   5.2866911e-10
   3.7885267e+07   6.7744868e-10
   3.4664268e+07   1.1527239e-09
   3.7850792e+07   7.6690961e-10
   4.5257746e+07   1.1382532e-10
   4.4709938e+07   3.8608690e-10
   4.1670277e+07   9.3517025e-10
   5.1889012e+07   5.4128018e-10
   5.1493239e+07   2.8555050e-11
   4.8516323e+07   8.2856938e-10
   5.5414426e+07   5.7315501e-10
   6.5892757e+07   1.8433479e-10
