414504.0120352537	2.127949398521814	-112.5	-67.5	5000.0
623483.422529013	2.4468233567077853	-97.5	-97.5	5000.0
962809.0318515699	1.2286244601423821	157.5	127.5	5000.0
962809.0318515699	2.842757516842654	22.5	142.5	5000.0
1.5142337385382685e6	0.5911013545912583	-7.5	-142.5	5000.0
1.5142337385382685e6	2.422079800147292	-112.5	-127.5	5000.0
1.5144663616390456e6	0.7594890830512521	22.5	277.5	5000.0
1.5144663616390456e6	2.3555384798819445	-97.5	292.5	5000.0
1.8139607737301602e6	3.0962593076494556	-7.5	-187.5	5000.0
2.317040859231658e6	1.2499343940925307	-7.5	-187.5	5000.0
2.317040859231658e6	2.2307025582633195	-127.5	-127.5	5000.0
2.3170665141953803e6	2.148863325343027	67.5	172.5	5000.0
2.680596079810239e6	1.6360864984469654	-7.5	-247.5	5000.0
2.680596079810239e6	2.8030511807795215	-127.5	-127.5	5000.0
3.1363404154101596e6	2.1440921680506477	-7.5	-247.5	5000.0
3.13647651957497e6	0.7392388908085709	157.5	187.5	5000.0
3.1409795182784684e6	3.4047926535597646	-142.5	-397.5	5000.0
3.141011014448483e6	2.2873273725549885	652.5	-262.5	5000.0
3.827156537966639e6	2.541085663949987	-247.5	-82.5	5000.0
4.279365309057162e6	2.921648125041301	-232.5	-82.5	5000.0
4.794271539575779e6	1.9748495787903622	-232.5	-112.5	5000.0
4.794366700791833e6	1.8791318253432874	157.5	187.5	5000.0
5.155423983905907e6	3.2570940854234287	-247.5	7.5	5000.0
5.155438228878002e6	2.510473464056522	-652.5	-502.5	5000.0
5.155508410978069e6	2.852204031422476	622.5	-427.5	5000.0
5.701904458113383e6	0.8374425191351982	-247.5	7.5	5000.0
5.701904458113383e6	2.0794093137829806	-262.5	-97.5	5000.0
5.701969300233617e6	2.0739012492783218	22.5	262.5	5000.0
6.122420575977257e6	2.9039347158779414	-97.5	277.5	5000.0
6.122420644291427e6	1.0752212070261713	22.5	277.5	5000.0
6.83829252603711e6	1.6194325777069025	22.5	262.5	5000.0
6.83829252603711e6	2.028821062529753	-97.5	262.5	5000.0
6.838297188251027e6	3.45054508512994	-247.5	22.5	5000.0
7.458733122033388e6	1.3982336785775686	22.5	277.5	5000.0
7.458733122033388e6	2.144881145318886	-97.5	262.5	5000.0
7.458733708153931e6	2.2956320017745973	-247.5	52.5	5000.0
8.095850847547779e6	1.726331197031443	-262.5	-127.5	5000.0
8.095850847547779e6	3.0191229971789397	-367.5	-112.5	5000.0
8.09651438481733e6	1.6954581198309622	742.5	-262.5	5000.0
8.891422584468529e6	2.121129232081374	-322.5	-37.5	5000.0
8.891491605200103e6	2.3211512052369003	-97.5	322.5	5000.0
8.891491726278437e6	1.2173343301263817	22.5	292.5	5000.0
9.369699574207587e6	3.31825665889761	-217.5	-352.5	5000.0
9.37034400750014e6	3.071084254091821	697.5	-322.5	5000.0
1.0238563764135508e7	2.5535865288028887	-337.5	-37.5	5000.0
1.0238563814984882e7	1.1234180824996152	-262.5	-112.5	5000.0
1.0238587714600682e7	0.8265322089349247	142.5	307.5	5000.0
1.0238587714600682e7	1.2662428770386345	22.5	397.5	5000.0
1.0238587714600682e7	1.7238644273814832	22.5	262.5	5000.0
1.0238587714600682e7	1.3052468414803802	-112.5	397.5	5000.0
1.0238587714600682e7	1.6849088172366145	-97.5	262.5	5000.0
1.0238587714600682e7	1.9615950556218493	-232.5	307.5	5000.0
1.104914283235724e7	3.1884297035178064	-352.5	7.5	5000.0
1.1915127739568394e7	2.4926363731620107	-367.5	-127.5	5000.0
1.2582655210973607e7	3.318432238370503	-382.5	-112.5	5000.0
1.2582856528703943e7	2.415427205640743	652.5	-262.5	5000.0
1.3642432506176868e7	2.6668903327240137	-382.5	-112.5	5000.0
1.4444287799170736e7	0.7813061780853635	-382.5	172.5	5000.0
1.4444287799170736e7	3.21149404710318	-502.5	142.5	5000.0
1.4447250944086758e7	2.7895994784848988	652.5	-472.5	5000.0
1.5423736246915542e7	2.7001156592784255	-382.5	-112.5	5000.0
1.6458582015301593e7	0.7273114945611153	-142.5	-397.5	5000.0
1.6458582015301593e7	3.3616271088992007	-232.5	-352.5	5000.0
1.75221869856786e7	2.1545411573101028	-382.5	-127.5	5000.0
1.7522197457462396e7	2.511947548263555	-217.5	-367.5	5000.0
1.8396485066557486e7	3.133045840214534	-382.5	-127.5	5000.0
1.9488429805417236e7	2.0177334694528093	787.5	-247.5	5000.0
1.9488429805417236e7	3.010276300560195	652.5	-262.5	5000.0
1.9488483650731366e7	2.8748548487173253	-142.5	-397.5	5000.0
1.948856226038074e7	3.052480498773692	-652.5	-397.5	5000.0
2.0505420341968533e7	3.116287786820513	-142.5	-397.5	5000.0
2.0505421368569873e7	1.6831587305903344	-442.5	-112.5	5000.0
2.1454210921734467e7	0.7636218108126229	-202.5	-397.5	5000.0
2.1454210921734467e7	2.080120669730254	-142.5	-517.5	5000.0
2.145424462896721e7	1.4341138026902744	-457.5	-82.5	5000.0
2.2080078991743386e7	2.80497924114414	-502.5	7.5	5000.0
2.2089575902815897e7	1.3052353799733705	712.5	-307.5	5000.0
2.3216546470297374e7	3.3196084240585364	-487.5	-37.5	5000.0
2.321654675380291e7	2.044292807602215	-142.5	-472.5	5000.0
2.321815708796954e7	2.602611764165863	787.5	-247.5	5000.0
2.4572198284969132e7	2.571938987471846	-502.5	7.5	5000.0
2.4572201378656834e7	1.9560389131283398	-262.5	-397.5	5000.0
2.4572201378656834e7	1.7322683285293483	-142.5	-517.5	5000.0
2.5595381571156513e7	3.085149918992721	-502.5	262.5	5000.0
