841202.7134400869	2.2690359862797442	952.5	-247.5	5000.0
4.834425525498363e6	3.7490963022526835	-637.5	322.5	5000.0
4.834427355378338e6	2.4557097157824708	-787.5	-1012.5	5000.0
1.4905887799262721e7	3.6611188495866807	22.5	262.5	5000.0
1.490589170000884e7	2.4096112943649324	-112.5	907.5	5000.0
2.4254935228485484e7	2.0786437656044456	22.5	262.5	5000.0
2.4254935228485484e7	3.600736208352411	-82.5	292.5	5000.0
2.4254940745778818e7	1.6239719900916494	22.5	922.5	5000.0
2.4254940745778818e7	2.2863231007123233	-112.5	922.5	5000.0
2.425494080708732e7	1.3432131759207568	-787.5	-742.5	5000.0
3.351886661875591e7	1.4111251281503432	22.5	397.5	5000.0
3.351886661875591e7	2.3236110177440907	22.5	262.5	5000.0
3.351886661875591e7	3.6841926363038695	-97.5	292.5	5000.0
3.3518868481045727e7	2.6350089296484085	-787.5	-1012.5	5000.0
4.232017721053839e7	1.6004366906986138	22.5	262.5	5000.0
4.232017721053839e7	3.563638156769026	-82.5	292.5	5000.0
4.23201839395122e7	2.202595884153743	-97.5	922.5	5000.0
5.047340613491465e7	3.650912428237407	-82.5	292.5	5000.0
5.047340619924241e7	1.726242236227872	22.5	262.5	5000.0
5.86890422728722e7	3.5333065997577378	37.5	232.5	5000.0
6.64914999082692e7	1.7983180212568826	22.5	262.5	5000.0
6.64914999082692e7	3.622917923548055	-97.5	262.5	5000.0
6.6491504919046804e7	2.2844867583159876	-97.5	922.5	5000.0
7.422833177585664e7	3.5007612537203365	22.5	262.5	5000.0
8.159664349593854e7	0.6853630290987489	142.5	262.5	5000.0
8.159664349593854e7	2.1594603088373283	22.5	262.5	5000.0
8.159664349593854e7	3.592189860380634	-97.5	262.5	5000.0
8.159664930541523e7	2.0197912009396704	-97.5	922.5	5000.0
8.891869310882922e7	1.1357042225809597	142.5	262.5	5000.0
8.891869310882922e7	1.7618560365661569	22.5	262.5	5000.0
8.891869310882922e7	1.583908110755497	157.5	142.5	5000.0
8.891869310882922e7	2.0469022900371954	22.5	142.5	5000.0
8.891869310882922e7	2.9868150789075485	-97.5	262.5	5000.0
8.892055040280911e7	3.199031180322334	-7.5	-232.5	5000.0
8.892055618591447e7	3.032097370134038	622.5	-412.5	5000.0
8.892055635968252e7	0.7312224510346373	652.5	-262.5	5000.0
9.369633646538848e7	1.732999958213906	22.5	262.5	5000.0
9.369633646538848e7	2.3762622468735954	-82.5	277.5	5000.0
9.369634076754452e7	2.6211404932538245	-442.5	337.5	5000.0
9.561380612847e7	3.4936583388396465	-772.5	-517.5	5000.0
1.0214850333137648e8	0.5592948096514357	142.5	262.5	5000.0
1.0214850333137648e8	2.0731187253892926	22.5	262.5	5000.0
1.0214850333137648e8	2.8180406229333848	-97.5	262.5	5000.0
1.0215256688068946e8	2.8950781360263895	967.5	-247.5	5000.0
1.021529980775593e8	3.268087634332017	-7.5	-217.5	5000.0
1.0790392820875448e8	1.9469351171938942	22.5	262.5	5000.0
1.0790392820875448e8	2.8871979071026495	-97.5	262.5	5000.0
1.0994943090094307e8	3.509892115886059	-742.5	-487.5	5000.0
1.0994943343485875e8	3.001259799958896	637.5	-262.5	5000.0
1.177853346161471e8	3.450233120561253	-607.5	262.5	5000.0
1.2530580575833444e8	2.35690713495577	-502.5	172.5	5000.0
1.2530582326759596e8	3.530757125226329	-82.5	67.5	5000.0
1.2530582455235426e8	2.6118033769292537	-622.5	-382.5	5000.0
1.2530582503445515e8	2.9356701481510292	-652.5	-907.5	5000.0
1.3302115611250065e8	3.4335159375758004	-142.5	-397.5	5000.0
1.330211562009079e8	1.5685638026358693	-7.5	-247.5	5000.0
1.396503157994816e8	3.49727813246853	-772.5	-502.5	5000.0
1.4643096877854702e8	0.8018363266402785	142.5	262.5	5000.0
1.4643096877854702e8	1.6488138902412999	22.5	262.5	5000.0
1.4643096877854702e8	1.482125905672903	157.5	127.5	5000.0
1.4643096877854702e8	1.9899684200524372	22.5	142.5	5000.0
1.4643096877854702e8	3.293115244375013	-97.5	262.5	5000.0
1.464309747457104e8	2.446141160194044	652.5	-262.5	5000.0
1.5284750948205146e8	3.5186061829164785	-772.5	-517.5	5000.0
1.5922763093427008e8	1.34344731244184	22.5	262.5	5000.0
1.5922763093427008e8	1.037032526041737	157.5	127.5	5000.0
1.5922763093427008e8	1.750448412496586	22.5	142.5	5000.0
1.5922763093427008e8	2.2030521485174206	-97.5	262.5	5000.0
1.5922763901595157e8	1.7049841514368136	-502.5	262.5	5000.0
1.5922763901595157e8	2.479960626086541	-607.5	262.5	5000.0
1.5923107166487184e8	1.4370432660123715	-7.5	-127.5	5000.0
1.5923115252123293e8	2.1778041075143038	-232.5	-397.5	5000.0
1.5923115261098334e8	1.2226727197213438	-7.5	-382.5	5000.0
1.5923115261098334e8	1.7424294087976513	-142.5	-517.5	5000.0
1.5923115261098334e8	1.8216868206674388	-262.5	-517.5	5000.0
1.5923115261098334e8	3.048475215931132	-367.5	-367.5	5000.0
1.62618954338464e8	1.465883506124025	787.5	-502.5	5000.0
1.62618954338464e8	2.7418941809486412	682.5	-502.5	5000.0
1.6633516122988918e8	3.4834483815548034	-7.5	-217.5	5000.0
1.705084246538518e8	1.6741662022044597	787.5	-517.5	5000.0
1.705084246538518e8	2.715446970413067	652.5	-472.5	5000.0
1.7311138237263224e8	1.0575695404299392	22.5	262.5	5000.0
1.7311138237263224e8	0.7331628602015764	157.5	127.5	5000.0
1.7311138237263224e8	1.577037558058367	22.5	142.5	5000.0
1.7311138237263224e8	1.7118905806585414	-82.5	142.5	5000.0
1.7311138237263224e8	3.265942050683176	-112.5	22.5	5000.0
