2.4294893639328368e7	3.087432280635889	952.5	-367.5	5000.0
3.1701934473465387e7	3.7373026885783767	-1012.5	-202.5	5000.0
7.557491234345704e7	1.2682801029169195	922.5	-112.5	5000.0
7.557491234345704e7	2.7350069412339786	922.5	-247.5	5000.0
7.5574957248606e7	2.8806380119005497	922.5	-742.5	5000.0
1.1359187861939931e8	2.7902658136504876	-1042.5	-517.5	5000.0
1.2160580472113597e8	2.1874170774042105	937.5	-247.5	5000.0
1.3168550704403651e8	3.6953696253863177	-592.5	352.5	5000.0
1.3168551153359509e8	2.467446482312005	-112.5	922.5	5000.0
1.9692269275597876e8	2.5126257055478995	937.5	-247.5	5000.0
2.0862668509732303e8	2.564248742428942	922.5	-742.5	5000.0
2.134294179972487e8	3.5703483553284365	-1027.5	-592.5	5000.0
2.134294271872858e8	3.0552042797727474	652.5	-262.5	5000.0
2.1342949527560377e8	1.043904411797025	22.5	922.5	5000.0
2.1342949527560377e8	2.3002001271351857	-112.5	922.5	5000.0
2.8026904447659785e8	3.0769106505223505	922.5	-247.5	5000.0
2.803339367678124e8	1.3506200631399803	-142.5	-697.5	5000.0
2.803339367678124e8	2.282177110689451	-217.5	-772.5	5000.0
3.0312570179860055e8	3.6525721855475353	-1027.5	-502.5	5000.0
3.0312571048728424e8	2.348734554784336	-112.5	922.5	5000.0
3.4142834793231255e8	3.0732783101572494	952.5	-247.5	5000.0
3.841131148466164e8	2.708659971173123	-1012.5	-517.5	5000.0
4.008668822518461e8	3.7341293366179777	-637.5	292.5	5000.0
4.645172552871394e8	2.472264233986575	922.5	-247.5	5000.0
4.6455067279366297e8	0.8396455017188309	922.5	-772.5	5000.0
4.6455067279366297e8	1.7612625057290134	847.5	-682.5	5000.0
4.847438321623866e8	3.6695998337544906	-997.5	-517.5	5000.0
4.8474384936674315e8	2.3780265763847175	-112.5	922.5	5000.0
5.575551521569974e8	3.0571180937444864	922.5	-727.5	5000.0
5.592631257851251e8	2.720528726923869	-1012.5	-562.5	5000.0
5.725752702005496e8	3.5800035575134843	-622.5	307.5	5000.0
5.725752802792369e8	2.378888282005942	-112.5	922.5	5000.0
6.147338239345565e8	2.7461159882449713	922.5	-232.5	5000.0
6.1478434963474e8	1.7677698121160457	922.5	-652.5	5000.0
6.1478434963474e8	1.7837056809788585	922.5	-772.5	5000.0
6.1478434963474e8	2.775805383818811	802.5	-742.5	5000.0
6.469469693753608e8	1.3636643669272328	-907.5	-517.5	5000.0
6.469469693753608e8	3.128955918470897	-1027.5	-517.5	5000.0
6.469536726838601e8	1.2473893421237439	-112.5	-637.5	5000.0
6.469536726838601e8	2.6172663976723833	-142.5	-742.5	5000.0
6.655314739088354e8	2.758856313481978	952.5	-247.5	5000.0
6.656779956580861e8	1.5773725352181127	862.5	-697.5	5000.0
6.671706788603562e8	3.487645225724755	67.5	172.5	5000.0
6.671707266027495e8	2.2214341341201376	-97.5	952.5	5000.0
6.936638516484699e8	3.074822337206727	922.5	-607.5	5000.0
6.93788032898252e8	2.144490693281888	-142.5	-682.5	5000.0
7.285926160315508e8	3.182250396733565	-1027.5	-517.5	5000.0
7.285927506130135e8	2.8122398714854584	-82.5	-442.5	5000.0
7.58046930134146e8	2.724952344891791	952.5	-247.5	5000.0
7.616961916350297e8	3.4628138164178375	-637.5	322.5	5000.0
7.616962286938528e8	2.289941320676602	-112.5	922.5	5000.0
7.617682875977964e8	2.7653902094600014	727.5	-547.5	5000.0
7.617836742356498e8	2.4584325185281735	-142.5	-742.5	5000.0
7.99802406447383e8	2.689294984620003	937.5	-232.5	5000.0
7.998980680753903e8	3.0973892509197505	-1012.5	-517.5	5000.0
8.003067268717879e8	1.9334998023900336	922.5	-772.5	5000.0
8.503599260516757e8	3.113405875839925	922.5	-607.5	5000.0
8.503665122093762e8	1.6272414826580028	-7.5	-637.5	5000.0
8.503665122093762e8	1.6967039515882583	-142.5	-517.5	5000.0
8.503665122093762e8	2.209436005110536	-142.5	-637.5	5000.0
8.503665122093762e8	3.6885874462845174	-142.5	-742.5	5000.0
8.503665165086393e8	1.4007420515954898	22.5	922.5	5000.0
9.119482448170933e8	3.0674096394117534	922.5	-247.5	5000.0
9.460233449230512e8	3.659664626866315	-1027.5	-517.5	5000.0
9.460233523875748e8	2.382260317952916	-112.5	922.5	5000.0
9.812625685669717e8	1.6799486022054768	922.5	-247.5	5000.0
9.812625685669717e8	3.080342287792862	937.5	-382.5	5000.0
1.0268697048204395e9	2.698805222511318	-1027.5	-502.5	5000.0
1.0416909403424566e9	3.7176659831552015	-637.5	262.5	5000.0
1.105126830994079e9	2.4590575952063447	922.5	-247.5	5000.0
1.1256409024082325e9	1.2440841284726964	-907.5	-517.5	5000.0
1.1256409024082325e9	3.6815228262421065	-1012.5	-517.5	5000.0
1.1256409183255568e9	1.3242990472315068	22.5	922.5	5000.0
1.1256409183255568e9	2.3827867818408683	-112.5	922.5	5000.0
1.193849811774447e9	2.5313105610659163	-1012.5	-472.5	5000.0
1.195068611611632e9	2.6722470660840023	922.5	-247.5	5000.0
1.1950707848553727e9	2.851756544636931	922.5	-772.5	5000.0
1.2255298002715418e9	3.692075458570116	-622.5	322.5	5000.0
1.2470305139140499e9	1.3166168715648265	997.5	-742.5	5000.0
1.2470305140108347e9	0.7185147685205706	922.5	-652.5	5000.0
1.2470305140108347e9	1.5953587176498836	817.5	-712.5	5000.0
1.2827759474105697e9	3.1157888633048345	997.5	-487.5	5000.0
1.2999052631188595e9	2.236408953026993	-1027.5	-517.5	5000.0
1.2999052853459225e9	2.4452384132356912	-922.5	-742.5	5000.0
1.3005322592309978e9	2.216906000204529	-142.5	-637.5	5000.0
1.3358347565347052e9	3.7670204898436466	-142.5	-502.5	5000.0
1.4004059823113892e9	2.481702117448369	922.5	-247.5	5000.0
1.4218560852829642e9	3.673681221384541	-1012.5	-517.5	5000.0
1.4218561891568394e9	2.4118896463003536	-112.5	922.5	5000.0
1.4849086572860057e9	2.4382475264880163	922.5	-247.5	5000.0
1.4849287488650393e9	1.954109717283001	922.5	-772.5	5000.0
1.4997001151369493e9	2.471112941106265	-997.5	-202.5	5000.0
1.5168275100539217e9	3.7343193025658485	-637.5	292.5	5000.0
1.5168275148452184e9	2.4798869916085167	-112.5	922.5	5000.0
1.5794518537680511e9	2.4442902833050284	922.5	-232.5	5000.0
1.604470363297177e9	3.6968356848559893	-1012.5	-517.5	5000.0
1.6044703733782442e9	2.4042676098793003	-112.5	922.5	5000.0
1.6669602540221977e9	2.377477684458112	922.5	-247.5	5000.0
1.6879060918890104e9	3.674820908136546	-997.5	-517.5	5000.0
1.6879061004115644e9	1.8551014252261844	652.5	-262.5	5000.0
1.6879061085209062e9	1.0505274104001276	22.5	922.5	5000.0
1.6879061085209062e9	2.396795280813045	-112.5	922.5	5000.0
1.7504401005028722e9	2.4190667214700574	922.5	-247.5	5000.0
1.7504778511720126e9	0.4729105088779993	922.5	-652.5	5000.0
1.7504778511720126e9	1.7878344971090978	922.5	-772.5	5000.0
1.7704405714376435e9	3.6653281711465255	-1027.5	-517.5	5000.0
1.770440579791193e9	1.836710838565298	652.5	-262.5	5000.0
1.7704405889452145e9	0.9428846004686046	22.5	922.5	5000.0
1.7704405889452145e9	2.393711176575541	-112.5	922.5	5000.0
1.8340534473334496e9	2.4972001500851575	952.5	-247.5	5000.0
1.8340682146812298e9	0.7071847564925827	922.5	-652.5	5000.0
1.8340682146812298e9	1.9763029738072244	922.5	-772.5	5000.0
1.850481413271836e9	3.5714655647415676	-1042.5	-517.5	5000.0
1.8504814216932085e9	3.2618909448584383	622.5	-262.5	5000.0
1.8504814344837303e9	1.4913785197935674	22.5	922.5	5000.0
1.8504814344837303e9	2.345516685761247	-112.5	922.5	5000.0
1.9146455602880826e9	2.541280242342894	952.5	-247.5	5000.0
1.914650747381727e9	0.7960070702229096	922.5	-652.5	5000.0
1.914650747381727e9	2.101726610451083	922.5	-772.5	5000.0
1.932258204001996e9	1.882372818333258	-907.5	-652.5	5000.0
1.932258204001996e9	3.6758336700846015	-1042.5	-652.5	5000.0
1.932258204001996e9	1.9562415615443136	-922.5	-787.5	5000.0
1.932258204001996e9	2.5340461883730128	-1042.5	-757.5	5000.0
1.932258216242559e9	2.3871729614792314	-97.5	922.5	5000.0
1.9322582163673353e9	1.4382710983341351	22.5	922.5	5000.0
2.008418252553512e9	3.0773637066445487	922.5	-247.5	5000.0
2.0085003955375707e9	2.7160377451201185	-1012.5	-502.5	5000.0
2.0085067074364526e9	2.2440027609932707	-142.5	-697.5	5000.0
2.028198046148648e9	3.6355222747785305	-637.5	277.5	5000.0
2.0614672161096027e9	2.7155606316357677	937.5	-247.5	5000.0
2.0615661677412126e9	2.8024296723212436	922.5	-742.5	5000.0
2.1093713055621388e9	3.6676155740080305	-1042.5	-592.5	5000.0
2.1093713055621388e9	2.704492500407561	-922.5	-727.5	5000.0
2.109371324116292e9	1.4956197796399924	22.5	922.5	5000.0
2.109371324116292e9	2.0748490450866357	-112.5	922.5	5000.0
2.109371324116292e9	2.2593916369948537	-217.5	922.5	5000.0
2.180204977292285e9	3.0383354714451287	922.5	-247.5	5000.0
2.1815272683312235e9	1.4702666562166868	-1012.5	-607.5	5000.0
2.1815272683312235e9	2.6939865093171975	-922.5	-787.5	5000.0
2.2051844534413486e9	1.1783026647512063	-142.5	-637.5	5000.0
2.2051844534413486e9	1.5526734205712789	-142.5	-772.5	5000.0
2.2051844534413486e9	1.6514408996930026	-247.5	-772.5	5000.0
2.210597681058658e9	3.6590787016835122	-682.5	262.5	5000.0
2.2297153868320284e9	1.719875353520339	922.5	-757.5	5000.0
2.2487044908129134e9	1.7658995561917206	922.5	-247.5	5000.0
2.2487044908129134e9	3.0779811202982508	967.5	-352.5	5000.0
2.300777654640084e9	3.7110775450635827	-1027.5	-517.5	5000.0
2.3007776611200466e9	2.0770050295933857	-112.5	922.5	5000.0
2.3007776612605987e9	1.3222861660610608	22.5	922.5	5000.0
2.3007776612605987e9	2.3243888792590233	-217.5	922.5	5000.0
2.365585828494034e9	2.4959910601935698	922.5	-247.5	5000.0
2.3852291183263984e9	3.687318636848341	-997.5	-532.5	5000.0
2.3852291315304317e9	0.7437306389098582	22.5	907.5	5000.0
2.3852291315304317e9	2.4134886128585684	-112.5	922.5	5000.0
2.4480247427563677e9	2.412490559447209	922.5	-232.5	5000.0
2.448037366450148e9	1.0481839191833184	922.5	-652.5	5000.0
2.448037366450148e9	1.5379919570974678	922.5	-772.5	5000.0
2.448037366450148e9	1.893537574459818	817.5	-712.5	5000.0
2.4680205355269403e9	3.5766586373885687	-1027.5	-517.5	5000.0
2.4680205425204043e9	3.3116362292400026	652.5	-262.5	5000.0
2.4680205519564757e9	2.396743618145075	-112.5	922.5	5000.0
2.540147197484809e9	3.066215535930258	922.5	-247.5	5000.0
2.5421815689420094e9	2.7558109240885797	-997.5	-547.5	5000.0
2.554854815531531e9	3.5662313317055307	-637.5	262.5	5000.0
2.5548548289773684e9	2.0799177312608434	-112.5	922.5	5000.0
2.554854829081956e9	2.1985423234276085	-217.5	922.5	5000.0
2.5806764578533387e9	1.9810487697631427	-1012.5	-502.5	5000.0
2.580676843891357e9	2.259671434580941	-922.5	-772.5	5000.0
2.593729721781104e9	2.6759325138935353	937.5	-247.5	5000.0
2.5937301934363256e9	0.9445456289213597	922.5	-652.5	5000.0
2.5937301934363256e9	2.1770619630265187	922.5	-772.5	5000.0
2.5937302998101187e9	1.4210312435811747	832.5	-592.5	5000.0
2.5937302998901453e9	2.7322780158464965	727.5	-547.5	5000.0
2.641838122856635e9	3.7152296237107443	-1027.5	-457.5	5000.0
2.641838127601738e9	2.460395476660248	-112.5	922.5	5000.0
2.7068910478641715e9	2.4859401290538408	937.5	-247.5	5000.0
2.7247286409138207e9	1.0168153546869891	922.5	-652.5	5000.0
2.7247286409138207e9	2.982751805477598	922.5	-757.5	5000.0
2.724796132776414e9	1.4981276133441916	-142.5	-637.5	5000.0
2.724796132776414e9	2.3212660490782056	-142.5	-772.5	5000.0
2.725013772672892e9	1.6206421503994466	-922.5	-787.5	5000.0
2.725013772672892e9	3.609404720191057	-1042.5	-742.5	5000.0
2.725013784311874e9	2.400083189408516	-112.5	922.5	5000.0
2.7250137855813856e9	2.280687614396031	922.5	-112.5	5000.0
2.7786083450271425e9	3.0629830258675717	922.5	-247.5	5000.0
2.7951779741698594e9	2.0614408426305686	-1027.5	-502.5	5000.0
2.795178135798263e9	2.2072672974411085	-922.5	-787.5	5000.0
2.822754517615843e9	2.3588492653343245	-142.5	-487.5	5000.0
2.8232191086699243e9	3.6533919823303407	-1027.5	-202.5	5000.0
2.823219454377985e9	2.91033429132138	922.5	-772.5	5000.0
2.879105495203075e9	2.3922531505426967	922.5	-247.5	5000.0
2.88842475135057e9	1.7371070710078769	922.5	-772.5	5000.0
2.9098947498237147e9	3.7137402476151684	-1012.5	-517.5	5000.0
2.909894760735055e9	2.1060331563461054	-112.5	922.5	5000.0
2.9098947608526397e9	2.2782585408882157	-217.5	922.5	5000.0
2.9727431164103646e9	2.4726147089170376	922.5	-232.5	5000.0
2.972787128568835e9	1.7814929073967096	922.5	-772.5	5000.0
2.9797950543052244e9	2.0866752537766105	-1027.5	-502.5	5000.0
3.0081488662757044e9	3.109026629896006	922.5	-607.5	5000.0
3.0081881842490973e9	2.6339504871876365	-142.5	-652.5	5000.0
3.0081969120824304e9	1.4137163485769928	-787.5	-577.5	5000.0
3.0081969120824304e9	3.657800481005291	-892.5	-592.5	5000.0
3.0081969180825257e9	1.3144848410924592	22.5	922.5	5000.0
3.0602075988784857e9	2.6823466875089914	922.5	-247.5	5000.0
3.0602167565034266e9	2.811476584554994	922.5	-757.5	5000.0
3.096838723461436e9	3.6261948542548708	-1042.5	-187.5	5000.0
3.0968387549271755e9	2.3735476684336567	-112.5	922.5	5000.0
