387998.9636362444	2.3314475500316454	-112.5	7.5	5000.0
534976.3000108389	2.240345785153002	922.5	-232.5	5000.0
611063.9167050536	1.5938210229373506	-7.5	-127.5	5000.0
611063.9167050536	2.877343198138688	-112.5	-112.5	5000.0
1.0856144882766465e6	1.1811055773661394	-7.5	-127.5	5000.0
1.0856144882766465e6	3.637801476703404	-127.5	-112.5	5000.0
1.5417397859559318e6	2.1167490869452066	-97.5	-127.5	5000.0
1.541743624234207e6	2.129641919559763	52.5	142.5	5000.0
1.8962154237841973e6	2.837558232571046	-127.5	-97.5	5000.0
2.359770100515611e6	1.522364723039394	-7.5	-127.5	5000.0
2.359770100515611e6	2.153818372758208	-127.5	-127.5	5000.0
2.359786646744299e6	1.8405968214571604	82.5	172.5	5000.0
2.667882507718929e6	1.0380697842499345	142.5	262.5	5000.0
2.667882507718929e6	1.322635855667708	22.5	262.5	5000.0
2.667882507718929e6	1.604297017211837	157.5	127.5	5000.0
2.667882507718929e6	3.128119615751794	22.5	142.5	5000.0
3.2011995587115875e6	2.282103721728807	-202.5	-97.5	5000.0
3.2012096327380002e6	0.8541884208317931	157.5	172.5	5000.0
3.2012096327380002e6	2.244016737044486	22.5	187.5	5000.0
3.583037649815564e6	2.8309073946713332	-247.5	7.5	5000.0
4.1770111038107015e6	3.3853799195459247	-247.5	-97.5	5000.0
4.177043429066989e6	2.099174990858129	652.5	-262.5	5000.0
4.738975122207654e6	2.015931353697424	-247.5	-52.5	5000.0
4.7390782308673505e6	1.981521532337215	157.5	202.5	5000.0
5.13008346993168e6	2.7959840185166875	-262.5	-97.5	5000.0
5.789944200609659e6	3.0903446252263813	-262.5	-37.5	5000.0
6.630039027838116e6	2.597254540915634	-262.5	-97.5	5000.0
6.639583674172741e6	1.720540020923399	787.5	-247.5	5000.0
6.639583674172741e6	2.634291188694135	652.5	-262.5	5000.0
7.04422654903949e6	3.458828618704377	-262.5	-127.5	5000.0
7.800371809147884e6	1.4415182914534188	22.5	277.5	5000.0
7.800371809147884e6	2.066007445462494	-97.5	262.5	5000.0
7.800389723600212e6	2.1266276719525194	-247.5	7.5	5000.0
8.352038006148216e6	0.7134606215845226	-247.5	7.5	5000.0
8.352038006148216e6	2.923447052113424	-367.5	7.5	5000.0
9.11017511863368e6	1.0184593998853881	22.5	397.5	5000.0
9.11017511863368e6	1.5111539851145348	22.5	262.5	5000.0
9.11017511863368e6	2.019145673507262	-97.5	262.5	5000.0
9.11019431328722e6	0.4873101072037282	-247.5	7.5	5000.0
9.11019431328722e6	2.217121934722833	-352.5	7.5	5000.0
9.60971795350025e6	3.285015501174088	-142.5	-397.5	5000.0
9.609894728345022e6	3.0270047370293924	652.5	-262.5	5000.0
1.0525383475657413e7	2.6358879255923497	-367.5	-37.5	5000.0
1.0525397442378141e7	1.0362948008132105	22.5	397.5	5000.0
1.0525397442378141e7	1.8331494978773175	22.5	262.5	5000.0
1.0525397442378141e7	1.1705903945884089	-112.5	397.5	5000.0
1.0525397442378141e7	1.7435686675426656	-97.5	262.5	5000.0
1.0525397442378141e7	2.062928726812261	-232.5	292.5	5000.0
1.1332131247564798e7	1.5793426183869375	-382.5	142.5	5000.0
1.1332131247564798e7	1.9256467707519522	-367.5	7.5	5000.0
1.1332131247564798e7	3.193634585196886	-487.5	127.5	5000.0
1.1332505773128994e7	2.0557037554130013	-637.5	277.5	5000.0
1.2210639858573677e7	2.5676581258307194	-382.5	-82.5	5000.0
1.2776055573263513e7	3.105319833018649	-367.5	7.5	5000.0
1.2780960714363923e7	1.9775116905062606	727.5	-262.5	5000.0
1.369777996438325e7	1.7732497338649036	-382.5	-127.5	5000.0
1.412602152350334e7	1.5485972206694771	-142.5	-397.5	5000.0
1.412602152350334e7	3.4621070124820448	-262.5	-397.5	5000.0
1.4126121253496032e7	2.8352655414012253	652.5	-487.5	5000.0
1.4126396988172824e7	2.158685069814615	922.5	-727.5	5000.0
1.4126875131540406e7	1.042956627133049	22.5	937.5	5000.0
1.4126875131540406e7	1.5758941345126918	-112.5	952.5	5000.0
1.5165777349575369e7	2.709308343269933	-382.5	-127.5	5000.0
1.616877830099016e7	1.394293881993151	-142.5	-397.5	5000.0
1.616877830099016e7	3.110101455462477	-262.5	-382.5	5000.0
1.7169531880945344e7	1.2232021150133185	-142.5	-397.5	5000.0
1.7169531880945344e7	2.667015188943464	-262.5	-382.5	5000.0
1.799267171727621e7	3.3081308628962005	-142.5	-397.5	5000.0
1.7992968370098114e7	3.040307902387569	667.5	-292.5	5000.0
1.923514710557484e7	0.7472521563268183	-7.5	-442.5	5000.0
1.923514710557484e7	1.6036331035901827	-142.5	-397.5	5000.0
1.923514710557484e7	2.7079914847799977	-262.5	-397.5	5000.0
1.923514710557484e7	1.8713170794753833	-142.5	-517.5	5000.0
2.009904898482318e7	1.346863365666999	-502.5	262.5	5000.0
2.009904898482318e7	3.05815437777918	-502.5	142.5	5000.0
2.103646983833037e7	2.173394298601805	-142.5	-502.5	5000.0
2.103647020454894e7	2.4621247769014403	-442.5	-97.5	5000.0
2.189383019414568e7	0.954580079821536	-142.5	-637.5	5000.0
2.189383019414568e7	2.584305255115069	-142.5	-772.5	5000.0
2.1893836725089613e7	2.102601285334073	-382.5	-127.5	5000.0
2.1893836725089613e7	3.4043840298276726	-517.5	-247.5	5000.0
2.1893943929637264e7	2.7234605816392268	652.5	-262.5	5000.0
2.325962391249624e7	2.387789448728688	-232.5	-397.5	5000.0
2.325962391249624e7	1.5217520548611698	-142.5	-502.5	5000.0
2.4079255846292734e7	1.7412309225342864	-142.5	-667.5	5000.0
2.407925593209046e7	0.6332634634862124	-142.5	-517.5	5000.0
2.4080692665470645e7	2.9214106394513806	-502.5	262.5	5000.0
2.5262376254263204e7	1.1354313043936735	-7.5	-517.5	5000.0
2.5262376254263204e7	1.3417020450757182	-7.5	-637.5	5000.0
2.5262376254263204e7	1.2601859647205522	-142.5	-397.5	5000.0
2.5262376254263204e7	1.399185873769709	-247.5	-397.5	5000.0
2.5262376254263204e7	1.7205746456925308	-142.5	-517.5	5000.0
2.5262376254263204e7	2.2258779739559196	-262.5	-517.5	5000.0
2.5262376254263204e7	1.6726575738256824	-142.5	-637.5	5000.0
2.5262376254263204e7	1.8456068663738776	-142.5	-772.5	5000.0
2.5263267350273993e7	2.47385338371978	-502.5	7.5	5000.0
2.5263270448486194e7	2.260077242539657	-637.5	-382.5	5000.0
2.5356560505515836e7	3.040137465502802	682.5	-517.5	5000.0
2.627834783846974e7	3.151606699965272	-502.5	202.5	5000.0
