9.426151995325658e6	3.7199649196094526	-592.5	337.5	5000.0
2.037172501691075e7	2.4291415560618197	37.5	232.5	5000.0
2.0371725131566953e7	3.711218640665345	-97.5	262.5	5000.0
3.144100505087446e7	1.9076570983373233	22.5	262.5	5000.0
3.144100505087446e7	2.3178412011592613	-97.5	262.5	5000.0
3.144100505087446e7	3.723500400353051	-217.5	262.5	5000.0
4.08069001854153e7	2.20236658833482	22.5	262.5	5000.0
4.08069001854153e7	3.5333597856768635	-97.5	262.5	5000.0
4.0806912128975e7	1.3705334126624262	22.5	922.5	5000.0
4.0806912128975e7	2.024083506465908	-112.5	922.5	5000.0
4.879496770932468e7	3.6238348944394367	22.5	262.5	5000.0
4.87949711623946e7	3.0029946451246246	-787.5	-907.5	5000.0
4.879497376071312e7	1.577738614033515	22.5	922.5	5000.0
4.879497376071312e7	2.2067580402000906	-112.5	922.5	5000.0
5.716971575093521e7	0.7121783991940127	142.5	262.5	5000.0
5.716971575093521e7	3.5065729373429044	22.5	262.5	5000.0
5.716972515095311e7	1.6947192162580553	-97.5	937.5	5000.0
6.490848491161229e7	3.6599962726817274	22.5	262.5	5000.0
6.490849036213437e7	1.2628400008658656	22.5	922.5	5000.0
6.490849036213437e7	2.131126702746466	-112.5	922.5	5000.0
7.271771212391321e7	1.8269993135551452	22.5	262.5	5000.0
7.271771212391321e7	3.448614299450089	-97.5	262.5	5000.0
7.271772703354083e7	1.325513129766879	22.5	922.5	5000.0
7.271772703354083e7	1.5974471599883107	-112.5	922.5	5000.0
7.959606207020319e7	3.061409968798577	-772.5	-517.5	5000.0
7.959608984216498e7	3.558086745241154	-142.5	-487.5	5000.0
7.959611390030278e7	0.9701497623591505	22.5	922.5	5000.0
7.959611390030278e7	1.4765270133445914	-97.5	952.5	5000.0
8.684738813401204e7	2.040907003937195	22.5	262.5	5000.0
8.684738813401204e7	3.0014223229398076	-97.5	262.5	5000.0
8.689044741458593e7	3.124879039677245	-142.5	-427.5	5000.0
9.047105930497724e7	2.909821411432785	667.5	-472.5	5000.0
9.21080623380659e7	0.7215478004383252	142.5	262.5	5000.0
9.21080623380659e7	2.18491973518879	22.5	262.5	5000.0
9.21080623380659e7	3.0489291277937753	-97.5	262.5	5000.0
9.434722125926179e7	3.439746774154198	-757.5	-502.5	5000.0
9.434722702265966e7	1.8204451788742009	652.5	-277.5	5000.0
9.434946668196268e7	1.6482005832050781	-502.5	277.5	5000.0
9.434946668196268e7	2.618971698356211	-622.5	307.5	5000.0
9.863240718982294e7	2.8396255352081816	712.5	-457.5	5000.0
1.0046513632899809e8	3.3824332115635123	22.5	262.5	5000.0
1.0046513632899809e8	1.2113744166028237	157.5	172.5	5000.0
1.0702519908374234e8	0.562540821263056	142.5	262.5	5000.0
1.0702519908374234e8	2.068662025134529	22.5	262.5	5000.0
1.0702519908374234e8	2.8621520995382945	-97.5	262.5	5000.0
1.0703663299763727e8	2.8750912761381557	697.5	-427.5	5000.0
1.0703682993361805e8	3.4514014466982217	-7.5	-232.5	5000.0
1.130031055352851e8	1.9869849046906058	22.5	262.5	5000.0
1.130031055352851e8	2.775708859199122	-97.5	262.5	5000.0
1.148414994395798e8	2.767494240427942	667.5	-517.5	5000.0
1.1484883313881618e8	3.263499477699914	-7.5	-217.5	5000.0
1.1484894144305356e8	1.1477073947434893	-97.5	277.5	5000.0
1.1484900363243075e8	2.3322603869762504	-622.5	277.5	5000.0
1.1975973832090475e8	2.036355692404399	22.5	262.5	5000.0
1.197597383869982e8	2.3537533991247037	-97.5	262.5	5000.0
1.2177874634713216e8	1.1611688974741423	-367.5	262.5	5000.0
1.2177874634713216e8	1.8104854325533448	-502.5	262.5	5000.0
1.2177874634713216e8	1.787437060807309	-382.5	142.5	5000.0
1.2177874634713216e8	2.2606771293419867	-502.5	127.5	5000.0
1.2177874634713216e8	1.9423633976252848	-637.5	262.5	5000.0
1.2177874634713216e8	3.5452381610451567	-742.5	262.5	5000.0
1.2177874634713216e8	2.2522292083058253	-637.5	142.5	5000.0
1.2906127307002428e8	1.349006258971638	142.5	262.5	5000.0
1.2906127307002428e8	1.7729178430504433	22.5	262.5	5000.0
1.2906127307002428e8	1.709825283099697	157.5	127.5	5000.0
1.2906127307002428e8	2.123421259288083	22.5	142.5	5000.0
1.2906127307002428e8	3.3838511379797183	-97.5	262.5	5000.0
1.3468704386785477e8	1.2948194061017944	22.5	142.5	5000.0
1.3496550616859716e8	3.4039602030697793	-772.5	-517.5	5000.0
1.3496552111305565e8	2.914338806410168	652.5	-262.5	5000.0
1.4136774557315087e8	0.6735826147379136	142.5	262.5	5000.0
1.4136774557315087e8	1.6562686364463701	22.5	262.5	5000.0
1.4136774557315087e8	1.367682123926676	157.5	142.5	5000.0
1.4136774557315087e8	1.9537390831326438	22.5	142.5	5000.0
1.4136774557315087e8	3.2979791949917137	-97.5	262.5	5000.0
1.413677514531945e8	2.1343515170726604	652.5	-262.5	5000.0
1.455185309468293e8	2.807693452161937	787.5	-472.5	5000.0
1.4714095413063726e8	3.4292069240899656	-742.5	-487.5	5000.0
1.5336782066701055e8	2.756416230623985	712.5	-487.5	5000.0
1.5338068518271968e8	1.249569030665203	22.5	262.5	5000.0
1.5338068518271968e8	1.1813215683167482	157.5	157.5	5000.0
1.5338068518271968e8	3.295733290138935	22.5	157.5	5000.0
1.5338068845440978e8	1.9305384536244243	-637.5	-382.5	5000.0
1.5972443055028102e8	1.881929299560305	22.5	142.5	5000.0
1.5972443062975746e8	2.2563198644319633	-97.5	262.5	5000.0
1.5972443521028873e8	2.5627964828723386	-502.5	262.5	5000.0
1.5972449233138564e8	3.441711783316132	-7.5	-232.5	5000.0
1.5972449465892163e8	2.385989182620134	-622.5	-127.5	5000.0
1.658162772568394e8	3.067791346284004	-7.5	-217.5	5000.0
1.690721847386563e8	2.7359147178816543	727.5	-472.5	5000.0
1.705028933341356e8	1.3748234885549013	-502.5	262.5	5000.0
1.705028933341356e8	2.0788497956856844	-607.5	262.5	5000.0
1.705258166561568e8	2.9269895410531106	-772.5	-382.5	5000.0
1.7052584022814155e8	3.16356993592445	-142.5	-517.5	5000.0
