0.10000 4.94176 2.85651 2.52586 849.00000 600.00000 0.00000 0.00000 1.00000 1.00000
0.10000 4.94259 2.85699 2.52598 849.00000 600.00000 0.00000 0.00000 1.00000 1.00000
0.10000 4.94339 2.85745 2.52610 849.00000 600.00000 0.00000 0.00000 1.00000 1.00000
0.10000 4.94416 2.85789 2.52622 849.00000 600.00000 0.00000 0.00000 1.00000 1.00000
0.10000 4.94490 2.85832 2.52633 849.00000 600.00000 0.00000 0.00000 1.00000 1.00000
0.10000 4.94561 2.85874 2.52644 849.00000 600.00000 0.00000 0.00000 1.00000 1.00000
0.10000 4.94631 2.85914 2.52655 849.00000 600.00000 0.00000 0.00000 1.00000 1.00000
0.10000 4.94700 2.85954 2.52665 849.00000 600.00000 0.00000 0.00000 1.00000 1.00000
0.10000 4.94768 2.85993 2.52675 849.00000 600.00000 0.00000 0.00000 1.00000 1.00000
0.10000 4.94835 2.86032 2.52686 849.00000 600.00000 0.00000 0.00000 1.00000 1.00000
0.10000 4.94902 2.86070 2.52696 849.00000 600.00000 0.00000 0.00000 1.00000 1.00000
0.10000 4.94969 2.86109 2.52706 849.00000 600.00000 0.00000 0.00000 1.00000 1.00000
0.10000 4.95037 2.86149 2.52716 849.00000 600.00000 0.00000 0.00000 1.00000 1.00000
0.10000 4.95106 2.86189 2.52727 849.00000 600.00000 0.00000 0.00000 1.00000 1.00000
0.10000 4.95177 2.86229 2.52737 849.00000 600.00000 0.00000 0.00000 1.00000 1.00000
0.10000 4.95250 2.86271 2.52749 849.00000 600.00000 0.00000 0.00000 1.00000 1.00000
0.10000 4.95325 2.86315 2.52760 849.00000 600.00000 0.00000 0.00000 1.00000 1.00000
0.10000 4.95403 2.86360 2.52772 849.00000 600.00000 0.00000 0.00000 1.00000 1.00000
0.10000 4.95484 2.86407 2.52784 849.00000 600.00000 0.00000 0.00000 1.00000 1.00000
0.10000 4.95568 2.86456 2.52797 849.00000 600.00000 0.00000 0.00000 1.00000 1.00000
0.10000 4.95657 2.86507 2.52810 849.00000 600.00000 0.00000 0.00000 1.00000 1.00000
0.10000 4.95750 2.86561 2.52825 849.00000 600.00000 0.00000 0.00000 1.00000 1.00000
0.10000 4.95849 2.86618 2.52840 849.00000 600.00000 0.00000 0.00000 1.00000 1.00000
0.10000 4.95952 2.86678 2.52855 849.00000 600.00000 0.00000 0.00000 1.00000 1.00000
0.10000 4.96061 2.86741 2.52872 849.00000 600.00000 0.00000 0.00000 1.00000 1.00000
0.10000 4.96177 2.86807 2.52890 849.00000 600.00000 0.00000 0.00000 1.00000 1.00000
0.10000 4.96299 2.86878 2.52908 849.00000 600.00000 0.00000 0.00000 1.00000 1.00000
0.10000 4.96428 2.86952 2.52928 849.00000 600.00000 0.00000 0.00000 1.00000 1.00000
0.10000 4.96564 2.87031 2.52949 849.00000 600.00000 0.00000 0.00000 1.00000 1.00000
0.10000 4.96708 2.87115 2.52971 849.00000 600.00000 0.00000 0.00000 1.00000 1.00000
0.10000 4.96861 2.87203 2.52994 849.00000 600.00000 0.00000 0.00000 1.00000 1.00000
0.10000 4.97022 2.87296 2.53018 849.00000 600.00000 0.00000 0.00000 1.00000 1.00000
0.10000 4.97192 2.87394 2.53044 849.00000 600.00000 0.00000 0.00000 1.00000 1.00000
0.10000 4.97372 2.87498 2.53072 849.00000 600.00000 0.00000 0.00000 1.00000 1.00000
0.10000 4.97561 2.87608 2.53101 849.00000 600.00000 0.00000 0.00000 1.00000 1.00000
0.10000 4.97761 2.87723 2.53131 849.00000 600.00000 0.00000 0.00000 1.00000 1.00000
0.10000 4.97972 2.87845 2.53164 849.00000 600.00000 0.00000 0.00000 1.00000 1.00000
0.10000 4.98194 2.87973 2.53198 849.00000 600.00000 0.00000 0.00000 1.00000 1.00000
0.10000 4.98427 2.88108 2.53233 849.00000 600.00000 0.00000 0.00000 1.00000 1.00000
0.10000 4.98673 2.88250 2.53271 849.00000 600.00000 0.00000 0.00000 1.00000 1.00000
0.10000 4.98931 2.88399 2.53311 849.00000 600.00000 0.00000 0.00000 1.00000 1.00000
0.10000 4.99202 2.88556 2.53352 849.00000 600.00000 0.00000 0.00000 1.00000 1.00000
0.10000 4.99486 2.88720 2.53396 849.00000 600.00000 0.00000 0.00000 1.00000 1.00000
0.10000 4.99784 2.88892 2.53442 849.00000 600.00000 0.00000 0.00000 1.00000 1.00000
0.10000 5.00095 2.89072 2.53490 849.00000 600.00000 0.00000 0.00000 1.00000 1.00000
0.10000 5.00422 2.89261 2.53540 849.00000 600.00000 0.00000 0.00000 1.00000 1.00000
0.10000 5.00763 2.89458 2.53593 849.00000 600.00000 0.00000 0.00000 1.00000 1.00000
0.10000 5.01120 2.89665 2.53648 849.00000 600.00000 0.00000 0.00000 1.00000 1.00000
0.10000 5.01492 2.89880 2.53705 849.00000 600.00000 0.00000 0.00000 1.00000 1.00000
0.10000 5.01881 2.90105 2.53765 849.00000 600.00000 0.00000 0.00000 1.00000 1.00000
0.10000 5.02286 2.90339 2.53828 849.00000 600.00000 0.00000 0.00000 1.00000 1.00000
0.10000 5.02709 2.90583 2.53894 849.00000 600.00000 0.00000 0.00000 1.00000 1.00000
0.10000 5.03149 2.90838 2.53962 849.00000 600.00000 0.00000 0.00000 1.00000 1.00000
0.10000 5.03608 2.91103 2.54033 849.00000 600.00000 0.00000 0.00000 1.00000 1.00000
0.10000 5.04087 2.91380 2.54108 849.00000 600.00000 0.00000 0.00000 1.00000 1.00000
0.10000 5.04585 2.91668 2.54186 849.00000 600.00000 0.00000 0.00000 1.00000 1.00000
0.10000 5.05105 2.91968 2.54267 849.00000 600.00000 0.00000 0.00000 1.00000 1.00000
0.10000 5.05646 2.92281 2.54351 849.00000 600.00000 0.00000 0.00000 1.00000 1.00000
0.10000 5.06209 2.92606 2.54440 849.00000 600.00000 0.00000 0.00000 1.00000 1.00000
0.10000 5.06795 2.92945 2.54532 849.00000 600.00000 0.00000 0.00000 1.00000 1.00000
0.10000 5.07406 2.93298 2.54627 849.00000 600.00000 0.00000 0.00000 1.00000 1.00000
0.10000 5.08040 2.93665 2.54727 849.00000 600.00000 0.00000 0.00000 1.00000 1.00000
0.10000 5.08700 2.94046 2.54831 849.00000 600.00000 0.00000 0.00000 1.00000 1.00000
0.10000 5.09386 2.94443 2.54940 849.00000 600.00000 0.00000 0.00000 1.00000 1.00000
0.10000 5.10099 2.94855 2.55053 849.00000 600.00000 0.00000 0.00000 1.00000 1.00000
0.10000 5.10839 2.95283 2.55170 849.00000 600.00000 0.00000 0.00000 1.00000 1.00000
0.10000 5.11607 2.95727 2.55293 849.00000 600.00000 0.00000 0.00000 1.00000 1.00000
0.10000 5.12404 2.96187 2.55420 849.00000 600.00000 0.00000 0.00000 1.00000 1.00000
0.10000 5.13231 2.96665 2.55552 849.00000 600.00000 0.00000 0.00000 1.00000 1.00000
0.10000 5.14088 2.97161 2.55689 849.00000 600.00000 0.00000 0.00000 1.00000 1.00000
0.10000 5.14977 2.97674 2.55832 849.00000 600.00000 0.00000 0.00000 1.00000 1.00000
0.10000 5.15895 2.98205 2.55980 849.00000 600.00000 0.00000 0.00000 1.00000 1.00000
0.10000 5.16841 2.98752 2.56133 849.00000 600.00000 0.00000 0.00000 1.00000 1.00000
0.10000 5.17812 2.99313 2.56291 849.00000 600.00000 0.00000 0.00000 1.00000 1.00000
0.10000 5.18806 2.99888 2.56452 849.00000 600.00000 0.00000 0.00000 1.00000 1.00000
0.10000 5.19819 3.00474 2.56618 849.00000 600.00000 0.00000 0.00000 1.00000 1.00000
0.10000 5.20851 3.01070 2.56787 849.00000 600.00000 0.00000 0.00000 1.00000 1.00000
0.10000 5.21897 3.01674 2.56959 849.00000 600.00000 0.00000 0.00000 1.00000 1.00000
0.10000 5.22955 3.02286 2.57133 849.00000 600.00000 0.00000 0.00000 1.00000 1.00000
0.10000 5.24023 3.02904 2.57310 849.00000 600.00000 0.00000 0.00000 1.00000 1.00000
0.10000 5.25099 3.03525 2.57488 849.00000 600.00000 0.00000 0.00000 1.00000 1.00000
0.10000 5.26179 3.04150 2.57668 849.00000 600.00000 0.00000 0.00000 1.00000 1.00000
0.10000 5.27261 3.04775 2.57849 849.00000 600.00000 0.00000 0.00000 1.00000 1.00000
0.10000 5.28343 3.05401 2.58031 849.00000 600.00000 0.00000 0.00000 1.00000 1.00000
0.10000 5.29422 3.06024 2.58212 849.00000 600.00000 0.00000 0.00000 1.00000 1.00000
0.10000 5.30496 3.06645 2.58394 849.00000 600.00000 0.00000 0.00000 1.00000 1.00000
0.10000 5.31561 3.07261 2.58574 849.00000 600.00000 0.00000 0.00000 1.00000 1.00000
0.10000 5.32616 3.07870 2.58754 849.00000 600.00000 0.00000 0.00000 1.00000 1.00000
0.10000 5.33658 3.08473 2.58932 849.00000 600.00000 0.00000 0.00000 1.00000 1.00000
0.10000 5.34684 3.09066 2.59107 849.00000 600.00000 0.00000 0.00000 1.00000 1.00000
0.10000 5.35692 3.09648 2.59281 849.00000 600.00000 0.00000 0.00000 1.00000 1.00000
0.10000 5.36680 3.10220 2.59451 849.00000 600.00000 0.00000 0.00000 1.00000 1.00000
0.10000 5.37650 3.10781 2.59619 849.00000 600.00000 0.00000 0.00000 1.00000 1.00000
0.10000 5.38603 3.11331 2.59784 849.00000 600.00000 0.00000 0.00000 1.00000 1.00000
0.10000 5.39537 3.11871 2.59947 849.00000 600.00000 0.00000 0.00000 1.00000 1.00000
0.10000 5.40455 3.12402 2.60108 849.00000 600.00000 0.00000 0.00000 1.00000 1.00000
0.10000 5.41357 3.12923 2.60266 849.00000 600.00000 0.00000 0.00000 1.00000 1.00000
0.10000 5.42244 3.13436 2.60421 849.00000 600.00000 0.00000 0.00000 1.00000 1.00000
0.10000 5.43115 3.13939 2.60575 849.00000 600.00000 0.00000 0.00000 1.00000 1.00000
0.10000 5.43972 3.14435 2.60727 849.00000 600.00000 0.00000 0.00000 1.00000 1.00000
0.10000 5.44815 3.14922 2.60876 849.00000 600.00000 0.00000 0.00000 1.00000 1.00000
0.10000 5.45645 3.15402 2.61024 849.00000 600.00000 0.00000 0.00000 1.00000 1.00000
0.10000 5.46463 3.15875 2.61170 849.00000 600.00000 0.00000 0.00000 1.00000 1.00000
0.10000 5.47269 3.16340 2.61314 849.00000 600.00000 0.00000 0.00000 1.00000 1.00000
0.10000 5.48063 3.16800 2.61456 849.00000 600.00000 0.00000 0.00000 1.00000 1.00000
0.10000 5.48847 3.17253 2.61597 849.00000 600.00000 0.00000 0.00000 1.00000 1.00000
0.10000 5.49621 3.17700 2.61737 849.00000 600.00000 0.00000 0.00000 1.00000 1.00000
0.10000 5.50385 3.18142 2.61875 849.00000 600.00000 0.00000 0.00000 1.00000 1.00000
0.10000 5.51140 3.18578 2.62012 849.00000 600.00000 0.00000 0.00000 1.00000 1.00000
0.10000 5.51888 3.19010 2.62147 849.00000 600.00000 0.00000 0.00000 1.00000 1.00000
0.10000 5.52627 3.19438 2.62282 849.00000 600.00000 0.00000 0.00000 1.00000 1.00000
0.10000 5.53360 3.19861 2.62416 849.00000 600.00000 0.00000 0.00000 1.00000 1.00000
0.10000 5.54086 3.20281 2.62549 849.00000 600.00000 0.00000 0.00000 1.00000 1.00000
0.10000 5.54806 3.20697 2.62681 849.00000 600.00000 0.00000 0.00000 1.00000 1.00000
0.10000 5.55521 3.21110 2.62812 849.00000 600.00000 0.00000 0.00000 1.00000 1.00000
0.10000 5.56231 3.21521 2.62944 849.00000 600.00000 0.00000 0.00000 1.00000 1.00000
0.10000 5.56938 3.21929 2.63074 849.00000 600.00000 0.00000 0.00000 1.00000 1.00000
0.10000 5.57641 3.22336 2.63204 849.00000 600.00000 0.00000 0.00000 1.00000 1.00000
0.10000 5.58341 3.22741 2.63335 849.00000 600.00000 0.00000 0.00000 1.00000 1.00000
0.10000 5.59039 3.23144 2.63465 849.00000 600.00000 0.00000 0.00000 1.00000 1.00000
0.10000 5.59736 3.23547 2.63595 849.00000 600.00000 0.00000 0.00000 1.00000 1.00000
0.10000 5.60432 3.23949 2.63725 849.00000 600.00000 0.00000 0.00000 1.00000 1.00000
0.10000 5.61127 3.24351 2.63855 849.00000 600.00000 0.00000 0.00000 1.00000 1.00000
0.10000 5.61823 3.24753 2.63986 849.00000 600.00000 0.00000 0.00000 1.00000 1.00000
0.10000 5.62519 3.25156 2.64117 849.00000 600.00000 0.00000 0.00000 1.00000 1.00000
0.10000 5.63217 3.25559 2.64249 849.00000 600.00000 0.00000 0.00000 1.00000 1.00000
0.10000 5.63917 3.25963 2.64382 849.00000 600.00000 0.00000 0.00000 1.00000 1.00000
0.10000 5.64618 3.26369 2.64515 849.00000 600.00000 0.00000 0.00000 1.00000 1.00000
0.10000 5.65322 3.26775 2.64649 849.00000 600.00000 0.00000 0.00000 1.00000 1.00000
0.10000 5.66026 3.27183 2.64783 849.00000 600.00000 0.00000 0.00000 1.00000 1.00000
0.10000 5.66733 3.27591 2.64918 849.00000 600.00000 0.00000 0.00000 1.00000 1.00000
0.10000 5.67441 3.28001 2.65054 849.00000 600.00000 0.00000 0.00000 1.00000 1.00000
0.10000 5.68151 3.28411 2.65191 849.00000 600.00000 0.00000 0.00000 1.00000 1.00000
0.10000 5.68863 3.28822 2.65328 849.00000 600.00000 0.00000 0.00000 1.00000 1.00000
0.10000 5.69576 3.29235 2.65465 849.00000 600.00000 0.00000 0.00000 1.00000 1.00000
0.10000 5.70290 3.29648 2.65604 849.00000 600.00000 0.00000 0.00000 1.00000 1.00000
0.10000 5.71006 3.30062 2.65743 849.00000 600.00000 0.00000 0.00000 1.00000 1.00000
0.10000 5.71724 3.30476 2.65882 849.00000 600.00000 0.00000 0.00000 1.00000 1.00000
0.10000 5.72443 3.30892 2.66023 849.00000 600.00000 0.00000 0.00000 1.00000 1.00000
0.10000 5.73164 3.31309 2.66163 849.00000 600.00000 0.00000 0.00000 1.00000 1.00000
0.10000 5.73886 3.31726 2.66305 849.00000 600.00000 0.00000 0.00000 1.00000 1.00000
0.10000 5.74609 3.32144 2.66447 849.00000 600.00000 0.00000 0.00000 1.00000 1.00000
0.10000 5.75334 3.32563 2.66590 849.00000 600.00000 0.00000 0.00000 1.00000 1.00000
0.10000 5.76060 3.32983 2.66733 849.00000 600.00000 0.00000 0.00000 1.00000 1.00000
0.10000 5.76787 3.33403 2.66877 849.00000 600.00000 0.00000 0.00000 1.00000 1.00000
0.10000 5.77516 3.33824 2.67022 849.00000 600.00000 0.00000 0.00000 1.00000 1.00000
0.10000 5.78246 3.34246 2.67167 849.00000 600.00000 0.00000 0.00000 1.00000 1.00000
0.10000 5.78977 3.34669 2.67313 849.00000 600.00000 0.00000 0.00000 1.00000 1.00000
0.10000 5.79709 3.35092 2.67459 849.00000 600.00000 0.00000 0.00000 1.00000 1.00000
0.10000 5.80443 3.35516 2.67606 849.00000 600.00000 0.00000 0.00000 1.00000 1.00000
0.10000 5.81177 3.35941 2.67754 849.00000 600.00000 0.00000 0.00000 1.00000 1.00000
0.10000 5.81913 3.36366 2.67902 849.00000 600.00000 0.00000 0.00000 1.00000 1.00000
0.10000 5.82650 3.36792 2.68051 849.00000 600.00000 0.00000 0.00000 1.00000 1.00000
0.10000 5.83388 3.37219 2.68201 849.00000 600.00000 0.00000 0.00000 1.00000 1.00000
0.10000 5.84127 3.37646 2.68351 849.00000 600.00000 0.00000 0.00000 1.00000 1.00000
0.10000 5.84867 3.38074 2.68501 849.00000 600.00000 0.00000 0.00000 1.00000 1.00000
0.10000 5.85608 3.38502 2.68652 849.00000 600.00000 0.00000 0.00000 1.00000 1.00000
0.10000 5.86350 3.38931 2.68804 849.00000 600.00000 0.00000 0.00000 1.00000 1.00000
0.10000 5.87093 3.39360 2.68957 849.00000 600.00000 0.00000 0.00000 1.00000 1.00000
0.10000 5.87837 3.39790 2.69110 849.00000 600.00000 0.00000 0.00000 1.00000 1.00000
0.10000 5.88582 3.40221 2.69263 849.00000 600.00000 0.00000 0.00000 1.00000 1.00000
0.10000 5.89328 3.40652 2.69417 849.00000 600.00000 0.00000 0.00000 1.00000 1.00000
0.10000 5.90074 3.41083 2.69572 849.00000 600.00000 0.00000 0.00000 1.00000 1.00000
0.10000 5.90822 3.41515 2.69727 849.00000 600.00000 0.00000 0.00000 1.00000 1.00000
0.10000 5.91570 3.41948 2.69883 849.00000 600.00000 0.00000 0.00000 1.00000 1.00000
0.10000 5.92319 3.42381 2.70039 849.00000 600.00000 0.00000 0.00000 1.00000 1.00000
0.10000 5.93068 3.42814 2.70196 849.00000 600.00000 0.00000 0.00000 1.00000 1.00000
0.10000 5.93819 3.43248 2.70353 849.00000 600.00000 0.00000 0.00000 1.00000 1.00000
0.10000 5.94570 3.43682 2.70511 849.00000 600.00000 0.00000 0.00000 1.00000 1.00000
0.10000 5.95321 3.44116 2.70670 849.00000 600.00000 0.00000 0.00000 1.00000 1.00000
0.10000 5.96074 3.44551 2.70829 849.00000 600.00000 0.00000 0.00000 1.00000 1.00000
0.10000 5.96827 3.44986 2.70989 849.00000 600.00000 0.00000 0.00000 1.00000 1.00000
0.10000 5.97580 3.45422 2.71149 849.00000 600.00000 0.00000 0.00000 1.00000 1.00000
0.10000 5.98334 3.45858 2.71309 849.00000 600.00000 0.00000 0.00000 1.00000 1.00000
0.10000 5.99089 3.46294 2.71470 849.00000 600.00000 0.00000 0.00000 1.00000 1.00000
0.10000 5.99844 3.46730 2.71632 849.00000 600.00000 0.00000 0.00000 1.00000 1.00000
0.10000 6.00599 3.47167 2.71794 849.00000 600.00000 0.00000 0.00000 1.00000 1.00000
0.10000 6.01355 3.47604 2.71957 849.00000 600.00000 0.00000 0.00000 1.00000 1.00000
0.10000 6.02112 3.48041 2.72120 849.00000 600.00000 0.00000 0.00000 1.00000 1.00000
0.10000 6.02869 3.48479 2.72284 849.00000 600.00000 0.00000 0.00000 1.00000 1.00000
0.10000 6.03626 3.48917 2.72448 849.00000 600.00000 0.00000 0.00000 1.00000 1.00000
0.10000 6.04383 3.49355 2.72613 849.00000 600.00000 0.00000 0.00000 1.00000 1.00000
0.10000 6.05141 3.49793 2.72778 849.00000 600.00000 0.00000 0.00000 1.00000 1.00000
0.10000 6.05899 3.50231 2.72943 849.00000 600.00000 0.00000 0.00000 1.00000 1.00000
0.10000 6.06658 3.50669 2.73110 849.00000 600.00000 0.00000 0.00000 1.00000 1.00000
0.10000 6.07417 3.51108 2.73276 849.00000 600.00000 0.00000 0.00000 1.00000 1.00000
0.10000 6.08175 3.51546 2.73443 849.00000 600.00000 0.00000 0.00000 1.00000 1.00000
0.10000 6.08935 3.51985 2.73611 849.00000 600.00000 0.00000 0.00000 1.00000 1.00000
0.10000 6.09694 3.52424 2.73779 849.00000 600.00000 0.00000 0.00000 1.00000 1.00000
0.10000 6.10453 3.52863 2.73947 849.00000 600.00000 0.00000 0.00000 1.00000 1.00000
0.10000 6.11213 3.53302 2.74116 849.00000 600.00000 0.00000 0.00000 1.00000 1.00000
0.10000 6.11972 3.53741 2.74285 849.00000 600.00000 0.00000 0.00000 1.00000 1.00000
0.10000 6.12732 3.54180 2.74455 849.00000 600.00000 0.00000 0.00000 1.00000 1.00000
0.10000 6.13492 3.54619 2.74625 849.00000 600.00000 0.00000 0.00000 1.00000 1.00000
0.10000 6.14251 3.55059 2.74796 849.00000 600.00000 0.00000 0.00000 1.00000 1.00000
0.10000 6.15011 3.55498 2.74967 849.00000 600.00000 0.00000 0.00000 1.00000 1.00000
0.10000 6.15771 3.55937 2.75138 849.00000 600.00000 0.00000 0.00000 1.00000 1.00000
0.10000 6.16530 3.56376 2.75310 849.00000 600.00000 0.00000 0.00000 1.00000 1.00000
0.10000 6.17290 3.56815 2.75482 849.00000 600.00000 0.00000 0.00000 1.00000 1.00000
0.10000 6.18049 3.57254 2.75655 849.00000 600.00000 0.00000 0.00000 1.00000 1.00000
0.10000 6.18808 3.57693 2.75828 849.00000 600.00000 0.00000 0.00000 1.00000 1.00000
0.10000 6.19568 3.58132 2.76001 849.00000 600.00000 0.00000 0.00000 1.00000 1.00000
0.10000 6.20326 3.58570 2.76175 849.00000 600.00000 0.00000 0.00000 1.00000 1.00000
0.10000 6.21085 3.59009 2.76349 849.00000 600.00000 0.00000 0.00000 1.00000 1.00000
0.10000 6.21843 3.59447 2.76524 849.00000 600.00000 0.00000 0.00000 1.00000 1.00000
0.10000 6.22602 3.59885 2.76698 849.00000 600.00000 0.00000 0.00000 1.00000 1.00000
0.10000 6.23359 3.60323 2.76874 849.00000 600.00000 0.00000 0.00000 1.00000 1.00000
0.10000 6.24117 3.60761 2.77049 849.00000 600.00000 0.00000 0.00000 1.00000 1.00000
0.10000 6.24874 3.61199 2.77225 849.00000 600.00000 0.00000 0.00000 1.00000 1.00000
0.10000 6.25631 3.61636 2.77401 849.00000 600.00000 0.00000 0.00000 1.00000 1.00000
0.10000 6.26387 3.62074 2.77578 849.00000 600.00000 0.00000 0.00000 1.00000 1.00000
0.10000 6.27143 3.62511 2.77755 849.00000 600.00000 0.00000 0.00000 1.00000 1.00000
0.10000 6.27899 3.62947 2.77932 849.00000 600.00000 0.00000 0.00000 1.00000 1.00000
0.10000 6.28654 3.63384 2.78110 849.00000 600.00000 0.00000 0.00000 1.00000 1.00000
0.10000 6.29408 3.63820 2.78288 849.00000 600.00000 0.00000 0.00000 1.00000 1.00000
0.10000 6.30162 3.64256 2.78466 849.00000 600.00000 0.00000 0.00000 1.00000 1.00000
0.10000 6.30916 3.64691 2.78644 849.00000 600.00000 0.00000 0.00000 1.00000 1.00000
0.10000 6.31668 3.65126 2.78823 849.00000 600.00000 0.00000 0.00000 1.00000 1.00000
0.10000 6.32421 3.65561 2.79002 849.00000 600.00000 0.00000 0.00000 1.00000 1.00000
0.10000 6.33172 3.65996 2.79181 849.00000 600.00000 0.00000 0.00000 1.00000 1.00000
0.10000 6.33923 3.66430 2.79361 849.00000 600.00000 0.00000 0.00000 1.00000 1.00000
0.10000 6.34673 3.66863 2.79541 849.00000 600.00000 0.00000 0.00000 1.00000 1.00000
0.10000 6.35423 3.67297 2.79721 849.00000 600.00000 0.00000 0.00000 1.00000 1.00000
0.10000 6.36172 3.67729 2.79901 849.00000 600.00000 0.00000 0.00000 1.00000 1.00000
0.10000 6.36920 3.68162 2.80081 849.00000 600.00000 0.00000 0.00000 1.00000 1.00000
0.10000 6.37667 3.68594 2.80262 849.00000 600.00000 0.00000 0.00000 1.00000 1.00000
0.10000 6.38414 3.69025 2.80443 849.00000 600.00000 0.00000 0.00000 1.00000 1.00000
0.10000 6.39159 3.69456 2.80624 849.00000 600.00000 0.00000 0.00000 1.00000 1.00000
0.10000 6.39904 3.69887 2.80806 849.00000 600.00000 0.00000 0.00000 1.00000 1.00000
0.10000 6.40648 3.70317 2.80987 849.00000 600.00000 0.00000 0.00000 1.00000 1.00000
0.10000 6.41391 3.70746 2.81169 849.00000 600.00000 0.00000 0.00000 1.00000 1.00000
0.10000 6.42133 3.71175 2.81351 849.00000 600.00000 0.00000 0.00000 1.00000 1.00000
0.10000 6.42874 3.71604 2.81533 849.00000 600.00000 0.00000 0.00000 1.00000 1.00000
0.10000 6.43615 3.72032 2.81715 849.00000 600.00000 0.00000 0.00000 1.00000 1.00000
0.10000 6.44354 3.72459 2.81898 849.00000 600.00000 0.00000 0.00000 1.00000 1.00000
0.10000 6.45093 3.72886 2.82081 849.00000 600.00000 0.00000 0.00000 1.00000 1.00000
0.10000 6.45830 3.73312 2.82264 849.00000 600.00000 0.00000 0.00000 1.00000 1.00000
0.10000 6.46567 3.73738 2.82447 849.00000 600.00000 0.00000 0.00000 1.00000 1.00000
0.10000 6.47302 3.74163 2.82630 849.00000 600.00000 0.00000 0.00000 1.00000 1.00000
0.10000 6.48037 3.74588 2.82813 849.00000 600.00000 0.00000 0.00000 1.00000 1.00000
0.10000 6.48770 3.75012 2.82997 849.00000 600.00000 0.00000 0.00000 1.00000 1.00000
0.10000 6.49503 3.75435 2.83180 849.00000 600.00000 0.00000 0.00000 1.00000 1.00000
0.10000 6.50234 3.75858 2.83364 849.00000 600.00000 0.00000 0.00000 1.00000 1.00000
0.10000 6.50965 3.76280 2.83548 849.00000 600.00000 0.00000 0.00000 1.00000 1.00000
0.10000 6.51694 3.76702 2.83732 849.00000 600.00000 0.00000 0.00000 1.00000 1.00000
0.10000 6.52423 3.77123 2.83916 849.00000 600.00000 0.00000 0.00000 1.00000 1.00000
0.10000 6.53150 3.77543 2.84101 849.00000 600.00000 0.00000 0.00000 1.00000 1.00000
0.10000 6.53876 3.77963 2.84285 849.00000 600.00000 0.00000 0.00000 1.00000 1.00000
0.10000 6.54601 3.78382 2.84470 849.00000 600.00000 0.00000 0.00000 1.00000 1.00000
0.10000 6.55325 3.78800 2.84654 849.00000 600.00000 0.00000 0.00000 1.00000 1.00000
0.10000 6.56047 3.79218 2.84839 849.00000 600.00000 0.00000 0.00000 1.00000 1.00000
0.10000 6.56769 3.79635 2.85024 849.00000 600.00000 0.00000 0.00000 1.00000 1.00000
0.10000 6.57489 3.80051 2.85209 849.00000 600.00000 0.00000 0.00000 1.00000 1.00000
0.10000 6.58208 3.80467 2.85394 849.00000 600.00000 0.00000 0.00000 1.00000 1.00000
0.10000 6.58926 3.80882 2.85579 849.00000 600.00000 0.00000 0.00000 1.00000 1.00000
0.10000 6.59643 3.81296 2.85764 849.00000 600.00000 0.00000 0.00000 1.00000 1.00000
0.10000 6.60358 3.81710 2.85949 849.00000 600.00000 0.00000 0.00000 1.00000 1.00000
0.10000 6.61072 3.82123 2.86134 849.00000 600.00000 0.00000 0.00000 1.00000 1.00000
0.10000 6.61785 3.82535 2.86319 849.00000 600.00000 0.00000 0.00000 1.00000 1.00000
0.10000 6.62496 3.82946 2.86505 849.00000 600.00000 0.00000 0.00000 1.00000 1.00000
0.10000 6.63207 3.83356 2.86690 849.00000 600.00000 0.00000 0.00000 1.00000 1.00000
0.10000 6.63916 3.83766 2.86875 849.00000 600.00000 0.00000 0.00000 1.00000 1.00000
0.10000 6.64623 3.84175 2.87061 849.00000 600.00000 0.00000 0.00000 1.00000 1.00000
0.10000 6.65329 3.84583 2.87246 849.00000 600.00000 0.00000 0.00000 1.00000 1.00000
0.10000 6.66034 3.84991 2.87432 849.00000 600.00000 0.00000 0.00000 1.00000 1.00000
0.10000 6.66738 3.85398 2.87617 849.00000 600.00000 0.00000 0.00000 1.00000 1.00000
0.10000 6.67440 3.85803 2.87803 849.00000 600.00000 0.00000 0.00000 1.00000 1.00000
0.10000 6.68141 3.86208 2.87988 849.00000 600.00000 0.00000 0.00000 1.00000 1.00000
0.10000 6.68840 3.86613 2.88173 849.00000 600.00000 0.00000 0.00000 1.00000 1.00000
0.10000 6.69538 3.87016 2.88359 849.00000 600.00000 0.00000 0.00000 1.00000 1.00000
0.10000 6.70234 3.87419 2.88544 849.00000 600.00000 0.00000 0.00000 1.00000 1.00000
0.10000 6.70929 3.87820 2.88730 849.00000 600.00000 0.00000 0.00000 1.00000 1.00000
0.10000 6.71623 3.88221 2.88915 849.00000 600.00000 0.00000 0.00000 1.00000 1.00000
0.10000 6.72315 3.88621 2.89100 849.00000 600.00000 0.00000 0.00000 1.00000 1.00000
0.10000 6.73005 3.89020 2.89286 849.00000 600.00000 0.00000 0.00000 1.00000 1.00000
0.10000 6.73694 3.89419 2.89471 849.00000 600.00000 0.00000 0.00000 1.00000 1.00000
0.10000 6.74381 3.89816 2.89656 849.00000 600.00000 0.00000 0.00000 1.00000 1.00000
0.10000 6.75067 3.90212 2.89841 849.00000 600.00000 0.00000 0.00000 1.00000 1.00000
0.10000 6.75752 3.90608 2.90026 849.00000 600.00000 0.00000 0.00000 1.00000 1.00000
0.10000 6.76434 3.91002 2.90211 849.00000 600.00000 0.00000 0.00000 1.00000 1.00000
0.10000 6.77115 3.91396 2.90396 849.00000 600.00000 0.00000 0.00000 1.00000 1.00000
0.10000 6.77795 3.91789 2.90580 849.00000 600.00000 0.00000 0.00000 1.00000 1.00000
0.10000 6.78473 3.92181 2.90765 849.00000 600.00000 0.00000 0.00000 1.00000 1.00000
0.10000 6.79149 3.92572 2.90949 849.00000 600.00000 0.00000 0.00000 1.00000 1.00000
0.10000 6.79823 3.92962 2.91134 849.00000 600.00000 0.00000 0.00000 1.00000 1.00000
0.10000 6.80496 3.93351 2.91318 849.00000 600.00000 0.00000 0.00000 1.00000 1.00000
0.10000 6.81168 3.93738 2.91502 849.00000 600.00000 0.00000 0.00000 1.00000 1.00000
0.10000 6.81837 3.94125 2.91686 849.00000 600.00000 0.00000 0.00000 1.00000 1.00000
0.10000 6.82505 3.94511 2.91870 849.00000 600.00000 0.00000 0.00000 1.00000 1.00000
0.10000 6.83171 3.94896 2.92054 849.00000 600.00000 0.00000 0.00000 1.00000 1.00000
0.10000 6.83835 3.95280 2.92237 849.00000 600.00000 0.00000 0.00000 1.00000 1.00000
0.10000 6.84498 3.95663 2.92421 849.00000 600.00000 0.00000 0.00000 1.00000 1.00000
0.10000 6.85158 3.96045 2.92604 849.00000 600.00000 0.00000 0.00000 1.00000 1.00000
0.10000 6.85817 3.96426 2.92787 849.00000 600.00000 0.00000 0.00000 1.00000 1.00000
0.10000 6.86475 3.96806 2.92970 849.00000 600.00000 0.00000 0.00000 1.00000 1.00000
0.10000 6.87130 3.97185 2.93153 849.00000 600.00000 0.00000 0.00000 1.00000 1.00000
0.10000 6.87783 3.97563 2.93335 849.00000 600.00000 0.00000 0.00000 1.00000 1.00000
0.10000 6.88435 3.97939 2.93517 849.00000 600.00000 0.00000 0.00000 1.00000 1.00000
0.10000 6.89085 3.98315 2.93699 849.00000 600.00000 0.00000 0.00000 1.00000 1.00000
0.10000 6.89733 3.98689 2.93881 849.00000 600.00000 0.00000 0.00000 1.00000 1.00000
0.10000 6.90379 3.99063 2.94063 849.00000 600.00000 0.00000 0.00000 1.00000 1.00000
0.10000 6.91023 3.99435 2.94244 849.00000 600.00000 0.00000 0.00000 1.00000 1.00000
0.10000 6.91665 3.99806 2.94425 849.00000 600.00000 0.00000 0.00000 1.00000 1.00000
0.10000 6.92305 4.00176 2.94606 849.00000 600.00000 0.00000 0.00000 1.00000 1.00000
0.10000 6.92943 4.00545 2.94787 849.00000 600.00000 0.00000 0.00000 1.00000 1.00000
0.10000 6.93580 4.00913 2.94967 849.00000 600.00000 0.00000 0.00000 1.00000 1.00000
0.10000 6.94214 4.01280 2.95147 849.00000 600.00000 0.00000 0.00000 1.00000 1.00000
0.10000 6.94846 4.01645 2.95327 849.00000 600.00000 0.00000 0.00000 1.00000 1.00000
0.10000 6.95476 4.02009 2.95507 849.00000 600.00000 0.00000 0.00000 1.00000 1.00000
0.10000 6.96104 4.02373 2.95686 849.00000 600.00000 0.00000 0.00000 1.00000 1.00000
0.10000 6.96731 4.02734 2.95865 849.00000 600.00000 0.00000 0.00000 1.00000 1.00000
0.10000 6.97355 4.03095 2.96044 849.00000 600.00000 0.00000 0.00000 1.00000 1.00000
0.10000 6.97977 4.03455 2.96222 849.00000 600.00000 0.00000 0.00000 1.00000 1.00000
0.10000 6.98597 4.03813 2.96400 849.00000 600.00000 0.00000 0.00000 1.00000 1.00000
0.10000 6.99214 4.04170 2.96578 849.00000 600.00000 0.00000 0.00000 1.00000 1.00000
0.10000 6.99830 4.04526 2.96755 849.00000 600.00000 0.00000 0.00000 1.00000 1.00000
0.10000 7.00444 4.04881 2.96932 849.00000 600.00000 0.00000 0.00000 1.00000 1.00000
0.10000 7.01055 4.05234 2.97109 849.00000 600.00000 0.00000 0.00000 1.00000 1.00000
0.10000 7.01664 4.05586 2.97285 849.00000 600.00000 0.00000 0.00000 1.00000 1.00000
0.10000 7.02271 4.05937 2.97461 849.00000 600.00000 0.00000 0.00000 1.00000 1.00000
0.10000 7.02876 4.06287 2.97637 849.00000 600.00000 0.00000 0.00000 1.00000 1.00000
0.10000 7.03478 4.06635 2.97812 849.00000 600.00000 0.00000 0.00000 1.00000 1.00000
0.10000 7.04079 4.06982 2.97987 849.00000 600.00000 0.00000 0.00000 1.00000 1.00000
0.10000 7.04677 4.07328 2.98161 849.00000 600.00000 0.00000 0.00000 1.00000 1.00000
0.10000 7.05273 4.07672 2.98335 849.00000 600.00000 0.00000 0.00000 1.00000 1.00000
0.10000 7.05866 4.08015 2.98509 849.00000 600.00000 0.00000 0.00000 1.00000 1.00000
0.10000 7.06458 4.08357 2.98682 849.00000 600.00000 0.00000 0.00000 1.00000 1.00000
0.10000 7.07047 4.08697 2.98855 849.00000 600.00000 0.00000 0.00000 1.00000 1.00000
0.10000 7.07633 4.09037 2.99027 849.00000 600.00000 0.00000 0.00000 1.00000 1.00000
0.10000 7.08218 4.09374 2.99199 849.00000 600.00000 0.00000 0.00000 1.00000 1.00000
0.10000 7.08800 4.09711 2.99370 849.00000 600.00000 0.00000 0.00000 1.00000 1.00000
0.10000 7.09379 4.10046 2.99541 849.00000 600.00000 0.00000 0.00000 1.00000 1.00000
0.10000 7.09957 4.10380 2.99712 849.00000 600.00000 0.00000 0.00000 1.00000 1.00000
0.10000 7.10532 4.10712 2.99882 849.00000 600.00000 0.00000 0.00000 1.00000 1.00000
0.10000 7.11104 4.11043 3.00052 849.00000 600.00000 0.00000 0.00000 1.00000 1.00000
0.10000 7.11675 4.11373 3.00221 849.00000 600.00000 0.00000 0.00000 1.00000 1.00000
0.10000 7.12243 4.11701 3.00390 849.00000 600.00000 0.00000 0.00000 1.00000 1.00000
0.10000 7.12808 4.12028 3.00558 849.00000 600.00000 0.00000 0.00000 1.00000 1.00000
0.10000 7.13371 4.12353 3.00726 849.00000 600.00000 0.00000 0.00000 1.00000 1.00000
0.10000 7.13932 4.12677 3.00893 849.00000 600.00000 0.00000 0.00000 1.00000 1.00000
0.10000 7.14490 4.13000 3.01060 849.00000 600.00000 0.00000 0.00000 1.00000 1.00000
0.10000 7.15046 4.13321 3.01226 849.00000 600.00000 0.00000 0.00000 1.00000 1.00000
0.10000 7.15600 4.13641 3.01392 849.00000 600.00000 0.00000 0.00000 1.00000 1.00000
0.10000 7.16151 4.13960 3.01557 849.00000 600.00000 0.00000 0.00000 1.00000 1.00000
0.10000 7.16699 4.14277 3.01722 849.00000 600.00000 0.00000 0.00000 1.00000 1.00000
0.10000 7.17246 4.14593 3.01886 849.00000 600.00000 0.00000 0.00000 1.00000 1.00000
0.10000 7.17789 4.14907 3.02049 849.00000 600.00000 0.00000 0.00000 1.00000 1.00000
0.10000 7.18331 4.15220 3.02213 849.00000 600.00000 0.00000 0.00000 1.00000 1.00000
0.10000 7.18869 4.15531 3.02375 849.00000 600.00000 0.00000 0.00000 1.00000 1.00000
0.10000 7.19406 4.15841 3.02537 849.00000 600.00000 0.00000 0.00000 1.00000 1.00000
0.10000 7.19939 4.16150 3.02699 849.00000 600.00000 0.00000 0.00000 1.00000 1.00000
0.10000 7.20471 4.16457 3.02860 849.00000 600.00000 0.00000 0.00000 1.00000 1.00000
0.10000 7.21000 4.16763 3.03020 849.00000 600.00000 0.00000 0.00000 1.00000 1.00000
0.10000 7.21526 4.17067 3.03180 849.00000 600.00000 0.00000 0.00000 1.00000 1.00000
0.10000 7.22050 4.17370 3.03339 849.00000 600.00000 0.00000 0.00000 1.00000 1.00000
0.10000 7.22571 4.17671 3.03498 849.00000 600.00000 0.00000 0.00000 1.00000 1.00000
0.10000 7.23089 4.17971 3.03656 849.00000 600.00000 0.00000 0.00000 1.00000 1.00000
0.10000 7.23606 4.18269 3.03814 849.00000 600.00000 0.00000 0.00000 1.00000 1.00000
0.10000 7.24119 4.18566 3.03970 849.00000 600.00000 0.00000 0.00000 1.00000 1.00000
0.10000 7.24630 4.18861 3.04127 849.00000 600.00000 0.00000 0.00000 1.00000 1.00000
0.10000 7.25139 4.19155 3.04282 849.00000 600.00000 0.00000 0.00000 1.00000 1.00000
0.10000 7.25645 4.19448 3.04438 849.00000 600.00000 0.00000 0.00000 1.00000 1.00000
0.10000 7.26148 4.19739 3.04592 849.00000 600.00000 0.00000 0.00000 1.00000 1.00000
0.10000 7.26648 4.20028 3.04746 849.00000 600.00000 0.00000 0.00000 1.00000 1.00000
0.10000 7.27147 4.20316 3.04899 849.00000 600.00000 0.00000 0.00000 1.00000 1.00000
0.10000 7.27642 4.20602 3.05052 849.00000 600.00000 0.00000 0.00000 1.00000 1.00000
0.10000 7.28135 4.20887 3.05204 849.00000 600.00000 0.00000 0.00000 1.00000 1.00000
0.10000 7.28625 4.21171 3.05355 849.00000 600.00000 0.00000 0.00000 1.00000 1.00000
0.10000 7.29113 4.21452 3.05506 849.00000 600.00000 0.00000 0.00000 1.00000 1.00000
0.10000 7.29597 4.21733 3.05656 849.00000 600.00000 0.00000 0.00000 1.00000 1.00000
0.10000 7.30080 4.22011 3.05805 849.00000 600.00000 0.00000 0.00000 1.00000 1.00000
0.10000 7.30559 4.22289 3.05954 849.00000 600.00000 0.00000 0.00000 1.00000 1.00000
0.10000 7.31036 4.22564 3.06102 849.00000 600.00000 0.00000 0.00000 1.00000 1.00000
0.10000 7.31510 4.22838 3.06249 849.00000 600.00000 0.00000 0.00000 1.00000 1.00000
0.10000 7.31982 4.23111 3.06396 849.00000 600.00000 0.00000 0.00000 1.00000 1.00000
0.10000 7.32451 4.23382 3.06542 849.00000 600.00000 0.00000 0.00000 1.00000 1.00000
0.10000 7.32917 4.23651 3.06687 849.00000 600.00000 0.00000 0.00000 1.00000 1.00000
0.10000 7.33380 4.23919 3.06832 849.00000 600.00000 0.00000 0.00000 1.00000 1.00000
0.10000 7.33841 4.24186 3.06976 849.00000 600.00000 0.00000 0.00000 1.00000 1.00000
0.10000 7.34299 4.24450 3.07119 849.00000 600.00000 0.00000 0.00000 1.00000 1.00000
0.10000 7.34754 4.24714 3.07261 849.00000 600.00000 0.00000 0.00000 1.00000 1.00000
0.10000 7.35207 4.24975 3.07403 849.00000 600.00000 0.00000 0.00000 1.00000 1.00000
0.10000 7.35657 4.25235 3.07544 849.00000 600.00000 0.00000 0.00000 1.00000 1.00000
0.10000 7.36104 4.25494 3.07685 849.00000 600.00000 0.00000 0.00000 1.00000 1.00000
0.10000 7.36549 4.25751 3.07824 849.00000 600.00000 0.00000 0.00000 1.00000 1.00000
0.10000 7.36990 4.26006 3.07963 849.00000 600.00000 0.00000 0.00000 1.00000 1.00000
0.10000 7.37429 4.26260 3.08101 849.00000 600.00000 0.00000 0.00000 1.00000 1.00000
0.10000 7.37866 4.26512 3.08239 849.00000 600.00000 0.00000 0.00000 1.00000 1.00000
0.10000 7.38300 4.26763 3.08376 849.00000 600.00000 0.00000 0.00000 1.00000 1.00000
0.10000 7.38730 4.27012 3.08512 849.00000 600.00000 0.00000 0.00000 1.00000 1.00000
0.10000 7.39159 4.27259 3.08647 849.00000 600.00000 0.00000 0.00000 1.00000 1.00000
0.10000 7.39584 4.27505 3.08782 849.00000 600.00000 0.00000 0.00000 1.00000 1.00000
0.10000 7.40007 4.27750 3.08916 849.00000 600.00000 0.00000 0.00000 1.00000 1.00000
0.10000 7.40427 4.27993 3.09049 849.00000 600.00000 0.00000 0.00000 1.00000 1.00000
0.10000 7.40845 4.28234 3.09181 849.00000 600.00000 0.00000 0.00000 1.00000 1.00000
0.10000 7.41259 4.28474 3.09313 849.00000 600.00000 0.00000 0.00000 1.00000 1.00000
0.10000 7.41671 4.28712 3.09444 849.00000 600.00000 0.00000 0.00000 1.00000 1.00000
0.10000 7.42080 4.28948 3.09574 849.00000 600.00000 0.00000 0.00000 1.00000 1.00000
0.10000 7.42487 4.29183 3.09703 849.00000 600.00000 0.00000 0.00000 1.00000 1.00000
0.10000 7.42891 4.29417 3.09832 849.00000 600.00000 0.00000 0.00000 1.00000 1.00000
0.10000 7.43292 4.29649 3.09960 849.00000 600.00000 0.00000 0.00000 1.00000 1.00000
0.10000 7.43690 4.29879 3.10087 849.00000 600.00000 0.00000 0.00000 1.00000 1.00000
0.10000 7.44086 4.30108 3.10213 849.00000 600.00000 0.00000 0.00000 1.00000 1.00000
0.10000 7.44479 4.30335 3.10339 849.00000 600.00000 0.00000 0.00000 1.00000 1.00000
0.10000 7.44869 4.30560 3.10464 849.00000 600.00000 0.00000 0.00000 1.00000 1.00000
0.10000 7.45257 4.30784 3.10588 849.00000 600.00000 0.00000 0.00000 1.00000 1.00000
0.10000 7.45642 4.31007 3.10711 849.00000 600.00000 0.00000 0.00000 1.00000 1.00000
0.10000 7.46024 4.31228 3.10834 849.00000 600.00000 0.00000 0.00000 1.00000 1.00000
0.10000 7.46403 4.31447 3.10956 849.00000 600.00000 0.00000 0.00000 1.00000 1.00000
0.10000 7.46780 4.31665 3.11077 849.00000 600.00000 0.00000 0.00000 1.00000 1.00000
0.10000 7.47154 4.31881 3.11197 849.00000 600.00000 0.00000 0.00000 1.00000 1.00000
0.10000 7.47525 4.32095 3.11316 849.00000 600.00000 0.00000 0.00000 1.00000 1.00000
0.10000 7.47894 4.32308 3.11435 849.00000 600.00000 0.00000 0.00000 1.00000 1.00000
0.10000 7.48259 4.32520 3.11553 849.00000 600.00000 0.00000 0.00000 1.00000 1.00000
0.10000 7.48622 4.32730 3.11670 849.00000 600.00000 0.00000 0.00000 1.00000 1.00000
0.10000 7.48983 4.32938 3.11786 849.00000 600.00000 0.00000 0.00000 1.00000 1.00000
0.10000 7.49340 4.33145 3.11902 849.00000 600.00000 0.00000 0.00000 1.00000 1.00000
0.10000 7.49695 4.33350 3.12016 849.00000 600.00000 0.00000 0.00000 1.00000 1.00000
0.10000 7.50048 4.33553 3.12130 849.00000 600.00000 0.00000 0.00000 1.00000 1.00000
0.10000 7.50397 4.33755 3.12243 849.00000 600.00000 0.00000 0.00000 1.00000 1.00000
0.10000 7.50744 4.33956 3.12356 849.00000 600.00000 0.00000 0.00000 1.00000 1.00000
0.10000 7.51088 4.34155 3.12467 849.00000 600.00000 0.00000 0.00000 1.00000 1.00000
0.10000 7.51429 4.34352 3.12578 849.00000 600.00000 0.00000 0.00000 1.00000 1.00000
0.10000 7.51768 4.34548 3.12688 849.00000 600.00000 0.00000 0.00000 1.00000 1.00000
0.10000 7.52103 4.34742 3.12797 849.00000 600.00000 0.00000 0.00000 1.00000 1.00000
0.10000 7.52437 4.34934 3.12905 849.00000 600.00000 0.00000 0.00000 1.00000 1.00000
0.10000 7.52767 4.35125 3.13013 849.00000 600.00000 0.00000 0.00000 1.00000 1.00000
0.10000 7.53095 4.35315 3.13119 849.00000 600.00000 0.00000 0.00000 1.00000 1.00000
0.10000 7.53420 4.35503 3.13225 849.00000 600.00000 0.00000 0.00000 1.00000 1.00000
0.10000 7.53742 4.35689 3.13330 849.00000 600.00000 0.00000 0.00000 1.00000 1.00000
0.10000 7.54062 4.35874 3.13434 849.00000 600.00000 0.00000 0.00000 1.00000 1.00000
0.10000 7.54378 4.36057 3.13538 849.00000 600.00000 0.00000 0.00000 1.00000 1.00000
0.10000 7.54693 4.36238 3.13640 849.00000 600.00000 0.00000 0.00000 1.00000 1.00000
0.10000 7.55004 4.36419 3.13742 849.00000 600.00000 0.00000 0.00000 1.00000 1.00000
0.10000 7.55313 4.36597 3.13843 849.00000 600.00000 0.00000 0.00000 1.00000 1.00000
0.10000 7.55619 4.36774 3.13943 849.00000 600.00000 0.00000 0.00000 1.00000 1.00000
0.10000 7.55922 4.36949 3.14043 849.00000 600.00000 0.00000 0.00000 1.00000 1.00000
0.10000 7.56223 4.37123 3.14141 849.00000 600.00000 0.00000 0.00000 1.00000 1.00000
0.10000 7.56521 4.37296 3.14239 849.00000 600.00000 0.00000 0.00000 1.00000 1.00000
0.10000 7.56817 4.37466 3.14336 849.00000 600.00000 0.00000 0.00000 1.00000 1.00000
0.10000 7.57110 4.37636 3.14432 849.00000 600.00000 0.00000 0.00000 1.00000 1.00000
0.10000 7.57400 4.37803 3.14527 849.00000 600.00000 0.00000 0.00000 1.00000 1.00000
0.10000 7.57687 4.37970 3.14622 849.00000 600.00000 0.00000 0.00000 1.00000 1.00000
0.10000 7.57972 4.38134 3.14715 849.00000 600.00000 0.00000 0.00000 1.00000 1.00000
0.10000 7.58254 4.38297 3.14808 849.00000 600.00000 0.00000 0.00000 1.00000 1.00000
0.10000 7.58534 4.38459 3.14900 849.00000 600.00000 0.00000 0.00000 1.00000 1.00000
0.10000 7.58811 4.38619 3.14991 849.00000 600.00000 0.00000 0.00000 1.00000 1.00000
0.10000 7.59085 4.38778 3.15082 849.00000 600.00000 0.00000 0.00000 1.00000 1.00000
0.10000 7.59357 4.38935 3.15171 849.00000 600.00000 0.00000 0.00000 1.00000 1.00000
0.10000 7.59626 4.39090 3.15260 849.00000 600.00000 0.00000 0.00000 1.00000 1.00000
0.10000 7.59893 4.39244 3.15348 849.00000 600.00000 0.00000 0.00000 1.00000 1.00000
0.10000 7.60157 4.39397 3.15435 849.00000 600.00000 0.00000 0.00000 1.00000 1.00000
0.10000 7.60418 4.39548 3.15522 849.00000 600.00000 0.00000 0.00000 1.00000 1.00000
0.10000 7.60677 4.39698 3.15607 849.00000 600.00000 0.00000 0.00000 1.00000 1.00000
0.10000 7.60933 4.39846 3.15692 849.00000 600.00000 0.00000 0.00000 1.00000 1.00000
0.10000 7.61186 4.39992 3.15776 849.00000 600.00000 0.00000 0.00000 1.00000 1.00000
0.10000 7.61437 4.40137 3.15859 849.00000 600.00000 0.00000 0.00000 1.00000 1.00000
0.10000 7.61686 4.40281 3.15941 849.00000 600.00000 0.00000 0.00000 1.00000 1.00000
0.10000 7.61932 4.40423 3.16023 849.00000 600.00000 0.00000 0.00000 1.00000 1.00000
0.10000 7.62175 4.40564 3.16103 849.00000 600.00000 0.00000 0.00000 1.00000 1.00000
0.10000 7.62416 4.40703 3.16183 849.00000 600.00000 0.00000 0.00000 1.00000 1.00000
0.10000 7.62654 4.40840 3.16262 849.00000 600.00000 0.00000 0.00000 1.00000 1.00000
0.10000 7.62890 4.40977 3.16340 849.00000 600.00000 0.00000 0.00000 1.00000 1.00000
0.10000 7.63123 4.41111 3.16418 849.00000 600.00000 0.00000 0.00000 1.00000 1.00000
0.10000 7.63353 4.41245 3.16494 849.00000 600.00000 0.00000 0.00000 1.00000 1.00000
0.10000 7.63581 4.41377 3.16570 849.00000 600.00000 0.00000 0.00000 1.00000 1.00000
0.10000 7.63807 4.41507 3.16645 849.00000 600.00000 0.00000 0.00000 1.00000 1.00000
0.10000 7.64030 4.41636 3.16719 849.00000 600.00000 0.00000 0.00000 1.00000 1.00000
0.10000 7.64250 4.41763 3.16793 849.00000 600.00000 0.00000 0.00000 1.00000 1.00000
0.10000 7.64468 4.41889 3.16865 849.00000 600.00000 0.00000 0.00000 1.00000 1.00000
0.10000 7.64684 4.42014 3.16937 849.00000 600.00000 0.00000 0.00000 1.00000 1.00000
0.10000 7.64897 4.42137 3.17008 849.00000 600.00000 0.00000 0.00000 1.00000 1.00000
0.10000 7.65107 4.42259 3.17078 849.00000 600.00000 0.00000 0.00000 1.00000 1.00000
0.10000 7.65315 4.42379 3.17148 849.00000 600.00000 0.00000 0.00000 1.00000 1.00000
0.10000 7.65521 4.42498 3.17216 849.00000 600.00000 0.00000 0.00000 1.00000 1.00000
0.10000 7.65724 4.42615 3.17284 849.00000 600.00000 0.00000 0.00000 1.00000 1.00000
0.10000 7.65924 4.42731 3.17351 849.00000 600.00000 0.00000 0.00000 1.00000 1.00000
0.10000 7.66122 4.42845 3.17417 849.00000 600.00000 0.00000 0.00000 1.00000 1.00000
0.10000 7.66318 4.42958 3.17483 849.00000 600.00000 0.00000 0.00000 1.00000 1.00000
0.10000 7.66511 4.43070 3.17547 849.00000 600.00000 0.00000 0.00000 1.00000 1.00000
0.10000 7.66702 4.43180 3.17611 849.00000 600.00000 0.00000 0.00000 1.00000 1.00000
0.10000 7.66890 4.43289 3.17674 849.00000 600.00000 0.00000 0.00000 1.00000 1.00000
0.10000 7.67076 4.43396 3.17736 849.00000 600.00000 0.00000 0.00000 1.00000 1.00000
0.10000 7.67259 4.43502 3.17798 849.00000 600.00000 0.00000 0.00000 1.00000 1.00000
0.10000 7.67440 4.43607 3.17858 849.00000 600.00000 0.00000 0.00000 1.00000 1.00000
0.10000 7.67619 4.43710 3.17918 849.00000 600.00000 0.00000 0.00000 1.00000 1.00000
0.10000 7.67795 4.43812 3.17977 849.00000 600.00000 0.00000 0.00000 1.00000 1.00000
0.10000 7.67969 4.43913 3.18035 849.00000 600.00000 0.00000 0.00000 1.00000 1.00000
0.10000 7.68141 4.44012 3.18093 849.00000 600.00000 0.00000 0.00000 1.00000 1.00000
0.10000 7.68310 4.44110 3.18150 849.00000 600.00000 0.00000 0.00000 1.00000 1.00000
0.10000 7.68477 4.44206 3.18206 849.00000 600.00000 0.00000 0.00000 1.00000 1.00000
0.10000 7.68641 4.44301 3.18261 849.00000 600.00000 0.00000 0.00000 1.00000 1.00000
0.10000 7.68803 4.44395 3.18315 849.00000 600.00000 0.00000 0.00000 1.00000 1.00000
0.10000 7.68963 4.44487 3.18369 849.00000 600.00000 0.00000 0.00000 1.00000 1.00000
0.10000 7.69120 4.44578 3.18422 849.00000 600.00000 0.00000 0.00000 1.00000 1.00000
0.10000 7.69276 4.44668 3.18474 849.00000 600.00000 0.00000 0.00000 1.00000 1.00000
0.10000 7.69429 4.44756 3.18526 849.00000 600.00000 0.00000 0.00000 1.00000 1.00000
0.10000 7.69579 4.44843 3.18576 849.00000 600.00000 0.00000 0.00000 1.00000 1.00000
0.10000 7.69727 4.44929 3.18626 849.00000 600.00000 0.00000 0.00000 1.00000 1.00000
0.10000 7.69874 4.45014 3.18675 849.00000 600.00000 0.00000 0.00000 1.00000 1.00000
0.10000 7.70017 4.45097 3.18724 849.00000 600.00000 0.00000 0.00000 1.00000 1.00000
0.10000 7.70159 4.45179 3.18771 849.00000 600.00000 0.00000 0.00000 1.00000 1.00000
0.10000 7.70298 4.45259 3.18818 849.00000 600.00000 0.00000 0.00000 1.00000 1.00000
0.10000 7.70435 4.45338 3.18864 849.00000 600.00000 0.00000 0.00000 1.00000 1.00000
0.10000 7.70570 4.45416 3.18910 849.00000 600.00000 0.00000 0.00000 1.00000 1.00000
0.10000 7.70703 4.45493 3.18955 849.00000 600.00000 0.00000 0.00000 1.00000 1.00000
0.10000 7.70833 4.45568 3.18999 849.00000 600.00000 0.00000 0.00000 1.00000 1.00000
0.10000 7.70961 4.45642 3.19042 849.00000 600.00000 0.00000 0.00000 1.00000 1.00000
0.10000 7.71087 4.45715 3.19084 849.00000 600.00000 0.00000 0.00000 1.00000 1.00000
0.10000 7.71211 4.45787 3.19126 849.00000 600.00000 0.00000 0.00000 1.00000 1.00000
0.10000 7.71333 4.45857 3.19167 849.00000 600.00000 0.00000 0.00000 1.00000 1.00000
0.10000 7.71452 4.45926 3.19208 849.00000 600.00000 0.00000 0.00000 1.00000 1.00000
0.10000 7.71570 4.45994 3.19247 849.00000 600.00000 0.00000 0.00000 1.00000 1.00000
0.10000 7.71685 4.46061 3.19286 849.00000 600.00000 0.00000 0.00000 1.00000 1.00000
0.10000 7.71798 4.46126 3.19324 849.00000 600.00000 0.00000 0.00000 1.00000 1.00000
0.10000 7.71909 4.46190 3.19362 849.00000 600.00000 0.00000 0.00000 1.00000 1.00000
0.10000 7.72018 4.46253 3.19399 849.00000 600.00000 0.00000 0.00000 1.00000 1.00000
0.10000 7.72125 4.46315 3.19435 849.00000 600.00000 0.00000 0.00000 1.00000 1.00000
0.10000 7.72229 4.46375 3.19470 849.00000 600.00000 0.00000 0.00000 1.00000 1.00000
0.10000 7.72332 4.46434 3.19505 849.00000 600.00000 0.00000 0.00000 1.00000 1.00000
0.10000 7.72432 4.46493 3.19539 849.00000 600.00000 0.00000 0.00000 1.00000 1.00000
0.10000 7.72530 4.46549 3.19572 849.00000 600.00000 0.00000 0.00000 1.00000 1.00000
0.10000 7.72627 4.46605 3.19604 849.00000 600.00000 0.00000 0.00000 1.00000 1.00000
0.10000 7.72721 4.46660 3.19636 849.00000 600.00000 0.00000 0.00000 1.00000 1.00000
0.10000 7.72813 4.46713 3.19668 849.00000 600.00000 0.00000 0.00000 1.00000 1.00000
0.10000 7.72903 4.46765 3.19698 849.00000 600.00000 0.00000 0.00000 1.00000 1.00000
0.10000 7.72992 4.46816 3.19728 849.00000 600.00000 0.00000 0.00000 1.00000 1.00000
0.10000 7.73078 4.46866 3.19757 849.00000 600.00000 0.00000 0.00000 1.00000 1.00000
0.10000 7.73162 4.46914 3.19786 849.00000 600.00000 0.00000 0.00000 1.00000 1.00000
0.10000 7.73244 4.46962 3.19813 849.00000 600.00000 0.00000 0.00000 1.00000 1.00000
0.10000 7.73324 4.47008 3.19841 849.00000 600.00000 0.00000 0.00000 1.00000 1.00000
0.10000 7.73402 4.47053 3.19867 849.00000 600.00000 0.00000 0.00000 1.00000 1.00000
0.10000 7.73478 4.47097 3.19893 849.00000 600.00000 0.00000 0.00000 1.00000 1.00000
0.10000 7.73553 4.47140 3.19918 849.00000 600.00000 0.00000 0.00000 1.00000 1.00000
0.10000 7.73625 4.47182 3.19943 849.00000 600.00000 0.00000 0.00000 1.00000 1.00000
0.10000 7.73695 4.47223 3.19966 849.00000 600.00000 0.00000 0.00000 1.00000 1.00000
0.10000 7.73764 4.47262 3.19990 849.00000 600.00000 0.00000 0.00000 1.00000 1.00000
0.10000 7.73830 4.47301 3.20012 849.00000 600.00000 0.00000 0.00000 1.00000 1.00000
0.10000 7.73895 4.47338 3.20034 849.00000 600.00000 0.00000 0.00000 1.00000 1.00000
0.10000 7.73957 4.47374 3.20055 849.00000 600.00000 0.00000 0.00000 1.00000 1.00000
0.10000 7.74018 4.47409 3.20076 849.00000 600.00000 0.00000 0.00000 1.00000 1.00000
0.10000 7.74077 4.47443 3.20096 849.00000 600.00000 0.00000 0.00000 1.00000 1.00000
0.10000 7.74134 4.47476 3.20115 849.00000 600.00000 0.00000 0.00000 1.00000 1.00000
0.10000 7.74189 4.47508 3.20134 849.00000 600.00000 0.00000 0.00000 1.00000 1.00000
0.10000 7.74243 4.47539 3.20152 849.00000 600.00000 0.00000 0.00000 1.00000 1.00000
0.10000 7.74294 4.47569 3.20170 849.00000 600.00000 0.00000 0.00000 1.00000 1.00000
0.10000 7.74344 4.47598 3.20186 849.00000 600.00000 0.00000 0.00000 1.00000 1.00000
0.10000 7.74392 4.47625 3.20203 849.00000 600.00000 0.00000 0.00000 1.00000 1.00000
0.10000 7.74438 4.47652 3.20218 849.00000 600.00000 0.00000 0.00000 1.00000 1.00000
0.10000 7.74482 4.47677 3.20233 849.00000 600.00000 0.00000 0.00000 1.00000 1.00000
0.10000 7.74524 4.47702 3.20248 849.00000 600.00000 0.00000 0.00000 1.00000 1.00000
0.10000 7.74565 4.47725 3.20262 849.00000 600.00000 0.00000 0.00000 1.00000 1.00000
0.10000 7.74604 4.47748 3.20275 849.00000 600.00000 0.00000 0.00000 1.00000 1.00000
0.10000 7.74641 4.47769 3.20287 849.00000 600.00000 0.00000 0.00000 1.00000 1.00000
0.10000 7.74676 4.47790 3.20299 849.00000 600.00000 0.00000 0.00000 1.00000 1.00000
0.10000 7.74710 4.47809 3.20311 849.00000 600.00000 0.00000 0.00000 1.00000 1.00000
0.10000 7.74742 4.47828 3.20322 849.00000 600.00000 0.00000 0.00000 1.00000 1.00000
0.10000 7.74772 4.47845 3.20332 849.00000 600.00000 0.00000 0.00000 1.00000 1.00000
0.10000 7.74800 4.47862 3.20341 849.00000 600.00000 0.00000 0.00000 1.00000 1.00000
0.10000 7.74827 4.47877 3.20351 849.00000 600.00000 0.00000 0.00000 1.00000 1.00000
0.10000 7.74852 4.47891 3.20359 849.00000 600.00000 0.00000 0.00000 1.00000 1.00000
0.10000 7.74876 4.47905 3.20367 849.00000 600.00000 0.00000 0.00000 1.00000 1.00000
0.10000 7.74897 4.47917 3.20374 849.00000 600.00000 0.00000 0.00000 1.00000 1.00000
0.10000 7.74917 4.47929 3.20381 849.00000 600.00000 0.00000 0.00000 1.00000 1.00000
0.10000 7.74936 4.47940 3.20387 849.00000 600.00000 0.00000 0.00000 1.00000 1.00000
0.10000 7.74952 4.47949 3.20393 849.00000 600.00000 0.00000 0.00000 1.00000 1.00000
0.10000 7.74967 4.47958 3.20398 849.00000 600.00000 0.00000 0.00000 1.00000 1.00000
0.10000 7.74981 4.47966 3.20403 849.00000 600.00000 0.00000 0.00000 1.00000 1.00000
0.10000 7.74993 4.47973 3.20407 849.00000 600.00000 0.00000 0.00000 1.00000 1.00000
0.10000 7.75003 4.47979 3.20410 849.00000 600.00000 0.00000 0.00000 1.00000 1.00000
0.10000 7.75012 4.47984 3.20413 849.00000 600.00000 0.00000 0.00000 1.00000 1.00000
0.10000 7.75019 4.47988 3.20416 849.00000 600.00000 0.00000 0.00000 1.00000 1.00000
0.10000 7.75024 4.47991 3.20418 849.00000 600.00000 0.00000 0.00000 1.00000 1.00000
0.10000 7.75028 4.47993 3.20419 849.00000 600.00000 0.00000 0.00000 1.00000 1.00000
0.10000 7.75030 4.47995 3.20420 849.00000 600.00000 0.00000 0.00000 1.00000 1.00000
0.10000 7.75031 4.47995 3.20420 849.00000 600.00000 0.00000 0.00000 1.00000 1.00000
0.10000 7.75031 4.47995 3.20420 849.00000 600.00000 0.00000 0.00000 1.00000 1.00000
0.10000 7.75028 4.47993 3.20419 849.00000 600.00000 0.00000 0.00000 1.00000 1.00000
0.10000 7.75025 4.47991 3.20418 849.00000 600.00000 0.00000 0.00000 1.00000 1.00000
0.10000 7.75019 4.47988 3.20416 849.00000 600.00000 0.00000 0.00000 1.00000 1.00000
0.10000 7.75013 4.47984 3.20414 849.00000 600.00000 0.00000 0.00000 1.00000 1.00000
0.10000 7.75004 4.47979 3.20411 849.00000 600.00000 0.00000 0.00000 1.00000 1.00000
0.10000 7.74995 4.47974 3.20407 849.00000 600.00000 0.00000 0.00000 1.00000 1.00000
0.10000 7.74983 4.47967 3.20404 849.00000 600.00000 0.00000 0.00000 1.00000 1.00000
0.10000 7.74971 4.47960 3.20399 849.00000 600.00000 0.00000 0.00000 1.00000 1.00000
0.10000 7.74957 4.47952 3.20395 849.00000 600.00000 0.00000 0.00000 1.00000 1.00000
0.10000 7.74941 4.47943 3.20389 849.00000 600.00000 0.00000 0.00000 1.00000 1.00000
0.10000 7.74924 4.47933 3.20383 849.00000 600.00000 0.00000 0.00000 1.00000 1.00000
0.10000 7.74906 4.47922 3.20377 849.00000 600.00000 0.00000 0.00000 1.00000 1.00000
0.10000 7.74886 4.47911 3.20370 849.00000 600.00000 0.00000 0.00000 1.00000 1.00000
0.10000 7.74864 4.47899 3.20363 849.00000 600.00000 0.00000 0.00000 1.00000 1.00000
0.10000 7.74842 4.47885 3.20356 849.00000 600.00000 0.00000 0.00000 1.00000 1.00000
0.10000 7.74818 4.47872 3.20347 849.00000 600.00000 0.00000 0.00000 1.00000 1.00000
0.10000 7.74792 4.47857 3.20339 849.00000 600.00000 0.00000 0.00000 1.00000 1.00000
0.10000 7.74766 4.47841 3.20330 849.00000 600.00000 0.00000 0.00000 1.00000 1.00000
0.10000 7.74738 4.47825 3.20320 849.00000 600.00000 0.00000 0.00000 1.00000 1.00000
0.10000 7.74708 4.47808 3.20310 849.00000 600.00000 0.00000 0.00000 1.00000 1.00000
0.10000 7.74677 4.47790 3.20300 849.00000 600.00000 0.00000 0.00000 1.00000 1.00000
0.10000 7.74645 4.47772 3.20289 849.00000 600.00000 0.00000 0.00000 1.00000 1.00000
0.10000 7.74612 4.47752 3.20277 849.00000 600.00000 0.00000 0.00000 1.00000 1.00000
0.10000 7.74577 4.47732 3.20266 849.00000 600.00000 0.00000 0.00000 1.00000 1.00000
0.10000 7.74541 4.47712 3.20253 849.00000 600.00000 0.00000 0.00000 1.00000 1.00000
0.10000 7.74504 4.47690 3.20241 849.00000 600.00000 0.00000 0.00000 1.00000 1.00000
0.10000 7.74465 4.47668 3.20228 849.00000 600.00000 0.00000 0.00000 1.00000 1.00000
0.10000 7.74425 4.47645 3.20214 849.00000 600.00000 0.00000 0.00000 1.00000 1.00000
0.10000 7.74384 4.47621 3.20200 849.00000 600.00000 0.00000 0.00000 1.00000 1.00000
0.10000 7.74342 4.47596 3.20186 849.00000 600.00000 0.00000 0.00000 1.00000 1.00000
0.10000 7.74298 4.47571 3.20171 849.00000 600.00000 0.00000 0.00000 1.00000 1.00000
0.10000 7.74253 4.47545 3.20156 849.00000 600.00000 0.00000 0.00000 1.00000 1.00000
0.10000 7.74207 4.47519 3.20140 849.00000 600.00000 0.00000 0.00000 1.00000 1.00000
0.10000 7.74160 4.47491 3.20124 849.00000 600.00000 0.00000 0.00000 1.00000 1.00000
0.10000 7.74111 4.47463 3.20107 849.00000 600.00000 0.00000 0.00000 1.00000 1.00000
0.10000 7.74062 4.47434 3.20091 849.00000 600.00000 0.00000 0.00000 1.00000 1.00000
0.10000 7.74011 4.47405 3.20073 849.00000 600.00000 0.00000 0.00000 1.00000 1.00000
0.10000 7.73959 4.47375 3.20056 849.00000 600.00000 0.00000 0.00000 1.00000 1.00000
0.10000 7.73905 4.47344 3.20038 849.00000 600.00000 0.00000 0.00000 1.00000 1.00000
0.10000 7.73851 4.47313 3.20019 849.00000 600.00000 0.00000 0.00000 1.00000 1.00000
0.10000 7.73796 4.47281 3.20000 849.00000 600.00000 0.00000 0.00000 1.00000 1.00000
0.10000 7.73739 4.47248 3.19981 849.00000 600.00000 0.00000 0.00000 1.00000 1.00000
0.10000 7.73681 4.47214 3.19962 849.00000 600.00000 0.00000 0.00000 1.00000 1.00000
0.10000 7.73622 4.47180 3.19942 849.00000 600.00000 0.00000 0.00000 1.00000 1.00000
0.10000 7.73562 4.47146 3.19921 849.00000 600.00000 0.00000 0.00000 1.00000 1.00000
0.10000 7.73501 4.47110 3.19901 849.00000 600.00000 0.00000 0.00000 1.00000 1.00000
0.10000 7.73439 4.47074 3.19879 849.00000 600.00000 0.00000 0.00000 1.00000 1.00000
0.10000 7.73376 4.47038 3.19858 849.00000 600.00000 0.00000 0.00000 1.00000 1.00000
0.10000 7.73311 4.47001 3.19836 849.00000 600.00000 0.00000 0.00000 1.00000 1.00000
0.10000 7.73246 4.46963 3.19814 849.00000 600.00000 0.00000 0.00000 1.00000 1.00000
0.10000 7.73179 4.46925 3.19792 849.00000 600.00000 0.00000 0.00000 1.00000 1.00000
0.10000 7.73112 4.46885 3.19769 849.00000 600.00000 0.00000 0.00000 1.00000 1.00000
0.10000 7.73043 4.46846 3.19746 849.00000 600.00000 0.00000 0.00000 1.00000 1.00000
0.10000 7.72974 4.46806 3.19722 849.00000 600.00000 0.00000 0.00000 1.00000 1.00000
0.10000 7.72903 4.46765 3.19698 849.00000 600.00000 0.00000 0.00000 1.00000 1.00000
0.10000 7.72832 4.46724 3.19674 849.00000 600.00000 0.00000 0.00000 1.00000 1.00000
0.10000 7.72759 4.46682 3.19649 849.00000 600.00000 0.00000 0.00000 1.00000 1.00000
0.10000 7.72686 4.46639 3.19624 849.00000 600.00000 0.00000 0.00000 1.00000 1.00000
0.10000 7.72611 4.46596 3.19599 849.00000 600.00000 0.00000 0.00000 1.00000 1.00000
0.10000 7.72536 4.46552 3.19574 849.00000 600.00000 0.00000 0.00000 1.00000 1.00000
0.10000 7.72459 4.46508 3.19548 849.00000 600.00000 0.00000 0.00000 1.00000 1.00000
0.10000 7.72382 4.46464 3.19522 849.00000 600.00000 0.00000 0.00000 1.00000 1.00000
0.10000 7.72304 4.46418 3.19495 849.00000 600.00000 0.00000 0.00000 1.00000 1.00000
0.10000 7.72225 4.46373 3.19468 849.00000 600.00000 0.00000 0.00000 1.00000 1.00000
0.10000 7.72145 4.46326 3.19441 849.00000 600.00000 0.00000 0.00000 1.00000 1.00000
0.10000 7.72064 4.46279 3.19414 849.00000 600.00000 0.00000 0.00000 1.00000 1.00000
0.10000 7.71982 4.46232 3.19386 849.00000 600.00000 0.00000 0.00000 1.00000 1.00000
0.10000 7.71899 4.46184 3.19358 849.00000 600.00000 0.00000 0.00000 1.00000 1.00000
0.10000 7.71815 4.46136 3.19330 849.00000 600.00000 0.00000 0.00000 1.00000 1.00000
0.10000 7.71731 4.46087 3.19302 849.00000 600.00000 0.00000 0.00000 1.00000 1.00000
0.10000 7.71646 4.46038 3.19273 849.00000 600.00000 0.00000 0.00000 1.00000 1.00000
0.10000 7.71559 4.45988 3.19244 849.00000 600.00000 0.00000 0.00000 1.00000 1.00000
0.10000 7.71472 4.45938 3.19214 849.00000 600.00000 0.00000 0.00000 1.00000 1.00000
0.10000 7.71385 4.45887 3.19185 849.00000 600.00000 0.00000 0.00000 1.00000 1.00000
0.10000 7.71296 4.45836 3.19155 849.00000 600.00000 0.00000 0.00000 1.00000 1.00000
0.10000 7.71207 4.45784 3.19125 849.00000 600.00000 0.00000 0.00000 1.00000 1.00000
0.10000 7.71116 4.45732 3.19094 849.00000 600.00000 0.00000 0.00000 1.00000 1.00000
0.10000 7.71025 4.45679 3.19063 849.00000 600.00000 0.00000 0.00000 1.00000 1.00000
0.10000 7.70934 4.45626 3.19033 849.00000 600.00000 0.00000 0.00000 1.00000 1.00000
0.10000 7.70841 4.45573 3.19001 849.00000 600.00000 0.00000 0.00000 1.00000 1.00000
0.10000 7.70748 4.45519 3.18970 849.00000 600.00000 0.00000 0.00000 1.00000 1.00000
0.10000 7.70654 4.45465 3.18938 849.00000 600.00000 0.00000 0.00000 1.00000 1.00000
0.10000 7.70559 4.45410 3.18906 849.00000 600.00000 0.00000 0.00000 1.00000 1.00000
0.10000 7.70464 4.45355 3.18874 849.00000 600.00000 0.00000 0.00000 1.00000 1.00000
0.10000 7.70368 4.45299 3.18842 849.00000 600.00000 0.00000 0.00000 1.00000 1.00000
0.10000 7.70271 4.45243 3.18809 849.00000 600.00000 0.00000 0.00000 1.00000 1.00000
0.10000 7.70174 4.45187 3.18776 849.00000 600.00000 0.00000 0.00000 1.00000 1.00000
0.10000 7.70075 4.45130 3.18743 849.00000 600.00000 0.00000 0.00000 1.00000 1.00000
0.10000 7.69977 4.45073 3.18710 849.00000 600.00000 0.00000 0.00000 1.00000 1.00000
0.10000 7.69877 4.45016 3.18677 849.00000 600.00000 0.00000 0.00000 1.00000 1.00000
0.10000 7.69777 4.44958 3.18643 849.00000 600.00000 0.00000 0.00000 1.00000 1.00000
0.10000 7.69676 4.44900 3.18609 849.00000 600.00000 0.00000 0.00000 1.00000 1.00000
0.10000 7.69575 4.44841 3.18575 849.00000 600.00000 0.00000 0.00000 1.00000 1.00000
0.10000 7.69473 4.44782 3.18541 849.00000 600.00000 0.00000 0.00000 1.00000 1.00000
0.10000 7.69370 4.44723 3.18506 849.00000 600.00000 0.00000 0.00000 1.00000 1.00000
0.10000 7.69267 4.44663 3.18471 849.00000 600.00000 0.00000 0.00000 1.00000 1.00000
0.10000 7.69163 4.44603 3.18436 849.00000 600.00000 0.00000 0.00000 1.00000 1.00000
0.10000 7.69059 4.44543 3.18401 849.00000 600.00000 0.00000 0.00000 1.00000 1.00000
0.10000 7.68954 4.44482 3.18366 849.00000 600.00000 0.00000 0.00000 1.00000 1.00000
0.10000 7.68849 4.44421 3.18331 849.00000 600.00000 0.00000 0.00000 1.00000 1.00000
0.10000 7.68743 4.44360 3.18295 849.00000 600.00000 0.00000 0.00000 1.00000 1.00000
0.10000 7.68636 4.44298 3.18259 849.00000 600.00000 0.00000 0.00000 1.00000 1.00000
0.10000 7.68529 4.44236 3.18223 849.00000 600.00000 0.00000 0.00000 1.00000 1.00000
0.10000 7.68421 4.44174 3.18187 849.00000 600.00000 0.00000 0.00000 1.00000 1.00000
0.10000 7.68313 4.44112 3.18151 849.00000 600.00000 0.00000 0.00000 1.00000 1.00000
0.10000 7.68204 4.44049 3.18114 849.00000 600.00000 0.00000 0.00000 1.00000 1.00000
0.10000 7.68095 4.43986 3.18078 849.00000 600.00000 0.00000 0.00000 1.00000 1.00000
0.10000 7.67985 4.43922 3.18041 849.00000 600.00000 0.00000 0.00000 1.00000 1.00000
0.10000 7.67875 4.43858 3.18004 849.00000 600.00000 0.00000 0.00000 1.00000 1.00000
0.10000 7.67764 4.43794 3.17967 849.00000 600.00000 0.00000 0.00000 1.00000 1.00000
0.10000 7.67652 4.43730 3.17929 849.00000 600.00000 0.00000 0.00000 1.00000 1.00000
0.10000 7.67540 4.43665 3.17892 849.00000 600.00000 0.00000 0.00000 1.00000 1.00000
0.10000 7.67427 4.43600 3.17854 849.00000 600.00000 0.00000 0.00000 1.00000 1.00000
0.10000 7.67314 4.43534 3.17816 849.00000 600.00000 0.00000 0.00000 1.00000 1.00000
0.10000 7.67201 4.43469 3.17778 849.00000 600.00000 0.00000 0.00000 1.00000 1.00000
0.10000 7.67086 4.43403 3.17740 849.00000 600.00000 0.00000 0.00000 1.00000 1.00000
0.10000 7.66972 4.43336 3.17701 849.00000 600.00000 0.00000 0.00000 1.00000 1.00000
0.10000 7.66856 4.43270 3.17663 849.00000 600.00000 0.00000 0.00000 1.00000 1.00000
0.10000 7.66740 4.43203 3.17624 849.00000 600.00000 0.00000 0.00000 1.00000 1.00000
0.10000 7.66624 4.43135 3.17585 849.00000 600.00000 0.00000 0.00000 1.00000 1.00000
0.10000 7.66507 4.43068 3.17546 849.00000 600.00000 0.00000 0.00000 1.00000 1.00000
0.10000 7.66390 4.43000 3.17507 849.00000 600.00000 0.00000 0.00000 1.00000 1.00000
0.10000 7.66272 4.42932 3.17467 849.00000 600.00000 0.00000 0.00000 1.00000 1.00000
0.10000 7.66153 4.42863 3.17427 849.00000 600.00000 0.00000 0.00000 1.00000 1.00000
0.10000 7.66034 4.42794 3.17388 849.00000 600.00000 0.00000 0.00000 1.00000 1.00000
0.10000 7.65914 4.42725 3.17348 849.00000 600.00000 0.00000 0.00000 1.00000 1.00000
0.10000 7.65794 4.42656 3.17308 849.00000 600.00000 0.00000 0.00000 1.00000 1.00000
0.10000 7.65674 4.42586 3.17267 849.00000 600.00000 0.00000 0.00000 1.00000 1.00000
0.10000 7.65552 4.42516 3.17227 849.00000 600.00000 0.00000 0.00000 1.00000 1.00000
0.10000 7.65431 4.42445 3.17186 849.00000 600.00000 0.00000 0.00000 1.00000 1.00000
0.10000 7.65308 4.42375 3.17145 849.00000 600.00000 0.00000 0.00000 1.00000 1.00000
0.10000 7.65186 4.42304 3.17104 849.00000 600.00000 0.00000 0.00000 1.00000 1.00000
0.10000 7.65062 4.42233 3.17063 849.00000 600.00000 0.00000 0.00000 1.00000 1.00000
0.10000 7.64938 4.42161 3.17022 849.00000 600.00000 0.00000 0.00000 1.00000 1.00000
0.10000 7.64814 4.42089 3.16981 849.00000 600.00000 0.00000 0.00000 1.00000 1.00000
0.10000 7.64689 4.42017 3.16939 849.00000 600.00000 0.00000 0.00000 1.00000 1.00000
0.10000 7.64564 4.41944 3.16897 849.00000 600.00000 0.00000 0.00000 1.00000 1.00000
0.10000 7.64438 4.41872 3.16855 849.00000 600.00000 0.00000 0.00000 1.00000 1.00000
0.10000 7.64311 4.41798 3.16813 849.00000 600.00000 0.00000 0.00000 1.00000 1.00000
0.10000 7.64184 4.41725 3.16771 849.00000 600.00000 0.00000 0.00000 1.00000 1.00000
0.10000 7.64057 4.41651 3.16728 849.00000 600.00000 0.00000 0.00000 1.00000 1.00000
0.10000 7.63929 4.41577 3.16686 849.00000 600.00000 0.00000 0.00000 1.00000 1.00000
0.10000 7.63800 4.41503 3.16643 849.00000 600.00000 0.00000 0.00000 1.00000 1.00000
0.10000 7.63671 4.41429 3.16600 849.00000 600.00000 0.00000 0.00000 1.00000 1.00000
0.10000 7.63542 4.41354 3.16557 849.00000 600.00000 0.00000 0.00000 1.00000 1.00000
0.10000 7.63412 4.41278 3.16514 849.00000 600.00000 0.00000 0.00000 1.00000 1.00000
0.10000 7.63281 4.41203 3.16470 849.00000 600.00000 0.00000 0.00000 1.00000 1.00000
0.10000 7.63150 4.41127 3.16427 849.00000 600.00000 0.00000 0.00000 1.00000 1.00000
0.10000 7.63018 4.41051 3.16383 849.00000 600.00000 0.00000 0.00000 1.00000 1.00000
0.10000 7.62886 4.40975 3.16339 849.00000 600.00000 0.00000 0.00000 1.00000 1.00000
0.10000 7.62754 4.40898 3.16295 849.00000 600.00000 0.00000 0.00000 1.00000 1.00000
0.10000 7.62621 4.40821 3.16251 849.00000 600.00000 0.00000 0.00000 1.00000 1.00000
0.10000 7.62487 4.40744 3.16207 849.00000 600.00000 0.00000 0.00000 1.00000 1.00000
0.10000 7.62354 4.40667 3.16162 849.00000 600.00000 0.00000 0.00000 1.00000 1.00000
0.10000 7.62219 4.40589 3.16118 849.00000 600.00000 0.00000 0.00000 1.00000 1.00000
0.10000 7.62085 4.40512 3.16073 849.00000 600.00000 0.00000 0.00000 1.00000 1.00000
0.10000 7.61950 4.40434 3.16029 849.00000 600.00000 0.00000 0.00000 1.00000 1.00000
0.10000 7.61815 4.40356 3.15984 849.00000 600.00000 0.00000 0.00000 1.00000 1.00000
0.10000 7.61680 4.40278 3.15939 849.00000 600.00000 0.00000 0.00000 1.00000 1.00000
0.10000 7.61545 4.40199 3.15894 849.00000 600.00000 0.00000 0.00000 1.00000 1.00000
0.10000 7.61409 4.40121 3.15849 849.00000 600.00000 0.00000 0.00000 1.00000 1.00000
0.10000 7.61274 4.40043 3.15805 849.00000 600.00000 0.00000 0.00000 1.00000 1.00000
0.10000 7.61138 4.39964 3.15760 849.00000 600.00000 0.00000 0.00000 1.00000 1.00000
0.10000 7.61002 4.39886 3.15715 849.00000 600.00000 0.00000 0.00000 1.00000 1.00000
0.10000 7.60866 4.39807 3.15670 849.00000 600.00000 0.00000 0.00000 1.00000 1.00000
0.10000 7.60730 4.39729 3.15625 849.00000 600.00000 0.00000 0.00000 1.00000 1.00000
0.10000 7.60595 4.39650 3.15580 849.00000 600.00000 0.00000 0.00000 1.00000 1.00000
0.10000 7.60459 4.39572 3.15535 849.00000 600.00000 0.00000 0.00000 1.00000 1.00000
0.10000 7.60323 4.39493 3.15490 849.00000 600.00000 0.00000 0.00000 1.00000 1.00000
0.10000 7.60188 4.39415 3.15445 849.00000 600.00000 0.00000 0.00000 1.00000 1.00000
0.10000 7.60052 4.39336 3.15401 849.00000 600.00000 0.00000 0.00000 1.00000 1.00000
0.10000 7.59917 4.39258 3.15356 849.00000 600.00000 0.00000 0.00000 1.00000 1.00000
0.10000 7.59782 4.39180 3.15311 849.00000 600.00000 0.00000 0.00000 1.00000 1.00000
0.10000 7.59647 4.39102 3.15267 849.00000 600.00000 0.00000 0.00000 1.00000 1.00000
0.10000 7.59512 4.39025 3.15223 849.00000 600.00000 0.00000 0.00000 1.00000 1.00000
0.10000 7.59378 4.38947 3.15178 849.00000 600.00000 0.00000 0.00000 1.00000 1.00000
0.10000 7.59244 4.38870 3.15134 849.00000 600.00000 0.00000 0.00000 1.00000 1.00000
0.10000 7.59111 4.38792 3.15090 849.00000 600.00000 0.00000 0.00000 1.00000 1.00000
0.10000 7.58978 4.38715 3.15046 849.00000 600.00000 0.00000 0.00000 1.00000 1.00000
0.10000 7.58845 4.38639 3.15003 849.00000 600.00000 0.00000 0.00000 1.00000 1.00000
0.10000 7.58713 4.38562 3.14959 849.00000 600.00000 0.00000 0.00000 1.00000 1.00000
0.10000 7.58581 4.38486 3.14916 849.00000 600.00000 0.00000 0.00000 1.00000 1.00000
0.10000 7.58450 4.38410 3.14872 849.00000 600.00000 0.00000 0.00000 1.00000 1.00000
0.10000 7.58319 4.38335 3.14829 849.00000 600.00000 0.00000 0.00000 1.00000 1.00000
0.10000 7.58189 4.38259 3.14787 849.00000 600.00000 0.00000 0.00000 1.00000 1.00000
0.10000 7.58059 4.38185 3.14744 849.00000 600.00000 0.00000 0.00000 1.00000 1.00000
0.10000 7.57931 4.38110 3.14702 849.00000 600.00000 0.00000 0.00000 1.00000 1.00000
0.10000 7.57802 4.38036 3.14659 849.00000 600.00000 0.00000 0.00000 1.00000 1.00000
0.10000 7.57675 4.37962 3.14618 849.00000 600.00000 0.00000 0.00000 1.00000 1.00000
0.10000 7.57548 4.37889 3.14576 849.00000 600.00000 0.00000 0.00000 1.00000 1.00000
0.10000 7.57422 4.37816 3.14534 849.00000 600.00000 0.00000 0.00000 1.00000 1.00000
0.10000 7.57297 4.37744 3.14493 849.00000 600.00000 0.00000 0.00000 1.00000 1.00000
0.10000 7.57172 4.37672 3.14452 849.00000 600.00000 0.00000 0.00000 1.00000 1.00000
0.10000 7.57049 4.37600 3.14412 849.00000 600.00000 0.00000 0.00000 1.00000 1.00000
0.10000 7.56926 4.37530 3.14372 849.00000 600.00000 0.00000 0.00000 1.00000 1.00000
0.10000 7.56804 4.37459 3.14332 849.00000 600.00000 0.00000 0.00000 1.00000 1.00000
0.10000 7.56684 4.37389 3.14292 849.00000 600.00000 0.00000 0.00000 1.00000 1.00000
0.10000 7.56564 4.37320 3.14253 849.00000 600.00000 0.00000 0.00000 1.00000 1.00000
0.10000 7.56445 4.37251 3.14214 849.00000 600.00000 0.00000 0.00000 1.00000 1.00000
0.10000 7.56327 4.37183 3.14175 849.00000 600.00000 0.00000 0.00000 1.00000 1.00000
0.10000 7.56210 4.37116 3.14137 849.00000 600.00000 0.00000 0.00000 1.00000 1.00000
0.10000 7.56094 4.37049 3.14099 849.00000 600.00000 0.00000 0.00000 1.00000 1.00000
0.10000 7.55980 4.36982 3.14061 849.00000 600.00000 0.00000 0.00000 1.00000 1.00000
0.10000 7.55866 4.36917 3.14024 849.00000 600.00000 0.00000 0.00000 1.00000 1.00000
0.10000 7.55753 4.36851 3.13987 849.00000 600.00000 0.00000 0.00000 1.00000 1.00000
0.10000 7.55641 4.36787 3.13951 849.00000 600.00000 0.00000 0.00000 1.00000 1.00000
0.10000 7.55530 4.36723 3.13914 849.00000 600.00000 0.00000 0.00000 1.00000 1.00000
0.10000 7.55420 4.36659 3.13878 849.00000 600.00000 0.00000 0.00000 1.00000 1.00000
0.10000 7.55311 4.36596 3.13843 849.00000 600.00000 0.00000 0.00000 1.00000 1.00000
0.10000 7.55203 4.36534 3.13807 849.00000 600.00000 0.00000 0.00000 1.00000 1.00000
0.10000 7.55096 4.36472 3.13772 849.00000 600.00000 0.00000 0.00000 1.00000 1.00000
0.10000 7.54990 4.36410 3.13738 849.00000 600.00000 0.00000 0.00000 1.00000 1.00000
0.10000 7.54885 4.36350 3.13703 849.00000 600.00000 0.00000 0.00000 1.00000 1.00000
0.10000 7.54781 4.36289 3.13669 849.00000 600.00000 0.00000 0.00000 1.00000 1.00000
0.10000 7.54677 4.36230 3.13635 849.00000 600.00000 0.00000 0.00000 1.00000 1.00000
0.10000 7.54575 4.36170 3.13602 849.00000 600.00000 0.00000 0.00000 1.00000 1.00000
0.10000 7.54473 4.36112 3.13569 849.00000 600.00000 0.00000 0.00000 1.00000 1.00000
0.10000 7.54372 4.36053 3.13536 849.00000 600.00000 0.00000 0.00000 1.00000 1.00000
0.10000 7.54272 4.35996 3.13503 849.00000 600.00000 0.00000 0.00000 1.00000 1.00000
0.10000 7.54173 4.35938 3.13471 849.00000 600.00000 0.00000 0.00000 1.00000 1.00000
0.10000 7.54075 4.35882 3.13439 849.00000 600.00000 0.00000 0.00000 1.00000 1.00000
0.10000 7.53978 4.35825 3.13407 849.00000 600.00000 0.00000 0.00000 1.00000 1.00000
0.10000 7.53882 4.35770 3.13376 849.00000 600.00000 0.00000 0.00000 1.00000 1.00000
0.10000 7.53786 4.35715 3.13345 849.00000 600.00000 0.00000 0.00000 1.00000 1.00000
0.10000 7.53691 4.35660 3.13314 849.00000 600.00000 0.00000 0.00000 1.00000 1.00000
0.10000 7.53597 4.35605 3.13283 849.00000 600.00000 0.00000 0.00000 1.00000 1.00000
0.10000 7.53504 4.35552 3.13253 849.00000 600.00000 0.00000 0.00000 1.00000 1.00000
0.10000 7.53412 4.35498 3.13223 849.00000 600.00000 0.00000 0.00000 1.00000 1.00000
0.10000 7.53321 4.35445 3.13193 849.00000 600.00000 0.00000 0.00000 1.00000 1.00000
0.10000 7.53230 4.35393 3.13163 849.00000 600.00000 0.00000 0.00000 1.00000 1.00000
0.10000 7.53140 4.35341 3.13134 849.00000 600.00000 0.00000 0.00000 1.00000 1.00000
0.10000 7.53051 4.35290 3.13105 849.00000 600.00000 0.00000 0.00000 1.00000 1.00000
0.10000 7.52963 4.35239 3.13076 849.00000 600.00000 0.00000 0.00000 1.00000 1.00000
0.10000 7.52875 4.35188 3.13048 849.00000 600.00000 0.00000 0.00000 1.00000 1.00000
0.10000 7.52788 4.35138 3.13020 849.00000 600.00000 0.00000 0.00000 1.00000 1.00000
0.10000 7.52702 4.35088 3.12992 849.00000 600.00000 0.00000 0.00000 1.00000 1.00000
0.10000 7.52617 4.35039 3.12964 849.00000 600.00000 0.00000 0.00000 1.00000 1.00000
0.10000 7.52533 4.34990 3.12936 849.00000 600.00000 0.00000 0.00000 1.00000 1.00000
0.10000 7.52449 4.34941 3.12909 849.00000 600.00000 0.00000 0.00000 1.00000 1.00000
0.10000 7.52366 4.34893 3.12882 849.00000 600.00000 0.00000 0.00000 1.00000 1.00000
0.10000 7.52283 4.34846 3.12855 849.00000 600.00000 0.00000 0.00000 1.00000 1.00000
0.10000 7.52202 4.34799 3.12829 849.00000 600.00000 0.00000 0.00000 1.00000 1.00000
0.10000 7.52121 4.34752 3.12802 849.00000 600.00000 0.00000 0.00000 1.00000 1.00000
0.10000 7.52040 4.34705 3.12776 849.00000 600.00000 0.00000 0.00000 1.00000 1.00000
0.10000 7.51961 4.34659 3.12751 849.00000 600.00000 0.00000 0.00000 1.00000 1.00000
0.10000 7.51882 4.34614 3.12725 849.00000 600.00000 0.00000 0.00000 1.00000 1.00000
0.10000 7.51804 4.34569 3.12699 849.00000 600.00000 0.00000 0.00000 1.00000 1.00000
0.10000 7.51726 4.34524 3.12674 849.00000 600.00000 0.00000 0.00000 1.00000 1.00000
0.10000 7.51649 4.34479 3.12649 849.00000 600.00000 0.00000 0.00000 1.00000 1.00000
0.10000 7.51573 4.34435 3.12625 849.00000 600.00000 0.00000 0.00000 1.00000 1.00000
0.10000 7.51497 4.34392 3.12600 849.00000 600.00000 0.00000 0.00000 1.00000 1.00000
0.10000 7.51423 4.34348 3.12576 849.00000 600.00000 0.00000 0.00000 1.00000 1.00000
0.10000 7.51348 4.34305 3.12552 849.00000 600.00000 0.00000 0.00000 1.00000 1.00000
0.10000 7.51274 4.34263 3.12528 849.00000 600.00000 0.00000 0.00000 1.00000 1.00000
0.10000 7.51201 4.34220 3.12504 849.00000 600.00000 0.00000 0.00000 1.00000 1.00000
0.10000 7.51129 4.34179 3.12481 849.00000 600.00000 0.00000 0.00000 1.00000 1.00000
0.10000 7.51057 4.34137 3.12457 849.00000 600.00000 0.00000 0.00000 1.00000 1.00000
0.10000 7.50986 4.34096 3.12434 849.00000 600.00000 0.00000 0.00000 1.00000 1.00000
0.10000 7.50915 4.34055 3.12411 849.00000 600.00000 0.00000 0.00000 1.00000 1.00000
0.10000 7.50845 4.34014 3.12388 849.00000 600.00000 0.00000 0.00000 1.00000 1.00000
0.10000 7.50775 4.33974 3.12366 849.00000 600.00000 0.00000 0.00000 1.00000 1.00000
0.10000 7.50706 4.33934 3.12344 849.00000 600.00000 0.00000 0.00000 1.00000 1.00000
0.10000 7.50638 4.33895 3.12321 849.00000 600.00000 0.00000 0.00000 1.00000 1.00000
0.10000 7.50570 4.33856 3.12299 849.00000 600.00000 0.00000 0.00000 1.00000 1.00000
0.10000 7.50503 4.33817 3.12278 849.00000 600.00000 0.00000 0.00000 1.00000 1.00000
0.10000 7.50436 4.33778 3.12256 849.00000 600.00000 0.00000 0.00000 1.00000 1.00000
0.10000 7.50370 4.33740 3.12235 849.00000 600.00000 0.00000 0.00000 1.00000 1.00000
0.10000 7.50304 4.33702 3.12213 849.00000 600.00000 0.00000 0.00000 1.00000 1.00000
0.10000 7.50239 4.33664 3.12192 849.00000 600.00000 0.00000 0.00000 1.00000 1.00000
0.10000 7.50174 4.33627 3.12171 849.00000 600.00000 0.00000 0.00000 1.00000 1.00000
0.10000 7.50110 4.33589 3.12150 849.00000 600.00000 0.00000 0.00000 1.00000 1.00000
0.10000 7.50046 4.33553 3.12130 849.00000 600.00000 0.00000 0.00000 1.00000 1.00000
0.10000 7.49983 4.33516 3.12109 849.00000 600.00000 0.00000 0.00000 1.00000 1.00000
0.10000 7.49920 4.33480 3.12089 849.00000 600.00000 0.00000 0.00000 1.00000 1.00000
0.10000 7.49858 4.33444 3.12069 849.00000 600.00000 0.00000 0.00000 1.00000 1.00000
0.10000 7.49796 4.33408 3.12049 849.00000 600.00000 0.00000 0.00000 1.00000 1.00000
0.10000 7.49734 4.33373 3.12029 849.00000 600.00000 0.00000 0.00000 1.00000 1.00000
0.10000 7.49673 4.33337 3.12009 849.00000 600.00000 0.00000 0.00000 1.00000 1.00000
0.10000 7.49613 4.33302 3.11990 849.00000 600.00000 0.00000 0.00000 1.00000 1.00000
0.10000 7.49553 4.33268 3.11970 849.00000 600.00000 0.00000 0.00000 1.00000 1.00000
0.10000 7.49493 4.33233 3.11951 849.00000 600.00000 0.00000 0.00000 1.00000 1.00000
0.10000 7.49434 4.33199 3.11932 849.00000 600.00000 0.00000 0.00000 1.00000 1.00000
0.10000 7.49375 4.33165 3.11913 849.00000 600.00000 0.00000 0.00000 1.00000 1.00000
0.10000 7.49317 4.33131 3.11894 849.00000 600.00000 0.00000 0.00000 1.00000 1.00000
0.10000 7.49259 4.33098 3.11875 849.00000 600.00000 0.00000 0.00000 1.00000 1.00000
0.10000 7.49201 4.33064 3.11857 849.00000 600.00000 0.00000 0.00000 1.00000 1.00000
0.10000 7.49144 4.33031 3.11838 849.00000 600.00000 0.00000 0.00000 1.00000 1.00000
0.10000 7.49087 4.32998 3.11820 849.00000 600.00000 0.00000 0.00000 1.00000 1.00000
0.10000 7.49030 4.32966 3.11801 849.00000 600.00000 0.00000 0.00000 1.00000 1.00000
0.10000 7.48974 4.32933 3.11783 849.00000 600.00000 0.00000 0.00000 1.00000 1.00000
0.10000 7.48918 4.32901 3.11765 849.00000 600.00000 0.00000 0.00000 1.00000 1.00000
0.10000 7.48863 4.32869 3.11747 849.00000 600.00000 0.00000 0.00000 1.00000 1.00000
0.10000 7.48808 4.32837 3.11730 849.00000 600.00000 0.00000 0.00000 1.00000 1.00000
0.10000 7.48753 4.32805 3.11712 849.00000 600.00000 0.00000 0.00000 1.00000 1.00000
0.10000 7.48699 4.32774 3.11694 849.00000 600.00000 0.00000 0.00000 1.00000 1.00000
0.10000 7.48644 4.32742 3.11677 849.00000 600.00000 0.00000 0.00000 1.00000 1.00000
0.10000 7.48591 4.32711 3.11660 849.00000 600.00000 0.00000 0.00000 1.00000 1.00000
0.10000 7.48537 4.32680 3.11642 849.00000 600.00000 0.00000 0.00000 1.00000 1.00000
0.10000 7.48484 4.32650 3.11625 849.00000 600.00000 0.00000 0.00000 1.00000 1.00000
0.10000 7.48431 4.32619 3.11608 849.00000 600.00000 0.00000 0.00000 1.00000 1.00000
0.10000 7.48378 4.32589 3.11591 849.00000 600.00000 0.00000 0.00000 1.00000 1.00000
0.10000 7.48326 4.32558 3.11574 849.00000 600.00000 0.00000 0.00000 1.00000 1.00000
0.10000 7.48274 4.32528 3.11557 849.00000 600.00000 0.00000 0.00000 1.00000 1.00000
0.10000 7.48222 4.32498 3.11541 849.00000 600.00000 0.00000 0.00000 1.00000 1.00000
0.10000 7.48170 4.32468 3.11524 849.00000 600.00000 0.00000 0.00000 1.00000 1.00000
0.10000 7.48119 4.32439 3.11507 849.00000 600.00000 0.00000 0.00000 1.00000 1.00000
0.10000 7.48067 4.32409 3.11491 849.00000 600.00000 0.00000 0.00000 1.00000 1.00000
0.10000 7.48017 4.32379 3.11474 849.00000 600.00000 0.00000 0.00000 1.00000 1.00000
0.10000 7.47966 4.32350 3.11458 849.00000 600.00000 0.00000 0.00000 1.00000 1.00000
0.10000 7.47915 4.32321 3.11442 849.00000 600.00000 0.00000 0.00000 1.00000 1.00000
0.10000 7.47865 4.32292 3.11426 849.00000 600.00000 0.00000 0.00000 1.00000 1.00000
0.10000 7.47815 4.32263 3.11410 849.00000 600.00000 0.00000 0.00000 1.00000 1.00000
0.10000 7.47765 4.32234 3.11393 849.00000 600.00000 0.00000 0.00000 1.00000 1.00000
0.10000 7.47715 4.32205 3.11377 849.00000 600.00000 0.00000 0.00000 1.00000 1.00000
0.10000 7.47666 4.32177 3.11361 849.00000 600.00000 0.00000 0.00000 1.00000 1.00000
0.10000 7.47616 4.32148 3.11346 849.00000 600.00000 0.00000 0.00000 1.00000 1.00000
0.10000 7.47567 4.32120 3.11330 849.00000 600.00000 0.00000 0.00000 1.00000 1.00000
0.10000 7.47518 4.32091 3.11314 849.00000 600.00000 0.00000 0.00000 1.00000 1.00000
0.10000 7.47469 4.32063 3.11298 849.00000 600.00000 0.00000 0.00000 1.00000 1.00000
0.10000 7.47420 4.32035 3.11282 849.00000 600.00000 0.00000 0.00000 1.00000 1.00000
0.10000 7.47372 4.32007 3.11267 849.00000 600.00000 0.00000 0.00000 1.00000 1.00000
0.10000 7.47323 4.31979 3.11251 849.00000 600.00000 0.00000 0.00000 1.00000 1.00000
0.10000 7.47275 4.31951 3.11236 849.00000 600.00000 0.00000 0.00000 1.00000 1.00000
0.10000 7.47226 4.31923 3.11220 849.00000 600.00000 0.00000 0.00000 1.00000 1.00000
0.10000 7.47178 4.31895 3.11205 849.00000 600.00000 0.00000 0.00000 1.00000 1.00000
0.10000 7.47130 4.31867 3.11189 849.00000 600.00000 0.00000 0.00000 1.00000 1.00000
0.10000 7.47082 4.31839 3.11174 849.00000 600.00000 0.00000 0.00000 1.00000 1.00000
0.10000 7.47034 4.31812 3.11158 849.00000 600.00000 0.00000 0.00000 1.00000 1.00000
0.10000 7.46986 4.31784 3.11143 849.00000 600.00000 0.00000 0.00000 1.00000 1.00000
0.10000 7.46938 4.31756 3.11127 849.00000 600.00000 0.00000 0.00000 1.00000 1.00000
0.10000 7.46891 4.31729 3.11112 849.00000 600.00000 0.00000 0.00000 1.00000 1.00000
0.10000 7.46843 4.31701 3.11097 849.00000 600.00000 0.00000 0.00000 1.00000 1.00000
0.10000 7.46795 4.31674 3.11082 849.00000 600.00000 0.00000 0.00000 1.00000 1.00000
0.10000 7.46748 4.31646 3.11066 849.00000 600.00000 0.00000 0.00000 1.00000 1.00000
0.10000 7.46700 4.31619 3.11051 849.00000 600.00000 0.00000 0.00000 1.00000 1.00000
0.10000 7.46653 4.31591 3.11036 849.00000 600.00000 0.00000 0.00000 1.00000 1.00000
0.10000 7.46605 4.31564 3.11020 849.00000 600.00000 0.00000 0.00000 1.00000 1.00000
0.10000 7.46558 4.31536 3.11005 849.00000 600.00000 0.00000 0.00000 1.00000 1.00000
0.10000 7.46510 4.31509 3.10990 849.00000 600.00000 0.00000 0.00000 1.00000 1.00000
0.10000 7.46463 4.31481 3.10975 849.00000 600.00000 0.00000 0.00000 1.00000 1.00000
0.10000 7.46415 4.31454 3.10959 849.00000 600.00000 0.00000 0.00000 1.00000 1.00000
0.10000 7.46367 4.31426 3.10944 849.00000 600.00000 0.00000 0.00000 1.00000 1.00000
0.10000 7.46320 4.31399 3.10929 849.00000 600.00000 0.00000 0.00000 1.00000 1.00000
0.10000 7.46272 4.31371 3.10913 849.00000 600.00000 0.00000 0.00000 1.00000 1.00000
0.10000 7.46224 4.31344 3.10898 849.00000 600.00000 0.00000 0.00000 1.00000 1.00000
0.10000 7.46177 4.31316 3.10883 849.00000 600.00000 0.00000 0.00000 1.00000 1.00000
0.10000 7.46129 4.31288 3.10867 849.00000 600.00000 0.00000 0.00000 1.00000 1.00000
0.10000 7.46081 4.31261 3.10852 849.00000 600.00000 0.00000 0.00000 1.00000 1.00000
0.10000 7.46033 4.31233 3.10837 849.00000 600.00000 0.00000 0.00000 1.00000 1.00000
0.10000 7.45985 4.31205 3.10821 849.00000 600.00000 0.00000 0.00000 1.00000 1.00000
0.10000 7.45937 4.31177 3.10806 849.00000 600.00000 0.00000 0.00000 1.00000 1.00000
0.10000 7.45889 4.31150 3.10790 849.00000 600.00000 0.00000 0.00000 1.00000 1.00000
0.10000 7.45841 4.31122 3.10775 849.00000 600.00000 0.00000 0.00000 1.00000 1.00000
0.10000 7.45792 4.31094 3.10759 849.00000 600.00000 0.00000 0.00000 1.00000 1.00000
0.10000 7.45744 4.31066 3.10744 849.00000 600.00000 0.00000 0.00000 1.00000 1.00000
0.10000 7.45695 4.31038 3.10728 849.00000 600.00000 0.00000 0.00000 1.00000 1.00000
0.10000 7.45646 4.31009 3.10713 849.00000 600.00000 0.00000 0.00000 1.00000 1.00000
0.10000 7.45597 4.30981 3.10697 849.00000 600.00000 0.00000 0.00000 1.00000 1.00000
0.10000 7.45548 4.30953 3.10681 849.00000 600.00000 0.00000 0.00000 1.00000 1.00000
0.10000 7.45499 4.30924 3.10665 849.00000 600.00000 0.00000 0.00000 1.00000 1.00000
0.10000 7.45450 4.30896 3.10650 849.00000 600.00000 0.00000 0.00000 1.00000 1.00000
0.10000 7.45400 4.30867 3.10634 849.00000 600.00000 0.00000 0.00000 1.00000 1.00000
0.10000 7.45350 4.30838 3.10618 849.00000 600.00000 0.00000 0.00000 1.00000 1.00000
0.10000 7.45300 4.30810 3.10602 849.00000 600.00000 0.00000 0.00000 1.00000 1.00000
0.10000 7.45250 4.30781 3.10586 849.00000 600.00000 0.00000 0.00000 1.00000 1.00000
0.10000 7.45200 4.30751 3.10570 849.00000 600.00000 0.00000 0.00000 1.00000 1.00000
0.10000 7.45150 4.30722 3.10554 849.00000 600.00000 0.00000 0.00000 1.00000 1.00000
0.10000 7.45099 4.30693 3.10537 849.00000 600.00000 0.00000 0.00000 1.00000 1.00000
0.10000 7.45048 4.30664 3.10521 849.00000 600.00000 0.00000 0.00000 1.00000 1.00000
0.10000 7.44997 4.30634 3.10505 849.00000 600.00000 0.00000 0.00000 1.00000 1.00000
0.10000 7.44945 4.30604 3.10488 849.00000 600.00000 0.00000 0.00000 1.00000 1.00000
0.10000 7.44894 4.30574 3.10472 849.00000 600.00000 0.00000 0.00000 1.00000 1.00000
0.10000 7.44842 4.30544 3.10455 849.00000 600.00000 0.00000 0.00000 1.00000 1.00000
0.10000 7.44790 4.30514 3.10438 849.00000 600.00000 0.00000 0.00000 1.00000 1.00000
0.10000 7.44737 4.30484 3.10422 849.00000 600.00000 0.00000 0.00000 1.00000 1.00000
0.10000 7.44685 4.30454 3.10405 849.00000 600.00000 0.00000 0.00000 1.00000 1.00000
0.10000 7.44632 4.30423 3.10388 849.00000 600.00000 0.00000 0.00000 1.00000 1.00000
0.10000 7.44579 4.30392 3.10371 849.00000 600.00000 0.00000 0.00000 1.00000 1.00000
0.10000 7.44525 4.30361 3.10354 849.00000 600.00000 0.00000 0.00000 1.00000 1.00000
0.10000 7.44471 4.30330 3.10336 849.00000 600.00000 0.00000 0.00000 1.00000 1.00000
0.10000 7.44417 4.30299 3.10319 849.00000 600.00000 0.00000 0.00000 1.00000 1.00000
0.10000 7.44363 4.30267 3.10302 849.00000 600.00000 0.00000 0.00000 1.00000 1.00000
0.10000 7.44308 4.30236 3.10284 849.00000 600.00000 0.00000 0.00000 1.00000 1.00000
0.10000 7.44253 4.30204 3.10267 849.00000 600.00000 0.00000 0.00000 1.00000 1.00000
0.10000 7.44197 4.30172 3.10249 849.00000 600.00000 0.00000 0.00000 1.00000 1.00000
0.10000 7.44142 4.30140 3.10231 849.00000 600.00000 0.00000 0.00000 1.00000 1.00000
0.10000 7.44085 4.30107 3.10213 849.00000 600.00000 0.00000 0.00000 1.00000 1.00000
0.10000 7.44029 4.30075 3.10195 849.00000 600.00000 0.00000 0.00000 1.00000 1.00000
0.10000 7.43972 4.30042 3.10177 849.00000 600.00000 0.00000 0.00000 1.00000 1.00000
0.10000 7.43915 4.30009 3.10159 849.00000 600.00000 0.00000 0.00000 1.00000 1.00000
0.10000 7.43857 4.29975 3.10140 849.00000 600.00000 0.00000 0.00000 1.00000 1.00000
0.10000 7.43799 4.29942 3.10122 849.00000 600.00000 0.00000 0.00000 1.00000 1.00000
0.10000 7.43741 4.29908 3.10103 849.00000 600.00000 0.00000 0.00000 1.00000 1.00000
0.10000 7.43682 4.29874 3.10084 849.00000 600.00000 0.00000 0.00000 1.00000 1.00000
0.10000 7.43623 4.29840 3.10065 849.00000 600.00000 0.00000 0.00000 1.00000 1.00000
0.10000 7.43563 4.29805 3.10046 849.00000 600.00000 0.00000 0.00000 1.00000 1.00000
0.10000 7.43503 4.29771 3.10027 849.00000 600.00000 0.00000 0.00000 1.00000 1.00000
0.10000 7.43443 4.29736 3.10008 849.00000 600.00000 0.00000 0.00000 1.00000 1.00000
0.10000 7.43382 4.29700 3.09988 849.00000 600.00000 0.00000 0.00000 1.00000 1.00000
0.10000 7.43320 4.29665 3.09969 849.00000 600.00000 0.00000 0.00000 1.00000 1.00000
0.10000 7.43259 4.29629 3.09949 849.00000 600.00000 0.00000 0.00000 1.00000 1.00000
0.10000 7.43196 4.29593 3.09929 849.00000 600.00000 0.00000 0.00000 1.00000 1.00000
0.10000 7.43134 4.29557 3.09909 849.00000 600.00000 0.00000 0.00000 1.00000 1.00000
0.10000 7.43070 4.29520 3.09889 849.00000 600.00000 0.00000 0.00000 1.00000 1.00000
0.10000 7.43007 4.29484 3.09869 849.00000 600.00000 0.00000 0.00000 1.00000 1.00000
0.10000 7.42942 4.29447 3.09848 849.00000 600.00000 0.00000 0.00000 1.00000 1.00000
0.10000 7.42878 4.29409 3.09828 849.00000 600.00000 0.00000 0.00000 1.00000 1.00000
0.10000 7.42813 4.29371 3.09807 849.00000 600.00000 0.00000 0.00000 1.00000 1.00000
0.10000 7.42747 4.29333 3.09786 849.00000 600.00000 0.00000 0.00000 1.00000 1.00000
0.10000 7.42681 4.29295 3.09765 849.00000 600.00000 0.00000 0.00000 1.00000 1.00000
0.10000 7.42614 4.29257 3.09744 849.00000 600.00000 0.00000 0.00000 1.00000 1.00000
0.10000 7.42547 4.29218 3.09722 849.00000 600.00000 0.00000 0.00000 1.00000 1.00000
0.10000 7.42479 4.29178 3.09701 849.00000 600.00000 0.00000 0.00000 1.00000 1.00000
0.10000 7.42410 4.29139 3.09679 849.00000 600.00000 0.00000 0.00000 1.00000 1.00000
0.10000 7.42341 4.29099 3.09657 849.00000 600.00000 0.00000 0.00000 1.00000 1.00000
0.10000 7.42272 4.29059 3.09635 849.00000 600.00000 0.00000 0.00000 1.00000 1.00000
0.10000 7.42202 4.29018 3.09612 849.00000 600.00000 0.00000 0.00000 1.00000 1.00000
0.10000 7.42131 4.28978 3.09590 849.00000 600.00000 0.00000 0.00000 1.00000 1.00000
0.10000 7.42060 4.28936 3.09567 849.00000 600.00000 0.00000 0.00000 1.00000 1.00000
0.10000 7.41988 4.28895 3.09544 849.00000 600.00000 0.00000 0.00000 1.00000 1.00000
0.10000 7.41916 4.28853 3.09521 849.00000 600.00000 0.00000 0.00000 1.00000 1.00000
0.10000 7.41843 4.28811 3.09498 849.00000 600.00000 0.00000 0.00000 1.00000 1.00000
0.10000 7.41769 4.28768 3.09475 849.00000 600.00000 0.00000 0.00000 1.00000 1.00000
0.00000 7.41769 4.28768 3.09475 849.00000 600.00000 0.00000 0.00000 1.00000 1.00000
