0	-1.821599
0.1	-2.100662
0.2	-2.375807
0.3	-2.647138
0.4	-2.914758
0.5	-3.178771
0.6	-3.439283
0.7	-3.696403
0.8	-3.950239
0.9	-4.200899
1	-4.448495
1.1	-4.693137
1.2	-4.934936
1.3	-5.174003
1.4	-5.41045
1.5	-5.644389
1.6	-5.875932
1.7	-6.10519
1.8	-6.332275
1.9	-6.557301
2	-6.780377
2.1	-7.001616
2.2	-7.221128
2.3	-7.439026
2.4	-7.65542
2.5	-7.87042
2.6	-8.084137
2.7	-8.296681
2.8	-8.508161
2.9	-8.718688
3	-8.928369
3.1	-9.137314
3.2	-9.345632
3.3	-9.55343
3.4	-9.760815
3.5	-9.967897
3.6	-10.17478
3.7	-10.381573
3.8	-10.58838
3.9	-10.795309
4	-11.002464
4.1	-11.209951
4.2	-11.417873
4.3	-11.626335
4.4	-11.835439
4.5	-12.04529
4.6	-12.255988
4.7	-12.467636
4.8	-12.680334
4.9	-12.894181
5	-13.109276
5.1	-13.325717
5.2	-13.543601
5.3	-13.763022
5.4	-13.984074
5.5	-14.206849
5.6	-14.431437
5.7	-14.657927
5.8	-14.886403
5.9	-15.116949
6	-15.349646
6.1	-15.58457
6.2	-15.821796
6.3	-16.061392
6.4	-16.303425
6.5	-16.547954
6.6	-16.795035
6.7	-17.044717
6.8	-17.297042
6.9	-17.552047
7	-17.809759
7.1	-18.070195
7.2	-18.333366
7.3	-18.599269
7.4	-18.867891
7.5	-19.139205
7.6	-19.413172
7.7	-19.689734
7.8	-19.968819
7.9	-20.250335
8	-20.534171
8.1	-20.820191
8.2	-21.108239
8.3	-21.398129
8.4	-21.689648
8.5	-21.982551
8.6	-22.27656
8.7	-22.571361
8.8	-22.866598
8.9	-23.161875
9	-23.456747
9.1	-23.750721
9.2	-24.04325
9.3	-24.333729
9.4	-24.621492
9.5	-24.905807
9.6	-25.185871
9.7	-25.460808
9.8	-25.729661
9.9	-25.991392
10	-26.244874
10.1	-26.488887
10.2	-26.722116
10.3	-26.943148
10.4	-27.150465
10.5	-27.342446
10.6	-27.517363
10.7	-27.67338
10.8	-27.808558
10.9	-27.920851
11	-28.008116
11.1	-28.068115
11.2	-28.098527
11.3	-28.096958
11.4	-28.060958
11.5	-27.988036
11.6	-27.875686
11.7	-27.721415
11.8	-27.522771
11.9	-27.277385
12	-26.98301
12.1	-26.637571
12.2	-26.23922
12.3	-25.786389
12.4	-25.277861
12.5	-24.712832
12.6	-24.090988
12.7	-23.412569
12.8	-22.678449
12.9	-21.890205
13	-21.05018
13.1	-20.161547
13.2	-19.22835
13.3	-18.255548
13.4	-17.249022
13.5	-16.215579
13.6	-15.162923
13.7	-14.099599
13.8	-13.034914
13.9	-11.978825
14	-10.941798
14.1	-9.934643
14.2	-8.968317
14.3	-8.053716
14.4	-7.201446
14.5	-6.42159
14.6	-5.723473
14.7	-5.11544
14.8	-4.604653
14.9	-4.196907
15	-3.896492
15.1	-3.706086
15.2	-3.626698
15.3	-3.657657
15.4	-3.796649
15.5	-4.039795
15.6	-4.381779
15.7	-4.816002
15.8	-5.334767
15.9	-5.929491
16	-6.590917
16.1	-7.309336
16.2	-8.074807
16.3	-8.877357
16.4	-9.707174
16.5	-10.55477
16.6	-11.411126
16.7	-12.267809
16.8	-13.117057
16.9	-13.951851
17	-14.765948
17.1	-15.553904
17.2	-16.311069
17.3	-17.03357
17.4	-17.718281
17.5	-18.362778
17.6	-18.965291
17.7	-19.524646
17.8	-20.040208
17.9	-20.51182
18	-20.939747
18.1	-21.32461
18.2	-21.667342
18.3	-21.969125
18.4	-22.231352
18.5	-22.455576
18.6	-22.643475
18.7	-22.796816
18.8	-22.917424
18.9	-23.007155
19	-23.067873
19.1	-23.101433
19.2	-23.109662
19.3	-23.094347
19.4	-23.057225
19.5	-22.999971
19.6	-22.9242
19.7	-22.831451
19.8	-22.723193
19.9	-22.600821
20	-22.465652
20.1	-22.318929
20.2	-22.16182
20.3	-21.99542
20.4	-21.820753
20.5	-21.638775
20.6	-21.450373
20.7	-21.256375
20.8	-21.057545
20.9	-20.854591
21	-20.648167
21.1	-20.438875
21.2	-20.227268
21.3	-20.013855
21.4	-19.799102
21.5	-19.583434
21.6	-19.367241
21.7	-19.150875
21.8	-18.934658
21.9	-18.718882
22	-18.50381
22.1	-18.289681
22.2	-18.076707
22.3	-17.865082
22.4	-17.654975
22.5	-17.44654
22.6	-17.239912
22.7	-17.035211
22.8	-16.83254
22.9	-16.63199
23	-16.433642
23.1	-16.237561
23.2	-16.043806
23.3	-15.852424
23.4	-15.663454
23.5	-15.476928
23.6	-15.292869
23.7	-15.111295
23.8	-14.932218
23.9	-14.755644
24	-14.581575
24.1	-14.410007
24.2	-14.240935
24.3	-14.074347
24.4	-13.91023
24.5	-13.748568
24.6	-13.589343
24.7	-13.432533
24.8	-13.278114
24.9	-13.126063
25	-12.976354
25.1	-12.828958
25.2	-12.683846
25.3	-12.54099
25.4	-12.400359
25.5	-12.261921
25.6	-12.125645
25.7	-11.991498
25.8	-11.859449
25.9	-11.729464
26	-11.60151
26.1	-11.475555
26.2	-11.351565
26.3	-11.229508
26.4	-11.10935
26.5	-10.991059
26.6	-10.874603
26.7	-10.759948
26.8	-10.647064
26.9	-10.535919
27	-10.42648
27.1	-10.318718
27.2	-10.212601
27.3	-10.1081
27.4	-10.005184
27.5	-9.903824
27.6	-9.803992
27.7	-9.705658
27.8	-9.608796
27.9	-9.513376
28	-9.419373
28.1	-9.326759
28.2	-9.235508
28.3	-9.145595
28.4	-9.056995
28.5	-8.969682
28.6	-8.883633
28.7	-8.798823
28.8	-8.71523
28.9	-8.63283
29	-8.5516
29.1	-8.47152
29.2	-8.392567
29.3	-8.31472
29.4	-8.237959
29.5	-8.162263
29.6	-8.087612
29.7	-8.013988
29.8	-7.94137
29.9	-7.869741
30	-7.799082
30.1	-7.729375
30.2	-7.660603
30.3	-7.592748
30.4	-7.525795
30.5	-7.459726
30.6	-7.394525
30.7	-7.330177
30.8	-7.266667
30.9	-7.203979
31	-7.142099
31.1	-7.081012
31.2	-7.020705
31.3	-6.961162
31.4	-6.902372
31.5	-6.844321
31.6	-6.786996
31.7	-6.730384
31.8	-6.674472
31.9	-6.61925
32	-6.564705
32.1	-6.510825
32.2	-6.457599
32.3	-6.405015
32.4	-6.353064
32.5	-6.301735
32.6	-6.251016
32.7	-6.200898
32.8	-6.151372
32.9	-6.102426
33	-6.054052
33.1	-6.006239
33.2	-5.95898
33.3	-5.912265
33.4	-5.866086
33.5	-5.820433
33.6	-5.775298
33.7	-5.730673
33.8	-5.68655
33.9	-5.642921
34	-5.599778
34.1	-5.557114
34.2	-5.514921
34.3	-5.473192
34.4	-5.431919
34.5	-5.391096
34.6	-5.350717
34.7	-5.310773
34.8	-5.271259
34.9	-5.232168
35	-5.193493
35.1	-5.155229
35.2	-5.11737
35.3	-5.079909
35.4	-5.042841
35.5	-5.00616
35.6	-4.96986
35.7	-4.933935
35.8	-4.898381
35.9	-4.863192
36	-4.828363
36.1	-4.793888
36.2	-4.759763
36.3	-4.725983
36.4	-4.692543
36.5	-4.659438
36.6	-4.626664
36.7	-4.594215
36.8	-4.562088
36.9	-4.530278
37	-4.498781
37.1	-4.467592
37.2	-4.436708
37.3	-4.406124
37.4	-4.375836
37.5	-4.345841
37.6	-4.316134
37.7	-4.286711
37.8	-4.25757
37.9	-4.228705
38	-4.200115
38.1	-4.171794
38.2	-4.14374
38.3	-4.115949
38.4	-4.088418
38.5	-4.061143
38.6	-4.034122
38.7	-4.00735
38.8	-3.980826
38.9	-3.954545
39	-3.928505
39.1	-3.902703
39.2	-3.877136
39.3	-3.8518
39.4	-3.826694
39.5	-3.801814
39.6	-3.777157
39.7	-3.752722
39.8	-3.728504
39.9	-3.704502
40	-3.680714
40.1	-3.657135
40.2	-3.633765
40.3	-3.6106
40.4	-3.587638
40.5	-3.564877
40.6	-3.542314
40.7	-3.519947
40.8	-3.497774
40.9	-3.475792
41	-3.454
41.1	-3.432395
41.2	-3.410975
41.3	-3.389738
41.4	-3.368682
41.5	-3.347804
41.6	-3.327104
41.7	-3.306578
41.8	-3.286225
41.9	-3.266043
42	-3.24603
42.1	-3.226185
42.2	-3.206504
42.3	-3.186987
42.4	-3.167632
42.5	-3.148437
42.6	-3.1294
42.7	-3.11052
42.8	-3.091794
42.9	-3.073222
43	-3.054801
43.1	-3.03653
43.2	-3.018408
43.3	-3.000432
43.4	-2.982602
43.5	-2.964915
43.6	-2.94737
43.7	-2.929966
43.8	-2.912701
43.9	-2.895574
44	-2.878583
44.1	-2.861727
44.2	-2.845005
44.3	-2.828415
44.4	-2.811956
44.5	-2.795626
44.6	-2.779424
44.7	-2.763349
44.8	-2.7474
44.9	-2.731575
45	-2.715873
45.1	-2.700293
45.2	-2.684833
45.3	-2.669493
45.4	-2.654271
45.5	-2.639167
45.6	-2.624178
45.7	-2.609303
45.8	-2.594543
45.9	-2.579895
46	-2.565358
46.1	-2.550931
46.2	-2.536614
46.3	-2.522405
46.4	-2.508303
46.5	-2.494307
46.6	-2.480417
46.7	-2.46663
46.8	-2.452946
46.9	-2.439365
47	-2.425885
47.1	-2.412504
47.2	-2.399223
47.3	-2.38604
47.4	-2.372955
47.5	-2.359966
47.6	-2.347072
47.7	-2.334274
47.8	-2.321568
47.9	-2.308956
48	-2.296436
48.1	-2.284007
48.2	-2.271668
48.3	-2.259419
48.4	-2.247258
48.5	-2.235185
48.6	-2.223199
48.7	-2.2113
48.8	-2.199485
48.9	-2.187756
49	-2.17611
49.1	-2.164548
49.2	-2.153068
49.3	-2.14167
49.4	-2.130352
49.5	-2.119115
49.6	-2.107957
49.7	-2.096878
49.8	-2.085877
49.9	-2.074954
50	-2.064107