0.10000 2.52149 1.45751 2.09982 849.00000 600.00000 0.00000 0.00000 1.00000 1.00000
0.10000 2.68939 1.55456 2.14819 849.00000 600.00000 0.00000 0.00000 1.00000 1.00000
0.10000 2.84809 1.64629 2.18887 849.00000 600.00000 0.00000 0.00000 1.00000 1.00000
0.10000 2.99871 1.73336 2.22358 849.00000 600.00000 0.00000 0.00000 1.00000 1.00000
0.10000 3.14242 1.81643 2.25364 849.00000 600.00000 0.00000 0.00000 1.00000 1.00000
0.10000 3.28036 1.89616 2.28010 849.00000 600.00000 0.00000 0.00000 1.00000 1.00000
0.10000 3.41366 1.97322 2.30379 849.00000 600.00000 0.00000 0.00000 1.00000 1.00000
0.10000 3.54349 2.04826 2.32538 849.00000 600.00000 0.00000 0.00000 1.00000 1.00000
0.10000 3.67099 2.12196 2.34540 849.00000 600.00000 0.00000 0.00000 1.00000 1.00000
0.10000 3.79730 2.19497 2.36433 849.00000 600.00000 0.00000 0.00000 1.00000 1.00000
0.10000 3.92349 2.26791 2.38255 849.00000 600.00000 0.00000 0.00000 1.00000 1.00000
0.10000 4.04860 2.34023 2.40013 849.00000 600.00000 0.00000 0.00000 1.00000 1.00000
0.10000 4.16969 2.41022 2.41685 849.00000 600.00000 0.00000 0.00000 1.00000 1.00000
0.10000 4.28371 2.47613 2.43247 849.00000 600.00000 0.00000 0.00000 1.00000 1.00000
0.10000 4.38762 2.53620 2.44670 849.00000 600.00000 0.00000 0.00000 1.00000 1.00000
0.10000 4.47852 2.58874 2.45922 849.00000 600.00000 0.00000 0.00000 1.00000 1.00000
0.10000 4.55664 2.63389 2.47007 849.00000 600.00000 0.00000 0.00000 1.00000 1.00000
0.10000 4.62534 2.67361 2.47971 849.00000 600.00000 0.00000 0.00000 1.00000 1.00000
0.10000 4.68812 2.70990 2.48862 849.00000 600.00000 0.00000 0.00000 1.00000 1.00000
0.10000 4.74849 2.74479 2.49729 849.00000 600.00000 0.00000 0.00000 1.00000 1.00000
0.10000 4.80982 2.78024 2.50621 849.00000 600.00000 0.00000 0.00000 1.00000 1.00000
0.10000 4.87274 2.81661 2.51550 849.00000 600.00000 0.00000 0.00000 1.00000 1.00000
0.10000 4.93512 2.85267 2.52485 849.00000 600.00000 0.00000 0.00000 1.00000 1.00000
0.10000 4.99470 2.88711 2.53393 849.00000 600.00000 0.00000 0.00000 1.00000 1.00000
0.10000 5.04923 2.91863 2.54238 849.00000 600.00000 0.00000 0.00000 1.00000 1.00000
0.10000 5.09653 2.94597 2.54982 849.00000 600.00000 0.00000 0.00000 1.00000 1.00000
0.10000 5.13600 2.96879 2.55611 849.00000 600.00000 0.00000 0.00000 1.00000 1.00000
0.10000 5.16865 2.98766 2.56137 849.00000 600.00000 0.00000 0.00000 1.00000 1.00000
0.10000 5.19554 3.00320 2.56575 849.00000 600.00000 0.00000 0.00000 1.00000 1.00000
0.10000 5.21774 3.01603 2.56938 849.00000 600.00000 0.00000 0.00000 1.00000 1.00000
0.10000 5.23630 3.02677 2.57245 849.00000 600.00000 0.00000 0.00000 1.00000 1.00000
0.10000 5.25215 3.03592 2.57508 849.00000 600.00000 0.00000 0.00000 1.00000 1.00000
0.10000 5.26603 3.04395 2.57739 849.00000 600.00000 0.00000 0.00000 1.00000 1.00000
0.10000 5.27869 3.05126 2.57951 849.00000 600.00000 0.00000 0.00000 1.00000 1.00000
0.10000 5.29088 3.05831 2.58156 849.00000 600.00000 0.00000 0.00000 1.00000 1.00000
0.10000 5.30334 3.06552 2.58366 849.00000 600.00000 0.00000 0.00000 1.00000 1.00000
0.10000 5.31632 3.07302 2.58586 849.00000 600.00000 0.00000 0.00000 1.00000 1.00000
0.10000 5.32959 3.08069 2.58812 849.00000 600.00000 0.00000 0.00000 1.00000 1.00000
0.10000 5.34291 3.08839 2.59040 849.00000 600.00000 0.00000 0.00000 1.00000 1.00000
0.10000 5.35605 3.09599 2.59266 849.00000 600.00000 0.00000 0.00000 1.00000 1.00000
0.10000 5.36877 3.10334 2.59485 849.00000 600.00000 0.00000 0.00000 1.00000 1.00000
0.10000 5.38101 3.11041 2.59697 849.00000 600.00000 0.00000 0.00000 1.00000 1.00000
0.10000 5.39286 3.11726 2.59903 849.00000 600.00000 0.00000 0.00000 1.00000 1.00000
0.10000 5.40443 3.12395 2.60105 849.00000 600.00000 0.00000 0.00000 1.00000 1.00000
0.10000 5.41583 3.13053 2.60305 849.00000 600.00000 0.00000 0.00000 1.00000 1.00000
0.10000 5.42716 3.13709 2.60505 849.00000 600.00000 0.00000 0.00000 1.00000 1.00000
0.10000 5.43846 3.14362 2.60704 849.00000 600.00000 0.00000 0.00000 1.00000 1.00000
0.10000 5.44968 3.15010 2.60903 849.00000 600.00000 0.00000 0.00000 1.00000 1.00000
0.10000 5.46077 3.15652 2.61101 849.00000 600.00000 0.00000 0.00000 1.00000 1.00000
0.10000 5.47170 3.16283 2.61296 849.00000 600.00000 0.00000 0.00000 1.00000 1.00000
0.10000 5.48241 3.16902 2.61488 849.00000 600.00000 0.00000 0.00000 1.00000 1.00000
0.10000 5.49290 3.17508 2.61677 849.00000 600.00000 0.00000 0.00000 1.00000 1.00000
0.10000 5.50320 3.18104 2.61863 849.00000 600.00000 0.00000 0.00000 1.00000 1.00000
0.10000 5.51335 3.18691 2.62047 849.00000 600.00000 0.00000 0.00000 1.00000 1.00000
0.10000 5.52339 3.19271 2.62229 849.00000 600.00000 0.00000 0.00000 1.00000 1.00000
0.10000 5.53334 3.19846 2.62411 849.00000 600.00000 0.00000 0.00000 1.00000 1.00000
0.10000 5.54323 3.20418 2.62592 849.00000 600.00000 0.00000 0.00000 1.00000 1.00000
0.10000 5.55302 3.20984 2.62772 849.00000 600.00000 0.00000 0.00000 1.00000 1.00000
0.10000 5.56272 3.21545 2.62951 849.00000 600.00000 0.00000 0.00000 1.00000 1.00000
0.10000 5.57231 3.22099 2.63128 849.00000 600.00000 0.00000 0.00000 1.00000 1.00000
0.10000 5.58177 3.22645 2.63304 849.00000 600.00000 0.00000 0.00000 1.00000 1.00000
0.10000 5.59108 3.23184 2.63477 849.00000 600.00000 0.00000 0.00000 1.00000 1.00000
0.10000 5.60026 3.23714 2.63649 849.00000 600.00000 0.00000 0.00000 1.00000 1.00000
0.10000 5.60929 3.24236 2.63818 849.00000 600.00000 0.00000 0.00000 1.00000 1.00000
0.10000 5.61817 3.24750 2.63985 849.00000 600.00000 0.00000 0.00000 1.00000 1.00000
0.10000 5.62690 3.25254 2.64150 849.00000 600.00000 0.00000 0.00000 1.00000 1.00000
0.10000 5.63548 3.25750 2.64312 849.00000 600.00000 0.00000 0.00000 1.00000 1.00000
0.10000 5.64394 3.26239 2.64472 849.00000 600.00000 0.00000 0.00000 1.00000 1.00000
0.10000 5.65229 3.26722 2.64631 849.00000 600.00000 0.00000 0.00000 1.00000 1.00000
0.10000 5.66057 3.27200 2.64789 849.00000 600.00000 0.00000 0.00000 1.00000 1.00000
0.10000 5.66878 3.27675 2.64946 849.00000 600.00000 0.00000 0.00000 1.00000 1.00000
0.10000 5.67693 3.28146 2.65103 849.00000 600.00000 0.00000 0.00000 1.00000 1.00000
0.10000 5.68500 3.28613 2.65258 849.00000 600.00000 0.00000 0.00000 1.00000 1.00000
0.10000 5.69296 3.29073 2.65411 849.00000 600.00000 0.00000 0.00000 1.00000 1.00000
0.10000 5.70078 3.29525 2.65562 849.00000 600.00000 0.00000 0.00000 1.00000 1.00000
0.10000 5.70844 3.29968 2.65711 849.00000 600.00000 0.00000 0.00000 1.00000 1.00000
0.10000 5.71595 3.30402 2.65857 849.00000 600.00000 0.00000 0.00000 1.00000 1.00000
0.10000 5.72333 3.30829 2.66001 849.00000 600.00000 0.00000 0.00000 1.00000 1.00000
0.10000 5.73063 3.31251 2.66144 849.00000 600.00000 0.00000 0.00000 1.00000 1.00000
0.10000 5.73788 3.31669 2.66286 849.00000 600.00000 0.00000 0.00000 1.00000 1.00000
0.10000 5.74511 3.32087 2.66428 849.00000 600.00000 0.00000 0.00000 1.00000 1.00000
0.10000 5.75232 3.32504 2.66570 849.00000 600.00000 0.00000 0.00000 1.00000 1.00000
0.10000 5.75946 3.32917 2.66711 849.00000 600.00000 0.00000 0.00000 1.00000 1.00000
0.10000 5.76650 3.33324 2.66850 849.00000 600.00000 0.00000 0.00000 1.00000 1.00000
0.10000 5.77340 3.33723 2.66987 849.00000 600.00000 0.00000 0.00000 1.00000 1.00000
0.10000 5.78012 3.34111 2.67121 849.00000 600.00000 0.00000 0.00000 1.00000 1.00000
0.10000 5.78666 3.34489 2.67251 849.00000 600.00000 0.00000 0.00000 1.00000 1.00000
0.10000 5.79307 3.34860 2.67379 849.00000 600.00000 0.00000 0.00000 1.00000 1.00000
0.10000 5.79941 3.35226 2.67506 849.00000 600.00000 0.00000 0.00000 1.00000 1.00000
0.10000 5.80572 3.35591 2.67632 849.00000 600.00000 0.00000 0.00000 1.00000 1.00000
0.10000 5.81206 3.35957 2.67760 849.00000 600.00000 0.00000 0.00000 1.00000 1.00000
0.10000 5.81842 3.36325 2.67888 849.00000 600.00000 0.00000 0.00000 1.00000 1.00000
0.10000 5.82477 3.36692 2.68016 849.00000 600.00000 0.00000 0.00000 1.00000 1.00000
0.10000 5.83106 3.37055 2.68143 849.00000 600.00000 0.00000 0.00000 1.00000 1.00000
0.10000 5.83724 3.37413 2.68269 849.00000 600.00000 0.00000 0.00000 1.00000 1.00000
0.10000 5.84329 3.37762 2.68392 849.00000 600.00000 0.00000 0.00000 1.00000 1.00000
0.10000 5.84918 3.38103 2.68512 849.00000 600.00000 0.00000 0.00000 1.00000 1.00000
0.10000 5.85496 3.38437 2.68630 849.00000 600.00000 0.00000 0.00000 1.00000 1.00000
0.10000 5.86066 3.38766 2.68746 849.00000 600.00000 0.00000 0.00000 1.00000 1.00000
0.10000 5.86630 3.39093 2.68862 849.00000 600.00000 0.00000 0.00000 1.00000 1.00000
0.10000 5.87193 3.39418 2.68977 849.00000 600.00000 0.00000 0.00000 1.00000 1.00000
0.10000 5.87756 3.39743 2.69093 849.00000 600.00000 0.00000 0.00000 1.00000 1.00000
0.10000 5.88316 3.40067 2.69208 849.00000 600.00000 0.00000 0.00000 1.00000 1.00000
0.10000 5.88872 3.40389 2.69323 849.00000 600.00000 0.00000 0.00000 1.00000 1.00000
0.10000 5.89423 3.40707 2.69437 849.00000 600.00000 0.00000 0.00000 1.00000 1.00000
0.10000 5.89967 3.41021 2.69550 849.00000 600.00000 0.00000 0.00000 1.00000 1.00000
0.10000 5.90504 3.41332 2.69661 849.00000 600.00000 0.00000 0.00000 1.00000 1.00000
0.10000 5.91034 3.41638 2.69771 849.00000 600.00000 0.00000 0.00000 1.00000 1.00000
0.10000 5.91560 3.41942 2.69881 849.00000 600.00000 0.00000 0.00000 1.00000 1.00000
0.10000 5.92080 3.42243 2.69989 849.00000 600.00000 0.00000 0.00000 1.00000 1.00000
0.10000 5.92598 3.42542 2.70097 849.00000 600.00000 0.00000 0.00000 1.00000 1.00000
0.10000 5.93111 3.42839 2.70205 849.00000 600.00000 0.00000 0.00000 1.00000 1.00000
0.10000 5.93621 3.43134 2.70312 849.00000 600.00000 0.00000 0.00000 1.00000 1.00000
0.10000 5.94126 3.43425 2.70418 849.00000 600.00000 0.00000 0.00000 1.00000 1.00000
0.10000 5.94624 3.43714 2.70523 849.00000 600.00000 0.00000 0.00000 1.00000 1.00000
0.10000 5.95117 3.43998 2.70627 849.00000 600.00000 0.00000 0.00000 1.00000 1.00000
0.10000 5.95602 3.44279 2.70729 849.00000 600.00000 0.00000 0.00000 1.00000 1.00000
0.10000 5.96084 3.44557 2.70831 849.00000 600.00000 0.00000 0.00000 1.00000 1.00000
0.10000 5.96563 3.44834 2.70933 849.00000 600.00000 0.00000 0.00000 1.00000 1.00000
0.10000 5.97040 3.45110 2.71034 849.00000 600.00000 0.00000 0.00000 1.00000 1.00000
0.10000 5.97519 3.45387 2.71136 849.00000 600.00000 0.00000 0.00000 1.00000 1.00000
0.10000 5.97998 3.45664 2.71238 849.00000 600.00000 0.00000 0.00000 1.00000 1.00000
0.10000 5.98476 3.45940 2.71340 849.00000 600.00000 0.00000 0.00000 1.00000 1.00000
0.10000 5.98950 3.46214 2.71441 849.00000 600.00000 0.00000 0.00000 1.00000 1.00000
0.10000 5.99418 3.46485 2.71541 849.00000 600.00000 0.00000 0.00000 1.00000 1.00000
0.10000 5.99879 3.46751 2.71640 849.00000 600.00000 0.00000 0.00000 1.00000 1.00000
0.10000 6.00333 3.47013 2.71737 849.00000 600.00000 0.00000 0.00000 1.00000 1.00000
0.10000 6.00781 3.47272 2.71833 849.00000 600.00000 0.00000 0.00000 1.00000 1.00000
0.10000 6.01226 3.47529 2.71929 849.00000 600.00000 0.00000 0.00000 1.00000 1.00000
0.10000 6.01670 3.47786 2.72025 849.00000 600.00000 0.00000 0.00000 1.00000 1.00000
0.10000 6.02116 3.48044 2.72121 849.00000 600.00000 0.00000 0.00000 1.00000 1.00000
0.10000 6.02564 3.48303 2.72218 849.00000 600.00000 0.00000 0.00000 1.00000 1.00000
0.10000 6.03012 3.48562 2.72315 849.00000 600.00000 0.00000 0.00000 1.00000 1.00000
0.10000 6.03459 3.48820 2.72412 849.00000 600.00000 0.00000 0.00000 1.00000 1.00000
0.10000 6.03903 3.49077 2.72508 849.00000 600.00000 0.00000 0.00000 1.00000 1.00000
0.10000 6.04342 3.49331 2.72604 849.00000 600.00000 0.00000 0.00000 1.00000 1.00000
0.10000 6.04777 3.49582 2.72698 849.00000 600.00000 0.00000 0.00000 1.00000 1.00000
0.10000 6.05209 3.49832 2.72793 849.00000 600.00000 0.00000 0.00000 1.00000 1.00000
0.10000 6.05638 3.50080 2.72886 849.00000 600.00000 0.00000 0.00000 1.00000 1.00000
0.10000 6.06067 3.50328 2.72980 849.00000 600.00000 0.00000 0.00000 1.00000 1.00000
0.10000 6.06496 3.50576 2.73074 849.00000 600.00000 0.00000 0.00000 1.00000 1.00000
0.10000 6.06926 3.50824 2.73168 849.00000 600.00000 0.00000 0.00000 1.00000 1.00000
0.10000 6.07356 3.51073 2.73263 849.00000 600.00000 0.00000 0.00000 1.00000 1.00000
0.10000 6.07784 3.51320 2.73357 849.00000 600.00000 0.00000 0.00000 1.00000 1.00000
0.10000 6.08210 3.51567 2.73451 849.00000 600.00000 0.00000 0.00000 1.00000 1.00000
0.10000 6.08634 3.51811 2.73544 849.00000 600.00000 0.00000 0.00000 1.00000 1.00000
0.10000 6.09054 3.52054 2.73637 849.00000 600.00000 0.00000 0.00000 1.00000 1.00000
0.10000 6.09471 3.52296 2.73729 849.00000 600.00000 0.00000 0.00000 1.00000 1.00000
0.10000 6.09888 3.52536 2.73822 849.00000 600.00000 0.00000 0.00000 1.00000 1.00000
0.10000 6.10303 3.52776 2.73914 849.00000 600.00000 0.00000 0.00000 1.00000 1.00000
0.10000 6.10719 3.53017 2.74006 849.00000 600.00000 0.00000 0.00000 1.00000 1.00000
0.10000 6.11135 3.53257 2.74099 849.00000 600.00000 0.00000 0.00000 1.00000 1.00000
0.10000 6.11552 3.53498 2.74191 849.00000 600.00000 0.00000 0.00000 1.00000 1.00000
0.10000 6.11968 3.53739 2.74284 849.00000 600.00000 0.00000 0.00000 1.00000 1.00000
0.10000 6.12385 3.53980 2.74377 849.00000 600.00000 0.00000 0.00000 1.00000 1.00000
0.10000 6.12800 3.54220 2.74470 849.00000 600.00000 0.00000 0.00000 1.00000 1.00000
0.10000 6.13215 3.54460 2.74563 849.00000 600.00000 0.00000 0.00000 1.00000 1.00000
0.10000 6.13629 3.54699 2.74656 849.00000 600.00000 0.00000 0.00000 1.00000 1.00000
0.10000 6.14041 3.54937 2.74748 849.00000 600.00000 0.00000 0.00000 1.00000 1.00000
0.10000 6.14452 3.55175 2.74841 849.00000 600.00000 0.00000 0.00000 1.00000 1.00000
0.10000 6.14862 3.55411 2.74933 849.00000 600.00000 0.00000 0.00000 1.00000 1.00000
0.10000 6.15269 3.55647 2.75025 849.00000 600.00000 0.00000 0.00000 1.00000 1.00000
0.10000 6.15676 3.55882 2.75117 849.00000 600.00000 0.00000 0.00000 1.00000 1.00000
0.10000 6.16084 3.56118 2.75209 849.00000 600.00000 0.00000 0.00000 1.00000 1.00000
0.10000 6.16493 3.56354 2.75301 849.00000 600.00000 0.00000 0.00000 1.00000 1.00000
0.10000 6.16904 3.56592 2.75394 849.00000 600.00000 0.00000 0.00000 1.00000 1.00000
0.10000 6.17316 3.56830 2.75488 849.00000 600.00000 0.00000 0.00000 1.00000 1.00000
0.10000 6.17730 3.57069 2.75582 849.00000 600.00000 0.00000 0.00000 1.00000 1.00000
0.10000 6.18143 3.57308 2.75676 849.00000 600.00000 0.00000 0.00000 1.00000 1.00000
0.10000 6.18556 3.57547 2.75770 849.00000 600.00000 0.00000 0.00000 1.00000 1.00000
0.10000 6.18965 3.57783 2.75863 849.00000 600.00000 0.00000 0.00000 1.00000 1.00000
0.10000 6.19373 3.58019 2.75957 849.00000 600.00000 0.00000 0.00000 1.00000 1.00000
0.10000 6.19779 3.58254 2.76049 849.00000 600.00000 0.00000 0.00000 1.00000 1.00000
0.10000 6.20185 3.58489 2.76143 849.00000 600.00000 0.00000 0.00000 1.00000 1.00000
0.10000 6.20594 3.58725 2.76236 849.00000 600.00000 0.00000 0.00000 1.00000 1.00000
0.10000 6.21005 3.58962 2.76331 849.00000 600.00000 0.00000 0.00000 1.00000 1.00000
0.10000 6.21419 3.59202 2.76426 849.00000 600.00000 0.00000 0.00000 1.00000 1.00000
0.10000 6.21835 3.59442 2.76522 849.00000 600.00000 0.00000 0.00000 1.00000 1.00000
0.10000 6.22251 3.59683 2.76617 849.00000 600.00000 0.00000 0.00000 1.00000 1.00000
0.10000 6.22666 3.59922 2.76713 849.00000 600.00000 0.00000 0.00000 1.00000 1.00000
0.10000 6.23078 3.60161 2.76809 849.00000 600.00000 0.00000 0.00000 1.00000 1.00000
0.10000 6.23488 3.60398 2.76904 849.00000 600.00000 0.00000 0.00000 1.00000 1.00000
0.10000 6.23898 3.60635 2.76999 849.00000 600.00000 0.00000 0.00000 1.00000 1.00000
0.10000 6.24309 3.60872 2.77094 849.00000 600.00000 0.00000 0.00000 1.00000 1.00000
0.10000 6.24723 3.61111 2.77190 849.00000 600.00000 0.00000 0.00000 1.00000 1.00000
0.10000 6.25141 3.61353 2.77287 849.00000 600.00000 0.00000 0.00000 1.00000 1.00000
0.10000 6.25563 3.61597 2.77386 849.00000 600.00000 0.00000 0.00000 1.00000 1.00000
0.10000 6.25989 3.61843 2.77485 849.00000 600.00000 0.00000 0.00000 1.00000 1.00000
0.10000 6.26416 3.62090 2.77585 849.00000 600.00000 0.00000 0.00000 1.00000 1.00000
0.10000 6.26842 3.62336 2.77684 849.00000 600.00000 0.00000 0.00000 1.00000 1.00000
0.10000 6.27267 3.62582 2.77784 849.00000 600.00000 0.00000 0.00000 1.00000 1.00000
0.10000 6.27689 3.62826 2.77883 849.00000 600.00000 0.00000 0.00000 1.00000 1.00000
0.10000 6.28111 3.63070 2.77982 849.00000 600.00000 0.00000 0.00000 1.00000 1.00000
0.10000 6.28534 3.63315 2.78082 849.00000 600.00000 0.00000 0.00000 1.00000 1.00000
0.10000 6.28960 3.63561 2.78182 849.00000 600.00000 0.00000 0.00000 1.00000 1.00000
0.10000 6.29389 3.63809 2.78283 849.00000 600.00000 0.00000 0.00000 1.00000 1.00000
0.10000 6.29823 3.64059 2.78385 849.00000 600.00000 0.00000 0.00000 1.00000 1.00000
0.10000 6.30259 3.64311 2.78489 849.00000 600.00000 0.00000 0.00000 1.00000 1.00000
0.10000 6.30697 3.64565 2.78592 849.00000 600.00000 0.00000 0.00000 1.00000 1.00000
0.10000 6.31136 3.64819 2.78697 849.00000 600.00000 0.00000 0.00000 1.00000 1.00000
0.10000 6.31575 3.65072 2.78801 849.00000 600.00000 0.00000 0.00000 1.00000 1.00000
0.10000 6.32014 3.65326 2.78905 849.00000 600.00000 0.00000 0.00000 1.00000 1.00000
0.10000 6.32453 3.65580 2.79010 849.00000 600.00000 0.00000 0.00000 1.00000 1.00000
0.10000 6.32894 3.65835 2.79115 849.00000 600.00000 0.00000 0.00000 1.00000 1.00000
0.10000 6.33338 3.66091 2.79221 849.00000 600.00000 0.00000 0.00000 1.00000 1.00000
0.10000 6.33785 3.66350 2.79328 849.00000 600.00000 0.00000 0.00000 1.00000 1.00000
0.10000 6.34236 3.66610 2.79436 849.00000 600.00000 0.00000 0.00000 1.00000 1.00000
0.10000 6.34690 3.66873 2.79544 849.00000 600.00000 0.00000 0.00000 1.00000 1.00000
0.10000 6.35146 3.67136 2.79654 849.00000 600.00000 0.00000 0.00000 1.00000 1.00000
0.10000 6.35604 3.67401 2.79764 849.00000 600.00000 0.00000 0.00000 1.00000 1.00000
0.10000 6.36064 3.67667 2.79875 849.00000 600.00000 0.00000 0.00000 1.00000 1.00000
0.10000 6.36525 3.67933 2.79986 849.00000 600.00000 0.00000 0.00000 1.00000 1.00000
0.10000 6.36988 3.68201 2.80098 849.00000 600.00000 0.00000 0.00000 1.00000 1.00000
0.10000 6.37452 3.68470 2.80210 849.00000 600.00000 0.00000 0.00000 1.00000 1.00000
0.10000 6.37920 3.68740 2.80323 849.00000 600.00000 0.00000 0.00000 1.00000 1.00000
0.10000 6.38391 3.69012 2.80437 849.00000 600.00000 0.00000 0.00000 1.00000 1.00000
0.10000 6.38864 3.69286 2.80552 849.00000 600.00000 0.00000 0.00000 1.00000 1.00000
0.10000 6.39340 3.69561 2.80668 849.00000 600.00000 0.00000 0.00000 1.00000 1.00000
0.10000 6.39818 3.69837 2.80785 849.00000 600.00000 0.00000 0.00000 1.00000 1.00000
0.10000 6.40297 3.70114 2.80901 849.00000 600.00000 0.00000 0.00000 1.00000 1.00000
0.10000 6.40776 3.70391 2.81019 849.00000 600.00000 0.00000 0.00000 1.00000 1.00000
0.10000 6.41257 3.70669 2.81136 849.00000 600.00000 0.00000 0.00000 1.00000 1.00000
0.10000 6.41738 3.70947 2.81254 849.00000 600.00000 0.00000 0.00000 1.00000 1.00000
0.10000 6.42222 3.71227 2.81373 849.00000 600.00000 0.00000 0.00000 1.00000 1.00000
0.10000 6.42710 3.71509 2.81493 849.00000 600.00000 0.00000 0.00000 1.00000 1.00000
0.10000 6.43202 3.71793 2.81614 849.00000 600.00000 0.00000 0.00000 1.00000 1.00000
0.10000 6.43698 3.72080 2.81736 849.00000 600.00000 0.00000 0.00000 1.00000 1.00000
0.10000 6.44197 3.72368 2.81859 849.00000 600.00000 0.00000 0.00000 1.00000 1.00000
0.10000 6.44698 3.72658 2.81983 849.00000 600.00000 0.00000 0.00000 1.00000 1.00000
0.10000 6.45200 3.72948 2.82107 849.00000 600.00000 0.00000 0.00000 1.00000 1.00000
0.10000 6.45703 3.73239 2.82232 849.00000 600.00000 0.00000 0.00000 1.00000 1.00000
0.10000 6.46205 3.73529 2.82357 849.00000 600.00000 0.00000 0.00000 1.00000 1.00000
0.10000 6.46708 3.73820 2.82482 849.00000 600.00000 0.00000 0.00000 1.00000 1.00000
0.10000 6.47213 3.74112 2.82608 849.00000 600.00000 0.00000 0.00000 1.00000 1.00000
0.10000 6.47721 3.74405 2.82734 849.00000 600.00000 0.00000 0.00000 1.00000 1.00000
0.10000 6.48231 3.74700 2.82862 849.00000 600.00000 0.00000 0.00000 1.00000 1.00000
0.10000 6.48745 3.74997 2.82990 849.00000 600.00000 0.00000 0.00000 1.00000 1.00000
0.10000 6.49263 3.75296 2.83120 849.00000 600.00000 0.00000 0.00000 1.00000 1.00000
0.10000 6.49783 3.75597 2.83251 849.00000 600.00000 0.00000 0.00000 1.00000 1.00000
0.10000 6.50306 3.75899 2.83382 849.00000 600.00000 0.00000 0.00000 1.00000 1.00000
0.10000 6.50831 3.76203 2.83514 849.00000 600.00000 0.00000 0.00000 1.00000 1.00000
0.10000 6.51358 3.76507 2.83647 849.00000 600.00000 0.00000 0.00000 1.00000 1.00000
0.10000 6.51886 3.76813 2.83781 849.00000 600.00000 0.00000 0.00000 1.00000 1.00000
0.10000 6.52415 3.77119 2.83914 849.00000 600.00000 0.00000 0.00000 1.00000 1.00000
0.10000 6.52946 3.77425 2.84049 849.00000 600.00000 0.00000 0.00000 1.00000 1.00000
0.10000 6.53477 3.77733 2.84184 849.00000 600.00000 0.00000 0.00000 1.00000 1.00000
0.10000 6.54010 3.78040 2.84319 849.00000 600.00000 0.00000 0.00000 1.00000 1.00000
0.10000 6.54545 3.78350 2.84455 849.00000 600.00000 0.00000 0.00000 1.00000 1.00000
0.10000 6.55084 3.78661 2.84593 849.00000 600.00000 0.00000 0.00000 1.00000 1.00000
0.10000 6.55628 3.78975 2.84732 849.00000 600.00000 0.00000 0.00000 1.00000 1.00000
0.10000 6.56178 3.79293 2.84872 849.00000 600.00000 0.00000 0.00000 1.00000 1.00000
0.10000 6.56734 3.79615 2.85015 849.00000 600.00000 0.00000 0.00000 1.00000 1.00000
0.10000 6.57295 3.79939 2.85159 849.00000 600.00000 0.00000 0.00000 1.00000 1.00000
0.10000 6.57858 3.80265 2.85303 849.00000 600.00000 0.00000 0.00000 1.00000 1.00000
0.10000 6.58422 3.80591 2.85449 849.00000 600.00000 0.00000 0.00000 1.00000 1.00000
0.10000 6.58985 3.80916 2.85594 849.00000 600.00000 0.00000 0.00000 1.00000 1.00000
0.10000 6.59548 3.81242 2.85739 849.00000 600.00000 0.00000 0.00000 1.00000 1.00000
0.10000 6.60112 3.81568 2.85885 849.00000 600.00000 0.00000 0.00000 1.00000 1.00000
0.10000 6.60680 3.81896 2.86032 849.00000 600.00000 0.00000 0.00000 1.00000 1.00000
0.10000 6.61254 3.82228 2.86181 849.00000 600.00000 0.00000 0.00000 1.00000 1.00000
0.10000 6.61835 3.82563 2.86332 849.00000 600.00000 0.00000 0.00000 1.00000 1.00000
0.10000 6.62422 3.82903 2.86485 849.00000 600.00000 0.00000 0.00000 1.00000 1.00000
0.10000 6.63012 3.83244 2.86639 849.00000 600.00000 0.00000 0.00000 1.00000 1.00000
0.10000 6.63599 3.83583 2.86792 849.00000 600.00000 0.00000 0.00000 1.00000 1.00000
0.10000 6.64178 3.83918 2.86944 849.00000 600.00000 0.00000 0.00000 1.00000 1.00000
0.10000 6.64745 3.84246 2.87093 849.00000 600.00000 0.00000 0.00000 1.00000 1.00000
0.10000 6.65307 3.84571 2.87240 849.00000 600.00000 0.00000 0.00000 1.00000 1.00000
0.10000 6.65882 3.84903 2.87392 849.00000 600.00000 0.00000 0.00000 1.00000 1.00000
0.10000 6.66487 3.85253 2.87551 849.00000 600.00000 0.00000 0.00000 1.00000 1.00000
0.10000 6.67141 3.85631 2.87724 849.00000 600.00000 0.00000 0.00000 1.00000 1.00000
0.10000 6.67860 3.86046 2.87914 849.00000 600.00000 0.00000 0.00000 1.00000 1.00000
0.10000 6.68639 3.86497 2.88120 849.00000 600.00000 0.00000 0.00000 1.00000 1.00000
0.10000 6.69449 3.86965 2.88335 849.00000 600.00000 0.00000 0.00000 1.00000 1.00000
0.10000 6.70260 3.87434 2.88551 849.00000 600.00000 0.00000 0.00000 1.00000 1.00000
0.10000 6.71043 3.87886 2.88760 849.00000 600.00000 0.00000 0.00000 1.00000 1.00000
0.10000 6.71769 3.88306 2.88954 849.00000 600.00000 0.00000 0.00000 1.00000 1.00000
0.10000 6.72431 3.88689 2.89132 849.00000 600.00000 0.00000 0.00000 1.00000 1.00000
0.10000 6.73049 3.89046 2.89297 849.00000 600.00000 0.00000 0.00000 1.00000 1.00000
0.10000 6.73640 3.89387 2.89456 849.00000 600.00000 0.00000 0.00000 1.00000 1.00000
0.10000 6.74222 3.89724 2.89613 849.00000 600.00000 0.00000 0.00000 1.00000 1.00000
0.10000 6.74814 3.90066 2.89773 849.00000 600.00000 0.00000 0.00000 1.00000 1.00000
0.10000 6.75423 3.90418 2.89937 849.00000 600.00000 0.00000 0.00000 1.00000 1.00000
0.10000 6.76046 3.90778 2.90106 849.00000 600.00000 0.00000 0.00000 1.00000 1.00000
0.10000 6.76679 3.91144 2.90277 849.00000 600.00000 0.00000 0.00000 1.00000 1.00000
0.10000 6.77318 3.91513 2.90451 849.00000 600.00000 0.00000 0.00000 1.00000 1.00000
0.10000 6.77960 3.91884 2.90625 849.00000 600.00000 0.00000 0.00000 1.00000 1.00000
0.10000 6.78602 3.92255 2.90800 849.00000 600.00000 0.00000 0.00000 1.00000 1.00000
0.10000 6.79241 3.92625 2.90975 849.00000 600.00000 0.00000 0.00000 1.00000 1.00000
0.10000 6.79876 3.92992 2.91148 849.00000 600.00000 0.00000 0.00000 1.00000 1.00000
0.10000 6.80504 3.93355 2.91320 849.00000 600.00000 0.00000 0.00000 1.00000 1.00000
0.10000 6.81123 3.93713 2.91490 849.00000 600.00000 0.00000 0.00000 1.00000 1.00000
0.10000 6.81738 3.94068 2.91659 849.00000 600.00000 0.00000 0.00000 1.00000 1.00000
0.10000 6.82359 3.94427 2.91830 849.00000 600.00000 0.00000 0.00000 1.00000 1.00000
0.10000 6.82996 3.94796 2.92006 849.00000 600.00000 0.00000 0.00000 1.00000 1.00000
0.10000 6.83661 3.95180 2.92189 849.00000 600.00000 0.00000 0.00000 1.00000 1.00000
0.10000 6.84364 3.95586 2.92384 849.00000 600.00000 0.00000 0.00000 1.00000 1.00000
0.10000 6.85104 3.96014 2.92589 849.00000 600.00000 0.00000 0.00000 1.00000 1.00000
0.10000 6.85874 3.96459 2.92803 849.00000 600.00000 0.00000 0.00000 1.00000 1.00000
0.10000 6.86664 3.96916 2.93023 849.00000 600.00000 0.00000 0.00000 1.00000 1.00000
0.10000 6.87465 3.97378 2.93246 849.00000 600.00000 0.00000 0.00000 1.00000 1.00000
0.10000 6.88267 3.97842 2.93470 849.00000 600.00000 0.00000 0.00000 1.00000 1.00000
0.10000 6.89068 3.98305 2.93695 849.00000 600.00000 0.00000 0.00000 1.00000 1.00000
0.10000 6.89873 3.98770 2.93921 849.00000 600.00000 0.00000 0.00000 1.00000 1.00000
0.10000 6.90684 3.99239 2.94149 849.00000 600.00000 0.00000 0.00000 1.00000 1.00000
0.10000 6.91506 3.99715 2.94381 849.00000 600.00000 0.00000 0.00000 1.00000 1.00000
0.10000 6.92344 4.00199 2.94617 849.00000 600.00000 0.00000 0.00000 1.00000 1.00000
0.10000 6.93200 4.00694 2.94860 849.00000 600.00000 0.00000 0.00000 1.00000 1.00000
0.10000 6.94078 4.01201 2.95109 849.00000 600.00000 0.00000 0.00000 1.00000 1.00000
0.10000 6.94980 4.01722 2.95365 849.00000 600.00000 0.00000 0.00000 1.00000 1.00000
0.10000 6.95909 4.02259 2.95630 849.00000 600.00000 0.00000 0.00000 1.00000 1.00000
0.10000 6.96867 4.02814 2.95904 849.00000 600.00000 0.00000 0.00000 1.00000 1.00000
0.10000 6.97848 4.03380 2.96185 849.00000 600.00000 0.00000 0.00000 1.00000 1.00000
0.10000 6.98833 4.03950 2.96468 849.00000 600.00000 0.00000 0.00000 1.00000 1.00000
0.10000 6.99804 4.04511 2.96748 849.00000 600.00000 0.00000 0.00000 1.00000 1.00000
0.10000 7.00744 4.05054 2.97019 849.00000 600.00000 0.00000 0.00000 1.00000 1.00000
0.10000 7.01633 4.05568 2.97276 849.00000 600.00000 0.00000 0.00000 1.00000 1.00000
0.10000 7.02465 4.06049 2.97517 849.00000 600.00000 0.00000 0.00000 1.00000 1.00000
0.10000 7.03238 4.06496 2.97742 849.00000 600.00000 0.00000 0.00000 1.00000 1.00000
0.10000 7.03956 4.06911 2.97951 849.00000 600.00000 0.00000 0.00000 1.00000 1.00000
0.10000 7.04618 4.07293 2.98144 849.00000 600.00000 0.00000 0.00000 1.00000 1.00000
0.10000 7.05226 4.07645 2.98322 849.00000 600.00000 0.00000 0.00000 1.00000 1.00000
0.10000 7.05807 4.07981 2.98491 849.00000 600.00000 0.00000 0.00000 1.00000 1.00000
0.10000 7.06408 4.08329 2.98667 849.00000 600.00000 0.00000 0.00000 1.00000 1.00000
0.10000 7.07081 4.08717 2.98865 849.00000 600.00000 0.00000 0.00000 1.00000 1.00000
0.10000 7.07874 4.09176 2.99098 849.00000 600.00000 0.00000 0.00000 1.00000 1.00000
0.10000 7.08836 4.09732 2.99381 849.00000 600.00000 0.00000 0.00000 1.00000 1.00000
0.10000 7.09965 4.10384 2.99714 849.00000 600.00000 0.00000 0.00000 1.00000 1.00000
0.10000 7.11210 4.11104 3.00083 849.00000 600.00000 0.00000 0.00000 1.00000 1.00000
0.10000 7.12519 4.11861 3.00472 849.00000 600.00000 0.00000 0.00000 1.00000 1.00000
0.10000 7.13839 4.12624 3.00865 849.00000 600.00000 0.00000 0.00000 1.00000 1.00000
0.10000 7.15118 4.13363 3.01247 849.00000 600.00000 0.00000 0.00000 1.00000 1.00000
0.10000 7.16341 4.14070 3.01614 849.00000 600.00000 0.00000 0.00000 1.00000 1.00000
0.10000 7.17526 4.14755 3.01970 849.00000 600.00000 0.00000 0.00000 1.00000 1.00000
0.10000 7.18693 4.15430 3.02322 849.00000 600.00000 0.00000 0.00000 1.00000 1.00000
0.10000 7.19864 4.16106 3.02676 849.00000 600.00000 0.00000 0.00000 1.00000 1.00000
0.10000 7.21058 4.16796 3.03038 849.00000 600.00000 0.00000 0.00000 1.00000 1.00000
0.10000 7.22278 4.17502 3.03409 849.00000 600.00000 0.00000 0.00000 1.00000 1.00000
0.10000 7.23511 4.18214 3.03785 849.00000 600.00000 0.00000 0.00000 1.00000 1.00000
0.10000 7.24743 4.18927 3.04161 849.00000 600.00000 0.00000 0.00000 1.00000 1.00000
0.10000 7.25961 4.19631 3.04535 849.00000 600.00000 0.00000 0.00000 1.00000 1.00000
0.10000 7.27152 4.20319 3.04901 849.00000 600.00000 0.00000 0.00000 1.00000 1.00000
0.10000 7.28314 4.20991 3.05259 849.00000 600.00000 0.00000 0.00000 1.00000 1.00000
0.10000 7.29462 4.21654 3.05614 849.00000 600.00000 0.00000 0.00000 1.00000 1.00000
0.10000 7.30607 4.22316 3.05969 849.00000 600.00000 0.00000 0.00000 1.00000 1.00000
0.10000 7.31764 4.22985 3.06328 849.00000 600.00000 0.00000 0.00000 1.00000 1.00000
0.10000 7.32945 4.23668 3.06696 849.00000 600.00000 0.00000 0.00000 1.00000 1.00000
0.10000 7.34151 4.24365 3.07072 849.00000 600.00000 0.00000 0.00000 1.00000 1.00000
0.10000 7.35371 4.25070 3.07455 849.00000 600.00000 0.00000 0.00000 1.00000 1.00000
0.10000 7.36595 4.25778 3.07839 849.00000 600.00000 0.00000 0.00000 1.00000 1.00000
0.10000 7.37810 4.26480 3.08221 849.00000 600.00000 0.00000 0.00000 1.00000 1.00000
0.10000 7.39006 4.27171 3.08599 849.00000 600.00000 0.00000 0.00000 1.00000 1.00000
0.10000 7.40172 4.27845 3.08968 849.00000 600.00000 0.00000 0.00000 1.00000 1.00000
0.10000 7.41298 4.28496 3.09325 849.00000 600.00000 0.00000 0.00000 1.00000 1.00000
0.10000 7.42375 4.29118 3.09667 849.00000 600.00000 0.00000 0.00000 1.00000 1.00000
0.10000 7.43392 4.29706 3.09992 849.00000 600.00000 0.00000 0.00000 1.00000 1.00000
0.10000 7.44341 4.30255 3.10295 849.00000 600.00000 0.00000 0.00000 1.00000 1.00000
0.10000 7.45217 4.30761 3.10575 849.00000 600.00000 0.00000 0.00000 1.00000 1.00000
0.10000 7.46020 4.31225 3.10832 849.00000 600.00000 0.00000 0.00000 1.00000 1.00000
0.10000 7.46751 4.31648 3.11067 849.00000 600.00000 0.00000 0.00000 1.00000 1.00000
0.10000 7.47411 4.32029 3.11279 849.00000 600.00000 0.00000 0.00000 1.00000 1.00000
0.10000 7.48001 4.32370 3.11469 849.00000 600.00000 0.00000 0.00000 1.00000 1.00000
0.10000 7.48536 4.32680 3.11642 849.00000 600.00000 0.00000 0.00000 1.00000 1.00000
0.10000 7.49047 4.32975 3.11807 849.00000 600.00000 0.00000 0.00000 1.00000 1.00000
0.10000 7.49563 4.33273 3.11973 849.00000 600.00000 0.00000 0.00000 1.00000 1.00000
0.10000 7.50114 4.33592 3.12152 849.00000 600.00000 0.00000 0.00000 1.00000 1.00000
0.10000 7.50729 4.33947 3.12351 849.00000 600.00000 0.00000 0.00000 1.00000 1.00000
0.10000 7.51410 4.34341 3.12572 849.00000 600.00000 0.00000 0.00000 1.00000 1.00000
0.10000 7.52131 4.34758 3.12806 849.00000 600.00000 0.00000 0.00000 1.00000 1.00000
0.10000 7.52865 4.35182 3.13045 849.00000 600.00000 0.00000 0.00000 1.00000 1.00000
0.10000 7.53585 4.35598 3.13279 849.00000 600.00000 0.00000 0.00000 1.00000 1.00000
0.10000 7.54265 4.35991 3.13501 849.00000 600.00000 0.00000 0.00000 1.00000 1.00000
0.10000 7.54902 4.36359 3.13709 849.00000 600.00000 0.00000 0.00000 1.00000 1.00000
0.10000 7.55513 4.36713 3.13909 849.00000 600.00000 0.00000 0.00000 1.00000 1.00000
0.10000 7.56119 4.37063 3.14107 849.00000 600.00000 0.00000 0.00000 1.00000 1.00000
0.10000 7.56741 4.37422 3.14311 849.00000 600.00000 0.00000 0.00000 1.00000 1.00000
0.10000 7.57395 4.37801 3.14526 849.00000 600.00000 0.00000 0.00000 1.00000 1.00000
0.10000 7.58082 4.38197 3.14751 849.00000 600.00000 0.00000 0.00000 1.00000 1.00000
0.10000 7.58775 4.38598 3.14979 849.00000 600.00000 0.00000 0.00000 1.00000 1.00000
0.10000 7.59451 4.38989 3.15202 849.00000 600.00000 0.00000 0.00000 1.00000 1.00000
0.10000 7.60084 4.39355 3.15411 849.00000 600.00000 0.00000 0.00000 1.00000 1.00000
0.10000 7.60651 4.39682 3.15598 849.00000 600.00000 0.00000 0.00000 1.00000 1.00000
0.10000 7.61152 4.39972 3.15764 849.00000 600.00000 0.00000 0.00000 1.00000 1.00000
0.10000 7.61613 4.40239 3.15917 849.00000 600.00000 0.00000 0.00000 1.00000 1.00000
0.10000 7.62059 4.40497 3.16065 849.00000 600.00000 0.00000 0.00000 1.00000 1.00000
0.10000 7.62518 4.40762 3.16217 849.00000 600.00000 0.00000 0.00000 1.00000 1.00000
0.10000 7.63014 4.41049 3.16382 849.00000 600.00000 0.00000 0.00000 1.00000 1.00000
0.10000 7.63549 4.41358 3.16559 849.00000 600.00000 0.00000 0.00000 1.00000 1.00000
0.10000 7.64101 4.41677 3.16743 849.00000 600.00000 0.00000 0.00000 1.00000 1.00000
0.10000 7.64648 4.41993 3.16925 849.00000 600.00000 0.00000 0.00000 1.00000 1.00000
0.10000 7.65166 4.42292 3.17098 849.00000 600.00000 0.00000 0.00000 1.00000 1.00000
0.10000 7.65633 4.42563 3.17254 849.00000 600.00000 0.00000 0.00000 1.00000 1.00000
0.10000 7.66042 4.42799 3.17390 849.00000 600.00000 0.00000 0.00000 1.00000 1.00000
0.10000 7.66400 4.43006 3.17510 849.00000 600.00000 0.00000 0.00000 1.00000 1.00000
0.10000 7.66715 4.43188 3.17615 849.00000 600.00000 0.00000 0.00000 1.00000 1.00000
0.10000 7.66994 4.43349 3.17709 849.00000 600.00000 0.00000 0.00000 1.00000 1.00000
0.10000 7.67245 4.43494 3.17793 849.00000 600.00000 0.00000 0.00000 1.00000 1.00000
0.10000 7.67472 4.43626 3.17869 849.00000 600.00000 0.00000 0.00000 1.00000 1.00000
0.10000 7.67676 4.43743 3.17937 849.00000 600.00000 0.00000 0.00000 1.00000 1.00000
0.10000 7.67857 4.43848 3.17998 849.00000 600.00000 0.00000 0.00000 1.00000 1.00000
0.10000 7.68015 4.43939 3.18051 849.00000 600.00000 0.00000 0.00000 1.00000 1.00000
0.10000 7.68152 4.44019 3.18097 849.00000 600.00000 0.00000 0.00000 1.00000 1.00000
0.10000 7.68279 4.44092 3.18139 849.00000 600.00000 0.00000 0.00000 1.00000 1.00000
0.10000 7.68414 4.44170 3.18185 849.00000 600.00000 0.00000 0.00000 1.00000 1.00000
0.10000 7.68579 4.44265 3.18240 849.00000 600.00000 0.00000 0.00000 1.00000 1.00000
0.10000 7.68794 4.44389 3.18312 849.00000 600.00000 0.00000 0.00000 1.00000 1.00000
0.10000 7.69078 4.44554 3.18408 849.00000 600.00000 0.00000 0.00000 1.00000 1.00000
0.10000 7.69428 4.44756 3.18525 849.00000 600.00000 0.00000 0.00000 1.00000 1.00000
0.10000 7.69817 4.44981 3.18656 849.00000 600.00000 0.00000 0.00000 1.00000 1.00000
0.10000 7.70218 4.45213 3.18791 849.00000 600.00000 0.00000 0.00000 1.00000 1.00000
0.10000 7.70603 4.45435 3.18921 849.00000 600.00000 0.00000 0.00000 1.00000 1.00000
0.10000 7.70946 4.45633 3.19037 849.00000 600.00000 0.00000 0.00000 1.00000 1.00000
0.10000 7.71235 4.45800 3.19134 849.00000 600.00000 0.00000 0.00000 1.00000 1.00000
0.10000 7.71477 4.45940 3.19216 849.00000 600.00000 0.00000 0.00000 1.00000 1.00000
0.10000 7.71677 4.46056 3.19284 849.00000 600.00000 0.00000 0.00000 1.00000 1.00000
0.10000 7.71844 4.46153 3.19340 849.00000 600.00000 0.00000 0.00000 1.00000 1.00000
0.10000 7.71983 4.46233 3.19387 849.00000 600.00000 0.00000 0.00000 1.00000 1.00000
0.10000 7.72100 4.46300 3.19426 849.00000 600.00000 0.00000 0.00000 1.00000 1.00000
0.10000 7.72200 4.46358 3.19460 849.00000 600.00000 0.00000 0.00000 1.00000 1.00000
0.10000 7.72288 4.46409 3.19490 849.00000 600.00000 0.00000 0.00000 1.00000 1.00000
0.10000 7.72370 4.46456 3.19518 849.00000 600.00000 0.00000 0.00000 1.00000 1.00000
0.10000 7.72450 4.46503 3.19545 849.00000 600.00000 0.00000 0.00000 1.00000 1.00000
0.10000 7.72530 4.46549 3.19572 849.00000 600.00000 0.00000 0.00000 1.00000 1.00000
0.10000 7.72610 4.46596 3.19599 849.00000 600.00000 0.00000 0.00000 1.00000 1.00000
0.10000 7.72689 4.46641 3.19626 849.00000 600.00000 0.00000 0.00000 1.00000 1.00000
0.10000 7.72766 4.46685 3.19652 849.00000 600.00000 0.00000 0.00000 1.00000 1.00000
0.10000 7.72839 4.46728 3.19676 849.00000 600.00000 0.00000 0.00000 1.00000 1.00000
0.10000 7.72909 4.46768 3.19700 849.00000 600.00000 0.00000 0.00000 1.00000 1.00000
0.10000 7.72975 4.46806 3.19722 849.00000 600.00000 0.00000 0.00000 1.00000 1.00000
0.10000 7.73037 4.46842 3.19743 849.00000 600.00000 0.00000 0.00000 1.00000 1.00000
0.10000 7.73094 4.46875 3.19763 849.00000 600.00000 0.00000 0.00000 1.00000 1.00000
0.10000 7.73146 4.46905 3.19780 849.00000 600.00000 0.00000 0.00000 1.00000 1.00000
0.10000 7.73193 4.46932 3.19796 849.00000 600.00000 0.00000 0.00000 1.00000 1.00000
0.10000 7.73235 4.46957 3.19810 849.00000 600.00000 0.00000 0.00000 1.00000 1.00000
0.10000 7.73273 4.46979 3.19823 849.00000 600.00000 0.00000 0.00000 1.00000 1.00000
0.10000 7.73307 4.46998 3.19835 849.00000 600.00000 0.00000 0.00000 1.00000 1.00000
0.10000 7.73336 4.47015 3.19845 849.00000 600.00000 0.00000 0.00000 1.00000 1.00000
0.10000 7.73362 4.47030 3.19853 849.00000 600.00000 0.00000 0.00000 1.00000 1.00000
0.10000 7.73383 4.47042 3.19861 849.00000 600.00000 0.00000 0.00000 1.00000 1.00000
0.10000 7.73401 4.47052 3.19867 849.00000 600.00000 0.00000 0.00000 1.00000 1.00000
0.10000 7.73414 4.47060 3.19871 849.00000 600.00000 0.00000 0.00000 1.00000 1.00000
0.10000 7.73423 4.47065 3.19874 849.00000 600.00000 0.00000 0.00000 1.00000 1.00000
0.10000 7.73428 4.47068 3.19876 849.00000 600.00000 0.00000 0.00000 1.00000 1.00000
0.10000 7.73431 4.47070 3.19877 849.00000 600.00000 0.00000 0.00000 1.00000 1.00000
0.10000 7.73432 4.47071 3.19877 849.00000 600.00000 0.00000 0.00000 1.00000 1.00000
0.10000 7.73433 4.47071 3.19877 849.00000 600.00000 0.00000 0.00000 1.00000 1.00000
0.10000 7.73434 4.47072 3.19878 849.00000 600.00000 0.00000 0.00000 1.00000 1.00000
0.10000 7.73436 4.47073 3.19879 849.00000 600.00000 0.00000 0.00000 1.00000 1.00000
0.10000 7.73440 4.47075 3.19880 849.00000 600.00000 0.00000 0.00000 1.00000 1.00000
0.10000 7.73443 4.47077 3.19881 849.00000 600.00000 0.00000 0.00000 1.00000 1.00000
0.10000 7.73447 4.47079 3.19882 849.00000 600.00000 0.00000 0.00000 1.00000 1.00000
0.10000 7.73452 4.47082 3.19884 849.00000 600.00000 0.00000 0.00000 1.00000 1.00000
0.10000 7.73456 4.47084 3.19885 849.00000 600.00000 0.00000 0.00000 1.00000 1.00000
0.10000 7.73460 4.47087 3.19887 849.00000 600.00000 0.00000 0.00000 1.00000 1.00000
0.10000 7.73464 4.47089 3.19888 849.00000 600.00000 0.00000 0.00000 1.00000 1.00000
0.10000 7.73468 4.47091 3.19889 849.00000 600.00000 0.00000 0.00000 1.00000 1.00000
0.10000 7.73472 4.47094 3.19891 849.00000 600.00000 0.00000 0.00000 1.00000 1.00000
0.10000 7.73476 4.47096 3.19892 849.00000 600.00000 0.00000 0.00000 1.00000 1.00000
0.10000 7.73478 4.47097 3.19893 849.00000 600.00000 0.00000 0.00000 1.00000 1.00000
0.10000 7.73480 4.47098 3.19893 849.00000 600.00000 0.00000 0.00000 1.00000 1.00000
0.10000 7.73480 4.47099 3.19894 849.00000 600.00000 0.00000 0.00000 1.00000 1.00000
0.10000 7.73479 4.47098 3.19893 849.00000 600.00000 0.00000 0.00000 1.00000 1.00000
0.10000 7.73475 4.47096 3.19892 849.00000 600.00000 0.00000 0.00000 1.00000 1.00000
0.10000 7.73471 4.47093 3.19890 849.00000 600.00000 0.00000 0.00000 1.00000 1.00000
0.10000 7.73465 4.47090 3.19888 849.00000 600.00000 0.00000 0.00000 1.00000 1.00000
0.10000 7.73459 4.47086 3.19886 849.00000 600.00000 0.00000 0.00000 1.00000 1.00000
0.10000 7.73453 4.47083 3.19884 849.00000 600.00000 0.00000 0.00000 1.00000 1.00000
0.10000 7.73446 4.47079 3.19882 849.00000 600.00000 0.00000 0.00000 1.00000 1.00000
0.10000 7.73438 4.47074 3.19879 849.00000 600.00000 0.00000 0.00000 1.00000 1.00000
0.10000 7.73427 4.47068 3.19876 849.00000 600.00000 0.00000 0.00000 1.00000 1.00000
0.10000 7.73412 4.47059 3.19870 849.00000 600.00000 0.00000 0.00000 1.00000 1.00000
0.10000 7.73391 4.47047 3.19863 849.00000 600.00000 0.00000 0.00000 1.00000 1.00000
0.10000 7.73365 4.47032 3.19854 849.00000 600.00000 0.00000 0.00000 1.00000 1.00000
0.10000 7.73335 4.47014 3.19844 849.00000 600.00000 0.00000 0.00000 1.00000 1.00000
0.10000 7.73301 4.46995 3.19833 849.00000 600.00000 0.00000 0.00000 1.00000 1.00000
0.10000 7.73266 4.46975 3.19821 849.00000 600.00000 0.00000 0.00000 1.00000 1.00000
0.10000 7.73231 4.46954 3.19809 849.00000 600.00000 0.00000 0.00000 1.00000 1.00000
0.10000 7.73195 4.46934 3.19797 849.00000 600.00000 0.00000 0.00000 1.00000 1.00000
0.10000 7.73160 4.46913 3.19785 849.00000 600.00000 0.00000 0.00000 1.00000 1.00000
0.10000 7.73123 4.46892 3.19772 849.00000 600.00000 0.00000 0.00000 1.00000 1.00000
0.10000 7.73084 4.46870 3.19759 849.00000 600.00000 0.00000 0.00000 1.00000 1.00000
0.10000 7.73044 4.46846 3.19746 849.00000 600.00000 0.00000 0.00000 1.00000 1.00000
0.10000 7.73000 4.46821 3.19731 849.00000 600.00000 0.00000 0.00000 1.00000 1.00000
0.10000 7.72954 4.46794 3.19715 849.00000 600.00000 0.00000 0.00000 1.00000 1.00000
0.10000 7.72905 4.46766 3.19699 849.00000 600.00000 0.00000 0.00000 1.00000 1.00000
0.10000 7.72853 4.46736 3.19681 849.00000 600.00000 0.00000 0.00000 1.00000 1.00000
0.10000 7.72796 4.46703 3.19662 849.00000 600.00000 0.00000 0.00000 1.00000 1.00000
0.10000 7.72737 4.46669 3.19642 849.00000 600.00000 0.00000 0.00000 1.00000 1.00000
0.10000 7.72675 4.46633 3.19621 849.00000 600.00000 0.00000 0.00000 1.00000 1.00000
0.10000 7.72610 4.46596 3.19599 849.00000 600.00000 0.00000 0.00000 1.00000 1.00000
0.10000 7.72545 4.46558 3.19577 849.00000 600.00000 0.00000 0.00000 1.00000 1.00000
0.10000 7.72478 4.46519 3.19554 849.00000 600.00000 0.00000 0.00000 1.00000 1.00000
0.10000 7.72411 4.46480 3.19532 849.00000 600.00000 0.00000 0.00000 1.00000 1.00000
0.10000 7.72344 4.46441 3.19509 849.00000 600.00000 0.00000 0.00000 1.00000 1.00000
0.10000 7.72276 4.46402 3.19486 849.00000 600.00000 0.00000 0.00000 1.00000 1.00000
0.10000 7.72208 4.46363 3.19463 849.00000 600.00000 0.00000 0.00000 1.00000 1.00000
0.10000 7.72140 4.46323 3.19440 849.00000 600.00000 0.00000 0.00000 1.00000 1.00000
0.10000 7.72071 4.46284 3.19417 849.00000 600.00000 0.00000 0.00000 1.00000 1.00000
0.10000 7.72003 4.46244 3.19393 849.00000 600.00000 0.00000 0.00000 1.00000 1.00000
0.10000 7.71935 4.46205 3.19370 849.00000 600.00000 0.00000 0.00000 1.00000 1.00000
0.10000 7.71867 4.46166 3.19348 849.00000 600.00000 0.00000 0.00000 1.00000 1.00000
0.10000 7.71800 4.46127 3.19325 849.00000 600.00000 0.00000 0.00000 1.00000 1.00000
0.10000 7.71733 4.46088 3.19302 849.00000 600.00000 0.00000 0.00000 1.00000 1.00000
0.10000 7.71667 4.46050 3.19280 849.00000 600.00000 0.00000 0.00000 1.00000 1.00000
0.10000 7.71601 4.46012 3.19258 849.00000 600.00000 0.00000 0.00000 1.00000 1.00000
0.10000 7.71536 4.45974 3.19236 849.00000 600.00000 0.00000 0.00000 1.00000 1.00000
0.10000 7.71471 4.45937 3.19214 849.00000 600.00000 0.00000 0.00000 1.00000 1.00000
0.10000 7.71406 4.45899 3.19192 849.00000 600.00000 0.00000 0.00000 1.00000 1.00000
0.10000 7.71340 4.45861 3.19170 849.00000 600.00000 0.00000 0.00000 1.00000 1.00000
0.10000 7.71274 4.45823 3.19147 849.00000 600.00000 0.00000 0.00000 1.00000 1.00000
0.10000 7.71206 4.45784 3.19124 849.00000 600.00000 0.00000 0.00000 1.00000 1.00000
0.10000 7.71135 4.45743 3.19101 849.00000 600.00000 0.00000 0.00000 1.00000 1.00000
0.10000 7.71063 4.45701 3.19076 849.00000 600.00000 0.00000 0.00000 1.00000 1.00000
0.10000 7.70989 4.45658 3.19051 849.00000 600.00000 0.00000 0.00000 1.00000 1.00000
0.10000 7.70914 4.45615 3.19026 849.00000 600.00000 0.00000 0.00000 1.00000 1.00000
0.10000 7.70838 4.45571 3.19000 849.00000 600.00000 0.00000 0.00000 1.00000 1.00000
0.10000 7.70761 4.45527 3.18974 849.00000 600.00000 0.00000 0.00000 1.00000 1.00000
0.10000 7.70685 4.45483 3.18949 849.00000 600.00000 0.00000 0.00000 1.00000 1.00000
0.10000 7.70609 4.45439 3.18923 849.00000 600.00000 0.00000 0.00000 1.00000 1.00000
0.10000 7.70533 4.45395 3.18897 849.00000 600.00000 0.00000 0.00000 1.00000 1.00000
0.10000 7.70457 4.45351 3.18872 849.00000 600.00000 0.00000 0.00000 1.00000 1.00000
0.10000 7.70382 4.45307 3.18847 849.00000 600.00000 0.00000 0.00000 1.00000 1.00000
0.10000 7.70307 4.45264 3.18821 849.00000 600.00000 0.00000 0.00000 1.00000 1.00000
0.10000 7.70232 4.45221 3.18796 849.00000 600.00000 0.00000 0.00000 1.00000 1.00000
0.10000 7.70157 4.45177 3.18771 849.00000 600.00000 0.00000 0.00000 1.00000 1.00000
0.10000 7.70081 4.45134 3.18745 849.00000 600.00000 0.00000 0.00000 1.00000 1.00000
0.10000 7.70006 4.45090 3.18720 849.00000 600.00000 0.00000 0.00000 1.00000 1.00000
0.10000 7.69930 4.45046 3.18694 849.00000 600.00000 0.00000 0.00000 1.00000 1.00000
0.10000 7.69855 4.45003 3.18669 849.00000 600.00000 0.00000 0.00000 1.00000 1.00000
0.10000 7.69781 4.44960 3.18644 849.00000 600.00000 0.00000 0.00000 1.00000 1.00000
0.10000 7.69708 4.44918 3.18619 849.00000 600.00000 0.00000 0.00000 1.00000 1.00000
0.10000 7.69636 4.44876 3.18595 849.00000 600.00000 0.00000 0.00000 1.00000 1.00000
0.10000 7.69566 4.44836 3.18572 849.00000 600.00000 0.00000 0.00000 1.00000 1.00000
0.10000 7.69497 4.44796 3.18549 849.00000 600.00000 0.00000 0.00000 1.00000 1.00000
0.10000 7.69429 4.44757 3.18526 849.00000 600.00000 0.00000 0.00000 1.00000 1.00000
0.10000 7.69361 4.44718 3.18503 849.00000 600.00000 0.00000 0.00000 1.00000 1.00000
0.10000 7.69293 4.44678 3.18480 849.00000 600.00000 0.00000 0.00000 1.00000 1.00000
0.10000 7.69225 4.44639 3.18457 849.00000 600.00000 0.00000 0.00000 1.00000 1.00000
0.10000 7.69156 4.44599 3.18434 849.00000 600.00000 0.00000 0.00000 1.00000 1.00000
0.10000 7.69087 4.44559 3.18411 849.00000 600.00000 0.00000 0.00000 1.00000 1.00000
0.10000 7.69018 4.44519 3.18388 849.00000 600.00000 0.00000 0.00000 1.00000 1.00000
0.10000 7.68949 4.44479 3.18364 849.00000 600.00000 0.00000 0.00000 1.00000 1.00000
0.10000 7.68880 4.44439 3.18341 849.00000 600.00000 0.00000 0.00000 1.00000 1.00000
0.10000 7.68811 4.44399 3.18318 849.00000 600.00000 0.00000 0.00000 1.00000 1.00000
0.10000 7.68742 4.44359 3.18295 849.00000 600.00000 0.00000 0.00000 1.00000 1.00000
0.10000 7.68672 4.44319 3.18271 849.00000 600.00000 0.00000 0.00000 1.00000 1.00000
0.10000 7.68602 4.44279 3.18248 849.00000 600.00000 0.00000 0.00000 1.00000 1.00000
0.10000 7.68532 4.44238 3.18224 849.00000 600.00000 0.00000 0.00000 1.00000 1.00000
0.10000 7.68461 4.44197 3.18201 849.00000 600.00000 0.00000 0.00000 1.00000 1.00000
0.10000 7.68391 4.44156 3.18177 849.00000 600.00000 0.00000 0.00000 1.00000 1.00000
0.10000 7.68320 4.44116 3.18153 849.00000 600.00000 0.00000 0.00000 1.00000 1.00000
0.10000 7.68250 4.44075 3.18130 849.00000 600.00000 0.00000 0.00000 1.00000 1.00000
0.10000 7.68181 4.44035 3.18106 849.00000 600.00000 0.00000 0.00000 1.00000 1.00000
0.10000 7.68111 4.43995 3.18083 849.00000 600.00000 0.00000 0.00000 1.00000 1.00000
0.10000 7.68042 4.43955 3.18060 849.00000 600.00000 0.00000 0.00000 1.00000 1.00000
0.10000 7.67972 4.43915 3.18037 849.00000 600.00000 0.00000 0.00000 1.00000 1.00000
0.10000 7.67903 4.43874 3.18013 849.00000 600.00000 0.00000 0.00000 1.00000 1.00000
0.10000 7.67832 4.43834 3.17990 849.00000 600.00000 0.00000 0.00000 1.00000 1.00000
0.10000 7.67762 4.43793 3.17966 849.00000 600.00000 0.00000 0.00000 1.00000 1.00000
0.10000 7.67692 4.43753 3.17943 849.00000 600.00000 0.00000 0.00000 1.00000 1.00000
0.10000 7.67623 4.43713 3.17919 849.00000 600.00000 0.00000 0.00000 1.00000 1.00000
0.10000 7.67554 4.43673 3.17896 849.00000 600.00000 0.00000 0.00000 1.00000 1.00000
0.10000 7.67486 4.43634 3.17874 849.00000 600.00000 0.00000 0.00000 1.00000 1.00000
0.10000 7.67419 4.43595 3.17851 849.00000 600.00000 0.00000 0.00000 1.00000 1.00000
0.10000 7.67352 4.43556 3.17829 849.00000 600.00000 0.00000 0.00000 1.00000 1.00000
0.10000 7.67287 4.43518 3.17807 849.00000 600.00000 0.00000 0.00000 1.00000 1.00000
0.10000 7.67221 4.43480 3.17785 849.00000 600.00000 0.00000 0.00000 1.00000 1.00000
0.10000 7.67156 4.43443 3.17763 849.00000 600.00000 0.00000 0.00000 1.00000 1.00000
0.10000 7.67092 4.43406 3.17742 849.00000 600.00000 0.00000 0.00000 1.00000 1.00000
0.10000 7.67028 4.43369 3.17720 849.00000 600.00000 0.00000 0.00000 1.00000 1.00000
0.10000 7.66964 4.43332 3.17699 849.00000 600.00000 0.00000 0.00000 1.00000 1.00000
0.10000 7.66900 4.43295 3.17677 849.00000 600.00000 0.00000 0.00000 1.00000 1.00000
0.10000 7.66836 4.43258 3.17656 849.00000 600.00000 0.00000 0.00000 1.00000 1.00000
0.10000 7.66771 4.43220 3.17634 849.00000 600.00000 0.00000 0.00000 1.00000 1.00000
0.10000 7.66707 4.43183 3.17613 849.00000 600.00000 0.00000 0.00000 1.00000 1.00000
0.10000 7.66642 4.43146 3.17591 849.00000 600.00000 0.00000 0.00000 1.00000 1.00000
0.10000 7.66577 4.43108 3.17569 849.00000 600.00000 0.00000 0.00000 1.00000 1.00000
0.10000 7.66512 4.43071 3.17548 849.00000 600.00000 0.00000 0.00000 1.00000 1.00000
0.10000 7.66447 4.43033 3.17526 849.00000 600.00000 0.00000 0.00000 1.00000 1.00000
0.10000 7.66383 4.42996 3.17504 849.00000 600.00000 0.00000 0.00000 1.00000 1.00000
0.10000 7.66319 4.42959 3.17483 849.00000 600.00000 0.00000 0.00000 1.00000 1.00000
0.10000 7.66257 4.42923 3.17462 849.00000 600.00000 0.00000 0.00000 1.00000 1.00000
0.10000 7.66195 4.42887 3.17442 849.00000 600.00000 0.00000 0.00000 1.00000 1.00000
0.10000 7.66134 4.42852 3.17421 849.00000 600.00000 0.00000 0.00000 1.00000 1.00000
0.10000 7.66073 4.42817 3.17401 849.00000 600.00000 0.00000 0.00000 1.00000 1.00000
0.10000 7.66012 4.42782 3.17380 849.00000 600.00000 0.00000 0.00000 1.00000 1.00000
0.10000 7.65950 4.42746 3.17360 849.00000 600.00000 0.00000 0.00000 1.00000 1.00000
0.10000 7.65887 4.42709 3.17339 849.00000 600.00000 0.00000 0.00000 1.00000 1.00000
0.10000 7.65824 4.42673 3.17317 849.00000 600.00000 0.00000 0.00000 1.00000 1.00000
0.10000 7.65760 4.42636 3.17296 849.00000 600.00000 0.00000 0.00000 1.00000 1.00000
0.10000 7.65696 4.42599 3.17275 849.00000 600.00000 0.00000 0.00000 1.00000 1.00000
0.10000 7.65632 4.42562 3.17253 849.00000 600.00000 0.00000 0.00000 1.00000 1.00000
0.10000 7.65568 4.42525 3.17232 849.00000 600.00000 0.00000 0.00000 1.00000 1.00000
0.10000 7.65505 4.42489 3.17211 849.00000 600.00000 0.00000 0.00000 1.00000 1.00000
0.10000 7.65443 4.42453 3.17190 849.00000 600.00000 0.00000 0.00000 1.00000 1.00000
0.10000 7.65381 4.42417 3.17170 849.00000 600.00000 0.00000 0.00000 1.00000 1.00000
0.10000 7.65319 4.42381 3.17149 849.00000 600.00000 0.00000 0.00000 1.00000 1.00000
0.10000 7.65258 4.42346 3.17129 849.00000 600.00000 0.00000 0.00000 1.00000 1.00000
0.10000 7.65197 4.42310 3.17108 849.00000 600.00000 0.00000 0.00000 1.00000 1.00000
0.10000 7.65136 4.42275 3.17088 849.00000 600.00000 0.00000 0.00000 1.00000 1.00000
0.10000 7.65075 4.42240 3.17068 849.00000 600.00000 0.00000 0.00000 1.00000 1.00000
0.10000 7.65014 4.42204 3.17047 849.00000 600.00000 0.00000 0.00000 1.00000 1.00000
0.10000 7.64952 4.42169 3.17027 849.00000 600.00000 0.00000 0.00000 1.00000 1.00000
0.10000 7.64890 4.42133 3.17006 849.00000 600.00000 0.00000 0.00000 1.00000 1.00000
0.10000 7.64829 4.42098 3.16985 849.00000 600.00000 0.00000 0.00000 1.00000 1.00000
0.10000 7.64767 4.42062 3.16965 849.00000 600.00000 0.00000 0.00000 1.00000 1.00000
0.10000 7.64707 4.42027 3.16945 849.00000 600.00000 0.00000 0.00000 1.00000 1.00000
0.10000 7.64646 4.41992 3.16925 849.00000 600.00000 0.00000 0.00000 1.00000 1.00000
0.10000 7.64586 4.41957 3.16905 849.00000 600.00000 0.00000 0.00000 1.00000 1.00000
0.10000 7.64527 4.41923 3.16885 849.00000 600.00000 0.00000 0.00000 1.00000 1.00000
0.10000 7.64468 4.41889 3.16865 849.00000 600.00000 0.00000 0.00000 1.00000 1.00000
0.10000 7.64410 4.41856 3.16846 849.00000 600.00000 0.00000 0.00000 1.00000 1.00000
0.10000 7.64353 4.41822 3.16827 849.00000 600.00000 0.00000 0.00000 1.00000 1.00000
0.10000 7.64296 4.41789 3.16808 849.00000 600.00000 0.00000 0.00000 1.00000 1.00000
0.10000 7.64240 4.41757 3.16789 849.00000 600.00000 0.00000 0.00000 1.00000 1.00000
0.10000 7.64184 4.41725 3.16771 849.00000 600.00000 0.00000 0.00000 1.00000 1.00000
0.10000 7.64129 4.41693 3.16752 849.00000 600.00000 0.00000 0.00000 1.00000 1.00000
0.10000 7.64074 4.41661 3.16734 849.00000 600.00000 0.00000 0.00000 1.00000 1.00000
0.10000 7.64020 4.41630 3.16716 849.00000 600.00000 0.00000 0.00000 1.00000 1.00000
0.10000 7.63966 4.41599 3.16698 849.00000 600.00000 0.00000 0.00000 1.00000 1.00000
0.10000 7.63911 4.41567 3.16680 849.00000 600.00000 0.00000 0.00000 1.00000 1.00000
0.10000 7.63856 4.41535 3.16661 849.00000 600.00000 0.00000 0.00000 1.00000 1.00000
0.10000 7.63800 4.41503 3.16643 849.00000 600.00000 0.00000 0.00000 1.00000 1.00000
0.10000 7.63744 4.41470 3.16624 849.00000 600.00000 0.00000 0.00000 1.00000 1.00000
0.10000 7.63687 4.41438 3.16605 849.00000 600.00000 0.00000 0.00000 1.00000 1.00000
0.10000 7.63631 4.41405 3.16587 849.00000 600.00000 0.00000 0.00000 1.00000 1.00000
0.10000 7.63574 4.41372 3.16568 849.00000 600.00000 0.00000 0.00000 1.00000 1.00000
0.10000 7.63517 4.41340 3.16549 849.00000 600.00000 0.00000 0.00000 1.00000 1.00000
0.10000 7.63461 4.41307 3.16530 849.00000 600.00000 0.00000 0.00000 1.00000 1.00000
0.10000 7.63404 4.41274 3.16511 849.00000 600.00000 0.00000 0.00000 1.00000 1.00000
0.10000 7.63347 4.41241 3.16492 849.00000 600.00000 0.00000 0.00000 1.00000 1.00000
0.10000 7.63289 4.41207 3.16473 849.00000 600.00000 0.00000 0.00000 1.00000 1.00000
0.10000 7.63231 4.41174 3.16454 849.00000 600.00000 0.00000 0.00000 1.00000 1.00000
0.10000 7.63172 4.41140 3.16434 849.00000 600.00000 0.00000 0.00000 1.00000 1.00000
0.10000 7.63114 4.41106 3.16415 849.00000 600.00000 0.00000 0.00000 1.00000 1.00000
0.10000 7.63056 4.41073 3.16395 849.00000 600.00000 0.00000 0.00000 1.00000 1.00000
0.10000 7.62998 4.41040 3.16376 849.00000 600.00000 0.00000 0.00000 1.00000 1.00000
0.10000 7.62942 4.41007 3.16358 849.00000 600.00000 0.00000 0.00000 1.00000 1.00000
0.10000 7.62885 4.40974 3.16339 849.00000 600.00000 0.00000 0.00000 1.00000 1.00000
0.10000 7.62830 4.40942 3.16320 849.00000 600.00000 0.00000 0.00000 1.00000 1.00000
0.10000 7.62775 4.40910 3.16302 849.00000 600.00000 0.00000 0.00000 1.00000 1.00000
0.10000 7.62720 4.40878 3.16284 849.00000 600.00000 0.00000 0.00000 1.00000 1.00000
0.10000 7.62665 4.40847 3.16266 849.00000 600.00000 0.00000 0.00000 1.00000 1.00000
0.10000 7.62611 4.40816 3.16248 849.00000 600.00000 0.00000 0.00000 1.00000 1.00000
0.10000 7.62558 4.40785 3.16230 849.00000 600.00000 0.00000 0.00000 1.00000 1.00000
0.10000 7.62505 4.40755 3.16213 849.00000 600.00000 0.00000 0.00000 1.00000 1.00000
0.10000 7.62454 4.40725 3.16196 849.00000 600.00000 0.00000 0.00000 1.00000 1.00000
0.10000 7.62404 4.40696 3.16179 849.00000 600.00000 0.00000 0.00000 1.00000 1.00000
0.10000 7.62355 4.40667 3.16163 849.00000 600.00000 0.00000 0.00000 1.00000 1.00000
0.10000 7.62306 4.40639 3.16147 849.00000 600.00000 0.00000 0.00000 1.00000 1.00000
0.10000 7.62257 4.40611 3.16131 849.00000 600.00000 0.00000 0.00000 1.00000 1.00000
0.10000 7.62209 4.40583 3.16114 849.00000 600.00000 0.00000 0.00000 1.00000 1.00000
0.10000 7.62161 4.40555 3.16098 849.00000 600.00000 0.00000 0.00000 1.00000 1.00000
0.10000 7.62112 4.40527 3.16082 849.00000 600.00000 0.00000 0.00000 1.00000 1.00000
0.10000 7.62064 4.40499 3.16066 849.00000 600.00000 0.00000 0.00000 1.00000 1.00000
0.10000 7.62015 4.40471 3.16050 849.00000 600.00000 0.00000 0.00000 1.00000 1.00000
0.10000 7.61966 4.40443 3.16034 849.00000 600.00000 0.00000 0.00000 1.00000 1.00000
0.10000 7.61916 4.40414 3.16017 849.00000 600.00000 0.00000 0.00000 1.00000 1.00000
0.10000 7.61866 4.40385 3.16001 849.00000 600.00000 0.00000 0.00000 1.00000 1.00000
0.10000 7.61816 4.40356 3.15984 849.00000 600.00000 0.00000 0.00000 1.00000 1.00000
0.10000 7.61765 4.40327 3.15967 849.00000 600.00000 0.00000 0.00000 1.00000 1.00000
0.10000 7.61713 4.40297 3.15950 849.00000 600.00000 0.00000 0.00000 1.00000 1.00000
0.10000 7.61661 4.40267 3.15933 849.00000 600.00000 0.00000 0.00000 1.00000 1.00000
0.10000 7.61609 4.40236 3.15916 849.00000 600.00000 0.00000 0.00000 1.00000 1.00000
0.10000 7.61556 4.40206 3.15898 849.00000 600.00000 0.00000 0.00000 1.00000 1.00000
0.10000 7.61502 4.40175 3.15880 849.00000 600.00000 0.00000 0.00000 1.00000 1.00000
0.10000 7.61448 4.40143 3.15862 849.00000 600.00000 0.00000 0.00000 1.00000 1.00000
0.10000 7.61393 4.40112 3.15844 849.00000 600.00000 0.00000 0.00000 1.00000 1.00000
0.10000 7.61339 4.40080 3.15826 849.00000 600.00000 0.00000 0.00000 1.00000 1.00000
0.10000 7.61285 4.40049 3.15808 849.00000 600.00000 0.00000 0.00000 1.00000 1.00000
0.10000 7.61232 4.40018 3.15791 849.00000 600.00000 0.00000 0.00000 1.00000 1.00000
0.10000 7.61180 4.39988 3.15773 849.00000 600.00000 0.00000 0.00000 1.00000 1.00000
0.10000 7.61129 4.39959 3.15757 849.00000 600.00000 0.00000 0.00000 1.00000 1.00000
0.10000 7.61080 4.39930 3.15740 849.00000 600.00000 0.00000 0.00000 1.00000 1.00000
0.10000 7.61031 4.39902 3.15724 849.00000 600.00000 0.00000 0.00000 1.00000 1.00000
0.10000 7.60982 4.39874 3.15708 849.00000 600.00000 0.00000 0.00000 1.00000 1.00000
0.10000 7.60934 4.39846 3.15692 849.00000 600.00000 0.00000 0.00000 1.00000 1.00000
0.10000 7.60886 4.39819 3.15676 849.00000 600.00000 0.00000 0.00000 1.00000 1.00000
0.10000 7.60839 4.39791 3.15661 849.00000 600.00000 0.00000 0.00000 1.00000 1.00000
0.10000 7.60792 4.39764 3.15645 849.00000 600.00000 0.00000 0.00000 1.00000 1.00000
0.10000 7.60745 4.39737 3.15630 849.00000 600.00000 0.00000 0.00000 1.00000 1.00000
0.10000 7.60700 4.39711 3.15615 849.00000 600.00000 0.00000 0.00000 1.00000 1.00000
0.10000 7.60656 4.39686 3.15600 849.00000 600.00000 0.00000 0.00000 1.00000 1.00000
0.10000 7.60613 4.39660 3.15586 849.00000 600.00000 0.00000 0.00000 1.00000 1.00000
0.10000 7.60570 4.39636 3.15572 849.00000 600.00000 0.00000 0.00000 1.00000 1.00000
0.10000 7.60528 4.39611 3.15558 849.00000 600.00000 0.00000 0.00000 1.00000 1.00000
0.10000 7.60486 4.39587 3.15544 849.00000 600.00000 0.00000 0.00000 1.00000 1.00000
0.10000 7.60444 4.39563 3.15530 849.00000 600.00000 0.00000 0.00000 1.00000 1.00000
0.10000 7.60402 4.39539 3.15516 849.00000 600.00000 0.00000 0.00000 1.00000 1.00000
0.10000 7.60360 4.39514 3.15502 849.00000 600.00000 0.00000 0.00000 1.00000 1.00000
0.10000 7.60317 4.39490 3.15488 849.00000 600.00000 0.00000 0.00000 1.00000 1.00000
0.10000 7.60273 4.39464 3.15474 849.00000 600.00000 0.00000 0.00000 1.00000 1.00000
0.10000 7.60228 4.39438 3.15459 849.00000 600.00000 0.00000 0.00000 1.00000 1.00000
0.10000 7.60183 4.39412 3.15444 849.00000 600.00000 0.00000 0.00000 1.00000 1.00000
0.10000 7.60136 4.39385 3.15428 849.00000 600.00000 0.00000 0.00000 1.00000 1.00000
0.10000 7.60088 4.39357 3.15413 849.00000 600.00000 0.00000 0.00000 1.00000 1.00000
0.10000 7.60040 4.39330 3.15397 849.00000 600.00000 0.00000 0.00000 1.00000 1.00000
0.10000 7.59991 4.39301 3.15381 849.00000 600.00000 0.00000 0.00000 1.00000 1.00000
0.10000 7.59942 4.39273 3.15364 849.00000 600.00000 0.00000 0.00000 1.00000 1.00000
0.10000 7.59893 4.39244 3.15348 849.00000 600.00000 0.00000 0.00000 1.00000 1.00000
0.10000 7.59844 4.39216 3.15332 849.00000 600.00000 0.00000 0.00000 1.00000 1.00000
0.10000 7.59795 4.39188 3.15316 849.00000 600.00000 0.00000 0.00000 1.00000 1.00000
0.10000 7.59747 4.39160 3.15300 849.00000 600.00000 0.00000 0.00000 1.00000 1.00000
0.10000 7.59700 4.39133 3.15284 849.00000 600.00000 0.00000 0.00000 1.00000 1.00000
0.10000 7.59653 4.39106 3.15269 849.00000 600.00000 0.00000 0.00000 1.00000 1.00000
0.10000 7.59606 4.39079 3.15254 849.00000 600.00000 0.00000 0.00000 1.00000 1.00000
0.10000 7.59561 4.39052 3.15239 849.00000 600.00000 0.00000 0.00000 1.00000 1.00000
0.10000 7.59516 4.39026 3.15224 849.00000 600.00000 0.00000 0.00000 1.00000 1.00000
0.10000 7.59471 4.39001 3.15209 849.00000 600.00000 0.00000 0.00000 1.00000 1.00000
0.10000 7.59428 4.38975 3.15195 849.00000 600.00000 0.00000 0.00000 1.00000 1.00000
0.10000 7.59384 4.38950 3.15180 849.00000 600.00000 0.00000 0.00000 1.00000 1.00000
0.10000 7.59342 4.38926 3.15166 849.00000 600.00000 0.00000 0.00000 1.00000 1.00000
0.10000 7.59299 4.38901 3.15152 849.00000 600.00000 0.00000 0.00000 1.00000 1.00000
0.10000 7.59258 4.38877 3.15139 849.00000 600.00000 0.00000 0.00000 1.00000 1.00000
0.10000 7.59217 4.38854 3.15125 849.00000 600.00000 0.00000 0.00000 1.00000 1.00000
0.10000 7.59178 4.38831 3.15112 849.00000 600.00000 0.00000 0.00000 1.00000 1.00000
0.10000 7.59139 4.38809 3.15099 849.00000 600.00000 0.00000 0.00000 1.00000 1.00000
0.10000 7.59102 4.38787 3.15087 849.00000 600.00000 0.00000 0.00000 1.00000 1.00000
0.10000 7.59065 4.38766 3.15075 849.00000 600.00000 0.00000 0.00000 1.00000 1.00000
0.10000 7.59028 4.38745 3.15063 849.00000 600.00000 0.00000 0.00000 1.00000 1.00000
0.10000 7.58992 4.38724 3.15051 849.00000 600.00000 0.00000 0.00000 1.00000 1.00000
0.10000 7.58955 4.38702 3.15039 849.00000 600.00000 0.00000 0.00000 1.00000 1.00000
0.10000 7.58918 4.38681 3.15027 849.00000 600.00000 0.00000 0.00000 1.00000 1.00000
0.10000 7.58881 4.38659 3.15014 849.00000 600.00000 0.00000 0.00000 1.00000 1.00000
0.10000 7.58843 4.38637 3.15002 849.00000 600.00000 0.00000 0.00000 1.00000 1.00000
0.10000 7.58804 4.38615 3.14989 849.00000 600.00000 0.00000 0.00000 1.00000 1.00000
0.10000 7.58764 4.38592 3.14976 849.00000 600.00000 0.00000 0.00000 1.00000 1.00000
0.10000 7.58723 4.38568 3.14962 849.00000 600.00000 0.00000 0.00000 1.00000 1.00000
0.10000 7.58682 4.38544 3.14949 849.00000 600.00000 0.00000 0.00000 1.00000 1.00000
0.10000 7.58640 4.38520 3.14935 849.00000 600.00000 0.00000 0.00000 1.00000 1.00000
0.10000 7.58597 4.38495 3.14921 849.00000 600.00000 0.00000 0.00000 1.00000 1.00000
0.10000 7.58554 4.38471 3.14907 849.00000 600.00000 0.00000 0.00000 1.00000 1.00000
0.10000 7.58511 4.38446 3.14893 849.00000 600.00000 0.00000 0.00000 1.00000 1.00000
0.10000 7.58468 4.38421 3.14878 849.00000 600.00000 0.00000 0.00000 1.00000 1.00000
0.10000 7.58424 4.38396 3.14864 849.00000 600.00000 0.00000 0.00000 1.00000 1.00000
0.10000 7.58381 4.38371 3.14850 849.00000 600.00000 0.00000 0.00000 1.00000 1.00000
0.10000 7.58338 4.38346 3.14836 849.00000 600.00000 0.00000 0.00000 1.00000 1.00000
0.10000 7.58296 4.38321 3.14822 849.00000 600.00000 0.00000 0.00000 1.00000 1.00000
0.10000 7.58253 4.38297 3.14808 849.00000 600.00000 0.00000 0.00000 1.00000 1.00000
0.10000 7.58211 4.38273 3.14794 849.00000 600.00000 0.00000 0.00000 1.00000 1.00000
0.10000 7.58170 4.38249 3.14780 849.00000 600.00000 0.00000 0.00000 1.00000 1.00000
0.10000 7.58129 4.38225 3.14767 849.00000 600.00000 0.00000 0.00000 1.00000 1.00000
0.10000 7.58089 4.38202 3.14754 849.00000 600.00000 0.00000 0.00000 1.00000 1.00000
0.10000 7.58050 4.38179 3.14741 849.00000 600.00000 0.00000 0.00000 1.00000 1.00000
0.10000 7.58012 4.38157 3.14728 849.00000 600.00000 0.00000 0.00000 1.00000 1.00000
0.10000 7.57975 4.38136 3.14716 849.00000 600.00000 0.00000 0.00000 1.00000 1.00000
0.10000 7.57939 4.38115 3.14704 849.00000 600.00000 0.00000 0.00000 1.00000 1.00000
0.10000 7.57904 4.38095 3.14693 849.00000 600.00000 0.00000 0.00000 1.00000 1.00000
0.10000 7.57871 4.38076 3.14682 849.00000 600.00000 0.00000 0.00000 1.00000 1.00000
0.10000 7.57838 4.38057 3.14671 849.00000 600.00000 0.00000 0.00000 1.00000 1.00000
0.10000 7.57805 4.38038 3.14660 849.00000 600.00000 0.00000 0.00000 1.00000 1.00000
0.10000 7.57773 4.38019 3.14650 849.00000 600.00000 0.00000 0.00000 1.00000 1.00000
0.10000 7.57740 4.38000 3.14639 849.00000 600.00000 0.00000 0.00000 1.00000 1.00000
0.10000 7.57706 4.37981 3.14628 849.00000 600.00000 0.00000 0.00000 1.00000 1.00000
0.10000 7.57673 4.37961 3.14617 849.00000 600.00000 0.00000 0.00000 1.00000 1.00000
0.10000 7.57639 4.37942 3.14606 849.00000 600.00000 0.00000 0.00000 1.00000 1.00000
0.10000 7.57605 4.37922 3.14595 849.00000 600.00000 0.00000 0.00000 1.00000 1.00000
0.10000 7.57572 4.37903 3.14584 849.00000 600.00000 0.00000 0.00000 1.00000 1.00000
0.10000 7.57538 4.37883 3.14572 849.00000 600.00000 0.00000 0.00000 1.00000 1.00000
0.10000 7.57503 4.37863 3.14561 849.00000 600.00000 0.00000 0.00000 1.00000 1.00000
0.10000 7.57469 4.37843 3.14550 849.00000 600.00000 0.00000 0.00000 1.00000 1.00000
0.10000 7.57434 4.37823 3.14538 849.00000 600.00000 0.00000 0.00000 1.00000 1.00000
0.10000 7.57399 4.37803 3.14527 849.00000 600.00000 0.00000 0.00000 1.00000 1.00000
0.10000 7.57363 4.37782 3.14515 849.00000 600.00000 0.00000 0.00000 1.00000 1.00000
0.10000 7.57327 4.37761 3.14503 849.00000 600.00000 0.00000 0.00000 1.00000 1.00000
0.10000 7.57290 4.37740 3.14491 849.00000 600.00000 0.00000 0.00000 1.00000 1.00000
0.10000 7.57253 4.37719 3.14479 849.00000 600.00000 0.00000 0.00000 1.00000 1.00000
0.10000 7.57216 4.37697 3.14467 849.00000 600.00000 0.00000 0.00000 1.00000 1.00000
0.10000 7.57178 4.37675 3.14454 849.00000 600.00000 0.00000 0.00000 1.00000 1.00000
0.10000 7.57140 4.37653 3.14442 849.00000 600.00000 0.00000 0.00000 1.00000 1.00000
0.10000 7.57102 4.37631 3.14429 849.00000 600.00000 0.00000 0.00000 1.00000 1.00000
0.10000 7.57064 4.37609 3.14417 849.00000 600.00000 0.00000 0.00000 1.00000 1.00000
0.10000 7.57026 4.37587 3.14405 849.00000 600.00000 0.00000 0.00000 1.00000 1.00000
0.10000 7.56989 4.37566 3.14392 849.00000 600.00000 0.00000 0.00000 1.00000 1.00000
0.10000 7.56953 4.37545 3.14380 849.00000 600.00000 0.00000 0.00000 1.00000 1.00000
0.10000 7.56918 4.37525 3.14369 849.00000 600.00000 0.00000 0.00000 1.00000 1.00000
0.10000 7.56883 4.37505 3.14358 849.00000 600.00000 0.00000 0.00000 1.00000 1.00000
0.10000 7.56850 4.37486 3.14347 849.00000 600.00000 0.00000 0.00000 1.00000 1.00000
0.10000 7.56818 4.37467 3.14336 849.00000 600.00000 0.00000 0.00000 1.00000 1.00000
0.10000 7.56787 4.37449 3.14326 849.00000 600.00000 0.00000 0.00000 1.00000 1.00000
0.10000 7.56757 4.37432 3.14316 849.00000 600.00000 0.00000 0.00000 1.00000 1.00000
0.10000 7.56727 4.37414 3.14306 849.00000 600.00000 0.00000 0.00000 1.00000 1.00000
0.10000 7.56698 4.37397 3.14297 849.00000 600.00000 0.00000 0.00000 1.00000 1.00000
0.10000 7.56668 4.37380 3.14287 849.00000 600.00000 0.00000 0.00000 1.00000 1.00000
0.10000 7.56639 4.37364 3.14277 849.00000 600.00000 0.00000 0.00000 1.00000 1.00000
0.10000 7.56610 4.37347 3.14268 849.00000 600.00000 0.00000 0.00000 1.00000 1.00000
0.10000 7.56580 4.37330 3.14258 849.00000 600.00000 0.00000 0.00000 1.00000 1.00000
0.10000 7.56550 4.37312 3.14248 849.00000 600.00000 0.00000 0.00000 1.00000 1.00000
0.10000 7.56521 4.37295 3.14239 849.00000 600.00000 0.00000 0.00000 1.00000 1.00000
0.10000 7.56491 4.37278 3.14229 849.00000 600.00000 0.00000 0.00000 1.00000 1.00000
0.10000 7.56462 4.37261 3.14219 849.00000 600.00000 0.00000 0.00000 1.00000 1.00000
0.10000 7.56433 4.37245 3.14210 849.00000 600.00000 0.00000 0.00000 1.00000 1.00000
0.10000 7.56405 4.37228 3.14201 849.00000 600.00000 0.00000 0.00000 1.00000 1.00000
0.10000 7.56377 4.37212 3.14192 849.00000 600.00000 0.00000 0.00000 1.00000 1.00000
0.10000 7.56349 4.37196 3.14182 849.00000 600.00000 0.00000 0.00000 1.00000 1.00000
0.10000 7.56320 4.37179 3.14173 849.00000 600.00000 0.00000 0.00000 1.00000 1.00000
0.10000 7.56290 4.37162 3.14163 849.00000 600.00000 0.00000 0.00000 1.00000 1.00000
0.10000 7.56259 4.37144 3.14153 849.00000 600.00000 0.00000 0.00000 1.00000 1.00000
0.10000 7.56227 4.37125 3.14142 849.00000 600.00000 0.00000 0.00000 1.00000 1.00000
0.10000 7.56195 4.37107 3.14132 849.00000 600.00000 0.00000 0.00000 1.00000 1.00000
0.10000 7.56162 4.37088 3.14121 849.00000 600.00000 0.00000 0.00000 1.00000 1.00000
0.10000 7.56129 4.37069 3.14110 849.00000 600.00000 0.00000 0.00000 1.00000 1.00000
0.10000 7.56096 4.37050 3.14100 849.00000 600.00000 0.00000 0.00000 1.00000 1.00000
0.10000 7.56063 4.37031 3.14089 849.00000 600.00000 0.00000 0.00000 1.00000 1.00000
0.10000 7.56031 4.37012 3.14078 849.00000 600.00000 0.00000 0.00000 1.00000 1.00000
0.10000 7.55998 4.36993 3.14068 849.00000 600.00000 0.00000 0.00000 1.00000 1.00000
0.10000 7.55966 4.36975 3.14057 849.00000 600.00000 0.00000 0.00000 1.00000 1.00000
0.10000 7.55935 4.36956 3.14047 849.00000 600.00000 0.00000 0.00000 1.00000 1.00000
0.10000 7.55904 4.36939 3.14037 849.00000 600.00000 0.00000 0.00000 1.00000 1.00000
0.10000 7.55873 4.36921 3.14027 849.00000 600.00000 0.00000 0.00000 1.00000 1.00000
0.10000 7.55844 4.36904 3.14017 849.00000 600.00000 0.00000 0.00000 1.00000 1.00000
0.10000 7.55815 4.36887 3.14008 849.00000 600.00000 0.00000 0.00000 1.00000 1.00000
0.10000 7.55788 4.36872 3.13999 849.00000 600.00000 0.00000 0.00000 1.00000 1.00000
0.10000 7.55761 4.36856 3.13990 849.00000 600.00000 0.00000 0.00000 1.00000 1.00000
0.10000 7.55735 4.36841 3.13981 849.00000 600.00000 0.00000 0.00000 1.00000 1.00000
0.10000 7.55710 4.36827 3.13973 849.00000 600.00000 0.00000 0.00000 1.00000 1.00000
0.10000 7.55686 4.36812 3.13965 849.00000 600.00000 0.00000 0.00000 1.00000 1.00000
0.10000 7.55661 4.36798 3.13957 849.00000 600.00000 0.00000 0.00000 1.00000 1.00000
0.10000 7.55637 4.36784 3.13949 849.00000 600.00000 0.00000 0.00000 1.00000 1.00000
0.10000 7.55613 4.36770 3.13941 849.00000 600.00000 0.00000 0.00000 1.00000 1.00000
0.10000 7.55588 4.36756 3.13933 849.00000 600.00000 0.00000 0.00000 1.00000 1.00000
0.10000 7.55563 4.36741 3.13925 849.00000 600.00000 0.00000 0.00000 1.00000 1.00000
0.10000 7.55537 4.36726 3.13916 849.00000 600.00000 0.00000 0.00000 1.00000 1.00000
0.10000 7.55510 4.36711 3.13908 849.00000 600.00000 0.00000 0.00000 1.00000 1.00000
0.10000 7.55484 4.36696 3.13899 849.00000 600.00000 0.00000 0.00000 1.00000 1.00000
0.10000 7.55459 4.36681 3.13891 849.00000 600.00000 0.00000 0.00000 1.00000 1.00000
0.10000 7.55434 4.36667 3.13883 849.00000 600.00000 0.00000 0.00000 1.00000 1.00000
0.10000 7.55410 4.36653 3.13875 849.00000 600.00000 0.00000 0.00000 1.00000 1.00000
0.10000 7.55387 4.36640 3.13867 849.00000 600.00000 0.00000 0.00000 1.00000 1.00000
0.10000 7.55364 4.36627 3.13860 849.00000 600.00000 0.00000 0.00000 1.00000 1.00000
0.10000 7.55340 4.36613 3.13852 849.00000 600.00000 0.00000 0.00000 1.00000 1.00000
0.10000 7.55315 4.36598 3.13844 849.00000 600.00000 0.00000 0.00000 1.00000 1.00000
0.10000 7.55288 4.36583 3.13835 849.00000 600.00000 0.00000 0.00000 1.00000 1.00000
0.10000 7.55261 4.36567 3.13826 849.00000 600.00000 0.00000 0.00000 1.00000 1.00000
0.10000 7.55234 4.36551 3.13817 849.00000 600.00000 0.00000 0.00000 1.00000 1.00000
0.10000 7.55206 4.36535 3.13808 849.00000 600.00000 0.00000 0.00000 1.00000 1.00000
0.10000 7.55179 4.36519 3.13799 849.00000 600.00000 0.00000 0.00000 1.00000 1.00000
0.10000 7.55152 4.36504 3.13791 849.00000 600.00000 0.00000 0.00000 1.00000 1.00000
0.10000 7.55126 4.36489 3.13782 849.00000 600.00000 0.00000 0.00000 1.00000 1.00000
0.10000 7.55100 4.36474 3.13773 849.00000 600.00000 0.00000 0.00000 1.00000 1.00000
0.10000 7.55074 4.36459 3.13765 849.00000 600.00000 0.00000 0.00000 1.00000 1.00000
0.10000 7.55048 4.36444 3.13756 849.00000 600.00000 0.00000 0.00000 1.00000 1.00000
0.10000 7.55021 4.36429 3.13748 849.00000 600.00000 0.00000 0.00000 1.00000 1.00000
0.10000 7.54996 4.36414 3.13739 849.00000 600.00000 0.00000 0.00000 1.00000 1.00000
0.10000 7.54970 4.36399 3.13731 849.00000 600.00000 0.00000 0.00000 1.00000 1.00000
0.10000 7.54945 4.36384 3.13723 849.00000 600.00000 0.00000 0.00000 1.00000 1.00000
0.10000 7.54921 4.36370 3.13715 849.00000 600.00000 0.00000 0.00000 1.00000 1.00000
0.10000 7.54898 4.36357 3.13707 849.00000 600.00000 0.00000 0.00000 1.00000 1.00000
0.10000 7.54875 4.36344 3.13700 849.00000 600.00000 0.00000 0.00000 1.00000 1.00000
0.10000 7.54854 4.36332 3.13693 849.00000 600.00000 0.00000 0.00000 1.00000 1.00000
0.10000 7.54833 4.36320 3.13686 849.00000 600.00000 0.00000 0.00000 1.00000 1.00000
0.10000 7.54813 4.36308 3.13680 849.00000 600.00000 0.00000 0.00000 1.00000 1.00000
0.10000 7.54793 4.36297 3.13673 849.00000 600.00000 0.00000 0.00000 1.00000 1.00000
0.10000 7.54774 4.36286 3.13667 849.00000 600.00000 0.00000 0.00000 1.00000 1.00000
0.10000 7.54755 4.36274 3.13661 849.00000 600.00000 0.00000 0.00000 1.00000 1.00000
0.10000 7.54735 4.36263 3.13654 849.00000 600.00000 0.00000 0.00000 1.00000 1.00000
0.10000 7.54714 4.36251 3.13647 849.00000 600.00000 0.00000 0.00000 1.00000 1.00000
0.10000 7.54693 4.36239 3.13640 849.00000 600.00000 0.00000 0.00000 1.00000 1.00000
0.10000 7.54671 4.36226 3.13633 849.00000 600.00000 0.00000 0.00000 1.00000 1.00000
0.10000 7.54649 4.36213 3.13626 849.00000 600.00000 0.00000 0.00000 1.00000 1.00000
0.10000 7.54627 4.36200 3.13619 849.00000 600.00000 0.00000 0.00000 1.00000 1.00000
0.10000 7.54605 4.36188 3.13612 849.00000 600.00000 0.00000 0.00000 1.00000 1.00000
0.10000 7.54584 4.36176 3.13605 849.00000 600.00000 0.00000 0.00000 1.00000 1.00000
0.10000 7.54564 4.36164 3.13598 849.00000 600.00000 0.00000 0.00000 1.00000 1.00000
0.10000 7.54543 4.36152 3.13592 849.00000 600.00000 0.00000 0.00000 1.00000 1.00000
0.10000 7.54523 4.36141 3.13585 849.00000 600.00000 0.00000 0.00000 1.00000 1.00000
0.10000 7.54503 4.36129 3.13578 849.00000 600.00000 0.00000 0.00000 1.00000 1.00000
0.10000 7.54482 4.36117 3.13572 849.00000 600.00000 0.00000 0.00000 1.00000 1.00000
0.10000 7.54461 4.36105 3.13565 849.00000 600.00000 0.00000 0.00000 1.00000 1.00000
0.10000 7.54440 4.36092 3.13558 849.00000 600.00000 0.00000 0.00000 1.00000 1.00000
0.10000 7.54419 4.36080 3.13551 849.00000 600.00000 0.00000 0.00000 1.00000 1.00000
0.10000 7.54397 4.36068 3.13544 849.00000 600.00000 0.00000 0.00000 1.00000 1.00000
0.10000 7.54375 4.36055 3.13537 849.00000 600.00000 0.00000 0.00000 1.00000 1.00000
0.10000 7.54353 4.36042 3.13529 849.00000 600.00000 0.00000 0.00000 1.00000 1.00000
0.10000 7.54330 4.36029 3.13522 849.00000 600.00000 0.00000 0.00000 1.00000 1.00000
0.10000 7.54308 4.36016 3.13515 849.00000 600.00000 0.00000 0.00000 1.00000 1.00000
0.10000 7.54285 4.36003 3.13507 849.00000 600.00000 0.00000 0.00000 1.00000 1.00000
0.10000 7.54263 4.35990 3.13500 849.00000 600.00000 0.00000 0.00000 1.00000 1.00000
0.10000 7.54241 4.35977 3.13493 849.00000 600.00000 0.00000 0.00000 1.00000 1.00000
0.10000 7.54219 4.35965 3.13486 849.00000 600.00000 0.00000 0.00000 1.00000 1.00000
0.10000 7.54198 4.35953 3.13479 849.00000 600.00000 0.00000 0.00000 1.00000 1.00000
0.10000 7.54179 4.35941 3.13473 849.00000 600.00000 0.00000 0.00000 1.00000 1.00000
0.10000 7.54160 4.35931 3.13467 849.00000 600.00000 0.00000 0.00000 1.00000 1.00000
0.10000 7.54143 4.35921 3.13461 849.00000 600.00000 0.00000 0.00000 1.00000 1.00000
0.10000 7.54126 4.35911 3.13455 849.00000 600.00000 0.00000 0.00000 1.00000 1.00000
0.10000 7.54109 4.35901 3.13450 849.00000 600.00000 0.00000 0.00000 1.00000 1.00000
0.10000 7.54093 4.35892 3.13445 849.00000 600.00000 0.00000 0.00000 1.00000 1.00000
0.10000 7.54077 4.35883 3.13439 849.00000 600.00000 0.00000 0.00000 1.00000 1.00000
0.10000 7.54061 4.35873 3.13434 849.00000 600.00000 0.00000 0.00000 1.00000 1.00000
0.10000 7.54044 4.35864 3.13429 849.00000 600.00000 0.00000 0.00000 1.00000 1.00000
0.10000 7.54028 4.35854 3.13423 849.00000 600.00000 0.00000 0.00000 1.00000 1.00000
0.10000 7.54011 4.35844 3.13418 849.00000 600.00000 0.00000 0.00000 1.00000 1.00000
0.10000 7.53993 4.35834 3.13412 849.00000 600.00000 0.00000 0.00000 1.00000 1.00000
0.10000 7.53976 4.35824 3.13406 849.00000 600.00000 0.00000 0.00000 1.00000 1.00000
0.10000 7.53958 4.35814 3.13401 849.00000 600.00000 0.00000 0.00000 1.00000 1.00000
0.10000 7.53940 4.35803 3.13395 849.00000 600.00000 0.00000 0.00000 1.00000 1.00000
0.10000 7.53922 4.35793 3.13389 849.00000 600.00000 0.00000 0.00000 1.00000 1.00000
0.10000 7.53905 4.35783 3.13383 849.00000 600.00000 0.00000 0.00000 1.00000 1.00000
0.10000 7.53888 4.35773 3.13378 849.00000 600.00000 0.00000 0.00000 1.00000 1.00000
0.10000 7.53871 4.35764 3.13372 849.00000 600.00000 0.00000 0.00000 1.00000 1.00000
0.10000 7.53855 4.35754 3.13367 849.00000 600.00000 0.00000 0.00000 1.00000 1.00000
0.10000 7.53839 4.35745 3.13362 849.00000 600.00000 0.00000 0.00000 1.00000 1.00000
0.10000 7.53823 4.35736 3.13357 849.00000 600.00000 0.00000 0.00000 1.00000 1.00000
0.10000 7.53807 4.35727 3.13351 849.00000 600.00000 0.00000 0.00000 1.00000 1.00000
0.10000 7.53791 4.35717 3.13346 849.00000 600.00000 0.00000 0.00000 1.00000 1.00000
0.10000 7.53774 4.35707 3.13341 849.00000 600.00000 0.00000 0.00000 1.00000 1.00000
0.10000 7.53756 4.35697 3.13335 849.00000 600.00000 0.00000 0.00000 1.00000 1.00000
0.10000 7.53738 4.35687 3.13329 849.00000 600.00000 0.00000 0.00000 1.00000 1.00000
0.10000 7.53719 4.35675 3.13323 849.00000 600.00000 0.00000 0.00000 1.00000 1.00000
0.10000 7.53699 4.35664 3.13316 849.00000 600.00000 0.00000 0.00000 1.00000 1.00000
0.10000 7.53680 4.35653 3.13310 849.00000 600.00000 0.00000 0.00000 1.00000 1.00000
0.10000 7.53661 4.35642 3.13304 849.00000 600.00000 0.00000 0.00000 1.00000 1.00000
0.10000 7.53642 4.35631 3.13298 849.00000 600.00000 0.00000 0.00000 1.00000 1.00000
0.10000 7.53624 4.35621 3.13292 849.00000 600.00000 0.00000 0.00000 1.00000 1.00000
0.10000 7.53606 4.35611 3.13286 849.00000 600.00000 0.00000 0.00000 1.00000 1.00000
0.10000 7.53590 4.35601 3.13281 849.00000 600.00000 0.00000 0.00000 1.00000 1.00000
0.10000 7.53574 4.35592 3.13275 849.00000 600.00000 0.00000 0.00000 1.00000 1.00000
0.10000 7.53559 4.35583 3.13271 849.00000 600.00000 0.00000 0.00000 1.00000 1.00000
0.10000 7.53545 4.35575 3.13266 849.00000 600.00000 0.00000 0.00000 1.00000 1.00000
0.10000 7.53531 4.35567 3.13261 849.00000 600.00000 0.00000 0.00000 1.00000 1.00000
0.10000 7.53518 4.35559 3.13257 849.00000 600.00000 0.00000 0.00000 1.00000 1.00000
0.10000 7.53504 4.35552 3.13253 849.00000 600.00000 0.00000 0.00000 1.00000 1.00000
0.10000 7.53491 4.35544 3.13248 849.00000 600.00000 0.00000 0.00000 1.00000 1.00000
0.10000 7.53477 4.35536 3.13244 849.00000 600.00000 0.00000 0.00000 1.00000 1.00000
0.10000 7.53464 4.35528 3.13239 849.00000 600.00000 0.00000 0.00000 1.00000 1.00000
0.10000 7.53450 4.35520 3.13235 849.00000 600.00000 0.00000 0.00000 1.00000 1.00000
0.10000 7.53436 4.35512 3.13230 849.00000 600.00000 0.00000 0.00000 1.00000 1.00000
0.10000 7.53422 4.35504 3.13226 849.00000 600.00000 0.00000 0.00000 1.00000 1.00000
0.10000 7.53407 4.35496 3.13221 849.00000 600.00000 0.00000 0.00000 1.00000 1.00000
0.10000 7.53393 4.35487 3.13217 849.00000 600.00000 0.00000 0.00000 1.00000 1.00000
0.10000 7.53379 4.35479 3.13212 849.00000 600.00000 0.00000 0.00000 1.00000 1.00000
0.10000 7.53365 4.35471 3.13207 849.00000 600.00000 0.00000 0.00000 1.00000 1.00000
0.10000 7.53352 4.35463 3.13203 849.00000 600.00000 0.00000 0.00000 1.00000 1.00000
0.10000 7.53338 4.35456 3.13199 849.00000 600.00000 0.00000 0.00000 1.00000 1.00000
0.10000 7.53324 4.35448 3.13194 849.00000 600.00000 0.00000 0.00000 1.00000 1.00000
0.10000 7.53310 4.35440 3.13190 849.00000 600.00000 0.00000 0.00000 1.00000 1.00000
0.10000 7.53296 4.35431 3.13185 849.00000 600.00000 0.00000 0.00000 1.00000 1.00000
0.10000 7.53282 4.35423 3.13180 849.00000 600.00000 0.00000 0.00000 1.00000 1.00000
0.10000 7.53267 4.35414 3.13175 849.00000 600.00000 0.00000 0.00000 1.00000 1.00000
0.10000 7.53252 4.35406 3.13170 849.00000 600.00000 0.00000 0.00000 1.00000 1.00000
0.10000 7.53237 4.35397 3.13165 849.00000 600.00000 0.00000 0.00000 1.00000 1.00000
0.10000 7.53221 4.35388 3.13160 849.00000 600.00000 0.00000 0.00000 1.00000 1.00000
0.10000 7.53206 4.35379 3.13155 849.00000 600.00000 0.00000 0.00000 1.00000 1.00000
0.10000 7.53190 4.35370 3.13150 849.00000 600.00000 0.00000 0.00000 1.00000 1.00000
0.10000 7.53174 4.35361 3.13145 849.00000 600.00000 0.00000 0.00000 1.00000 1.00000
0.10000 7.53159 4.35352 3.13140 849.00000 600.00000 0.00000 0.00000 1.00000 1.00000
0.10000 7.53143 4.35343 3.13135 849.00000 600.00000 0.00000 0.00000 1.00000 1.00000
0.10000 7.53127 4.35333 3.13130 849.00000 600.00000 0.00000 0.00000 1.00000 1.00000
0.10000 7.53111 4.35324 3.13124 849.00000 600.00000 0.00000 0.00000 1.00000 1.00000
0.10000 7.53095 4.35315 3.13120 849.00000 600.00000 0.00000 0.00000 1.00000 1.00000
0.10000 7.53081 4.35307 3.13115 849.00000 600.00000 0.00000 0.00000 1.00000 1.00000
0.10000 7.53067 4.35299 3.13110 849.00000 600.00000 0.00000 0.00000 1.00000 1.00000
0.10000 7.53055 4.35292 3.13106 849.00000 600.00000 0.00000 0.00000 1.00000 1.00000
0.10000 7.53043 4.35285 3.13103 849.00000 600.00000 0.00000 0.00000 1.00000 1.00000
0.10000 7.53032 4.35279 3.13099 849.00000 600.00000 0.00000 0.00000 1.00000 1.00000
0.10000 7.53022 4.35273 3.13096 849.00000 600.00000 0.00000 0.00000 1.00000 1.00000
0.10000 7.53011 4.35267 3.13092 849.00000 600.00000 0.00000 0.00000 1.00000 1.00000
0.10000 7.53000 4.35260 3.13089 849.00000 600.00000 0.00000 0.00000 1.00000 1.00000
0.10000 7.52990 4.35254 3.13085 849.00000 600.00000 0.00000 0.00000 1.00000 1.00000
0.10000 7.52979 4.35248 3.13081 849.00000 600.00000 0.00000 0.00000 1.00000 1.00000
0.10000 7.52968 4.35241 3.13078 849.00000 600.00000 0.00000 0.00000 1.00000 1.00000
0.10000 7.52956 4.35235 3.13074 849.00000 600.00000 0.00000 0.00000 1.00000 1.00000
0.10000 7.52945 4.35228 3.13070 849.00000 600.00000 0.00000 0.00000 1.00000 1.00000
0.10000 7.52933 4.35222 3.13067 849.00000 600.00000 0.00000 0.00000 1.00000 1.00000
0.10000 7.52922 4.35215 3.13063 849.00000 600.00000 0.00000 0.00000 1.00000 1.00000
0.10000 7.52910 4.35208 3.13059 849.00000 600.00000 0.00000 0.00000 1.00000 1.00000
0.10000 7.52899 4.35202 3.13056 849.00000 600.00000 0.00000 0.00000 1.00000 1.00000
0.10000 7.52887 4.35195 3.13052 849.00000 600.00000 0.00000 0.00000 1.00000 1.00000
0.10000 7.52876 4.35188 3.13048 849.00000 600.00000 0.00000 0.00000 1.00000 1.00000
0.10000 7.52864 4.35182 3.13044 849.00000 600.00000 0.00000 0.00000 1.00000 1.00000
0.10000 7.52852 4.35175 3.13040 849.00000 600.00000 0.00000 0.00000 1.00000 1.00000
0.10000 7.52840 4.35168 3.13036 849.00000 600.00000 0.00000 0.00000 1.00000 1.00000
0.10000 7.52827 4.35160 3.13032 849.00000 600.00000 0.00000 0.00000 1.00000 1.00000
0.10000 7.52813 4.35152 3.13028 849.00000 600.00000 0.00000 0.00000 1.00000 1.00000
0.10000 7.52800 4.35144 3.13023 849.00000 600.00000 0.00000 0.00000 1.00000 1.00000
0.10000 7.52786 4.35136 3.13019 849.00000 600.00000 0.00000 0.00000 1.00000 1.00000
0.10000 7.52773 4.35129 3.13014 849.00000 600.00000 0.00000 0.00000 1.00000 1.00000
0.10000 7.52760 4.35121 3.13010 849.00000 600.00000 0.00000 0.00000 1.00000 1.00000
0.10000 7.52747 4.35114 3.13006 849.00000 600.00000 0.00000 0.00000 1.00000 1.00000
0.10000 7.52734 4.35106 3.13002 849.00000 600.00000 0.00000 0.00000 1.00000 1.00000
0.10000 7.52721 4.35099 3.12997 849.00000 600.00000 0.00000 0.00000 1.00000 1.00000
0.10000 7.52707 4.35091 3.12993 849.00000 600.00000 0.00000 0.00000 1.00000 1.00000
0.10000 7.52694 4.35083 3.12989 849.00000 600.00000 0.00000 0.00000 1.00000 1.00000
0.10000 7.52681 4.35076 3.12985 849.00000 600.00000 0.00000 0.00000 1.00000 1.00000
0.10000 7.52669 4.35069 3.12981 849.00000 600.00000 0.00000 0.00000 1.00000 1.00000
0.10000 7.52657 4.35062 3.12977 849.00000 600.00000 0.00000 0.00000 1.00000 1.00000
0.10000 7.52646 4.35055 3.12973 849.00000 600.00000 0.00000 0.00000 1.00000 1.00000
0.10000 7.52636 4.35050 3.12970 849.00000 600.00000 0.00000 0.00000 1.00000 1.00000
0.10000 7.52627 4.35045 3.12967 849.00000 600.00000 0.00000 0.00000 1.00000 1.00000
0.10000 7.52619 4.35040 3.12964 849.00000 600.00000 0.00000 0.00000 1.00000 1.00000
0.10000 7.52610 4.35035 3.12962 849.00000 600.00000 0.00000 0.00000 1.00000 1.00000
0.10000 7.52601 4.35030 3.12959 849.00000 600.00000 0.00000 0.00000 1.00000 1.00000
0.10000 7.52592 4.35025 3.12956 849.00000 600.00000 0.00000 0.00000 1.00000 1.00000
0.10000 7.52583 4.35019 3.12953 849.00000 600.00000 0.00000 0.00000 1.00000 1.00000
0.10000 7.52574 4.35014 3.12950 849.00000 600.00000 0.00000 0.00000 1.00000 1.00000
0.10000 7.52565 4.35009 3.12947 849.00000 600.00000 0.00000 0.00000 1.00000 1.00000
0.10000 7.52556 4.35003 3.12944 849.00000 600.00000 0.00000 0.00000 1.00000 1.00000
0.10000 7.52547 4.34998 3.12941 849.00000 600.00000 0.00000 0.00000 1.00000 1.00000
0.10000 7.52538 4.34993 3.12938 849.00000 600.00000 0.00000 0.00000 1.00000 1.00000
0.10000 7.52530 4.34988 3.12935 849.00000 600.00000 0.00000 0.00000 1.00000 1.00000
0.10000 7.52521 4.34983 3.12933 849.00000 600.00000 0.00000 0.00000 1.00000 1.00000
0.00000 7.52521 4.34983 3.12933 849.00000 600.00000 0.00000 0.00000 1.00000 1.00000
