0.10000 2.95401 1.70752 2.21364 849.00000 600.00000 0.00000 0.00000 1.00000 1.00000
0.10000 3.87629 2.24063 2.37580 849.00000 600.00000 0.00000 0.00000 1.00000 1.00000
0.10000 4.58230 2.64873 2.47366 849.00000 600.00000 0.00000 0.00000 1.00000 1.00000
0.10000 5.09984 2.94788 2.55035 849.00000 600.00000 0.00000 0.00000 1.00000 1.00000
0.10000 5.45672 3.15418 2.61029 849.00000 600.00000 0.00000 0.00000 1.00000 1.00000
0.10000 5.68076 3.28368 2.65176 849.00000 600.00000 0.00000 0.00000 1.00000 1.00000
0.10000 5.79977 3.35247 2.67513 849.00000 600.00000 0.00000 0.00000 1.00000 1.00000
0.10000 5.84154 3.37661 2.68356 849.00000 600.00000 0.00000 0.00000 1.00000 1.00000
0.10000 5.83390 3.37220 2.68201 849.00000 600.00000 0.00000 0.00000 1.00000 1.00000
0.10000 5.80466 3.35529 2.67611 849.00000 600.00000 0.00000 0.00000 1.00000 1.00000
0.10000 5.78093 3.34158 2.67137 849.00000 600.00000 0.00000 0.00000 1.00000 1.00000
0.10000 5.77417 3.33767 2.67002 849.00000 600.00000 0.00000 0.00000 1.00000 1.00000
0.10000 5.78011 3.34110 2.67120 849.00000 600.00000 0.00000 0.00000 1.00000 1.00000
0.10000 5.79382 3.34903 2.67394 849.00000 600.00000 0.00000 0.00000 1.00000 1.00000
0.10000 5.81036 3.35859 2.67726 849.00000 600.00000 0.00000 0.00000 1.00000 1.00000
0.10000 5.82492 3.36701 2.68019 849.00000 600.00000 0.00000 0.00000 1.00000 1.00000
0.10000 5.83542 3.37308 2.68232 849.00000 600.00000 0.00000 0.00000 1.00000 1.00000
0.10000 5.84255 3.37720 2.68377 849.00000 600.00000 0.00000 0.00000 1.00000 1.00000
0.10000 5.84710 3.37982 2.68469 849.00000 600.00000 0.00000 0.00000 1.00000 1.00000
0.10000 5.84985 3.38142 2.68525 849.00000 600.00000 0.00000 0.00000 1.00000 1.00000
0.10000 5.85161 3.38243 2.68561 849.00000 600.00000 0.00000 0.00000 1.00000 1.00000
0.10000 5.85292 3.38319 2.68588 849.00000 600.00000 0.00000 0.00000 1.00000 1.00000
0.10000 5.85409 3.38386 2.68612 849.00000 600.00000 0.00000 0.00000 1.00000 1.00000
0.10000 5.85542 3.38464 2.68639 849.00000 600.00000 0.00000 0.00000 1.00000 1.00000
0.10000 5.85723 3.38568 2.68676 849.00000 600.00000 0.00000 0.00000 1.00000 1.00000
0.10000 5.85979 3.38716 2.68728 849.00000 600.00000 0.00000 0.00000 1.00000 1.00000
0.10000 5.86315 3.38911 2.68797 849.00000 600.00000 0.00000 0.00000 1.00000 1.00000
0.10000 5.86708 3.39137 2.68877 849.00000 600.00000 0.00000 0.00000 1.00000 1.00000
0.10000 5.87132 3.39383 2.68965 849.00000 600.00000 0.00000 0.00000 1.00000 1.00000
0.10000 5.87565 3.39633 2.69054 849.00000 600.00000 0.00000 0.00000 1.00000 1.00000
0.10000 5.87983 3.39874 2.69140 849.00000 600.00000 0.00000 0.00000 1.00000 1.00000
0.10000 5.88371 3.40099 2.69220 849.00000 600.00000 0.00000 0.00000 1.00000 1.00000
0.10000 5.88727 3.40305 2.69293 849.00000 600.00000 0.00000 0.00000 1.00000 1.00000
0.10000 5.89048 3.40490 2.69359 849.00000 600.00000 0.00000 0.00000 1.00000 1.00000
0.10000 5.89331 3.40654 2.69418 849.00000 600.00000 0.00000 0.00000 1.00000 1.00000
0.10000 5.89574 3.40794 2.69468 849.00000 600.00000 0.00000 0.00000 1.00000 1.00000
0.10000 5.89781 3.40914 2.69511 849.00000 600.00000 0.00000 0.00000 1.00000 1.00000
0.10000 5.89967 3.41021 2.69550 849.00000 600.00000 0.00000 0.00000 1.00000 1.00000
0.10000 5.90145 3.41124 2.69587 849.00000 600.00000 0.00000 0.00000 1.00000 1.00000
0.10000 5.90331 3.41232 2.69625 849.00000 600.00000 0.00000 0.00000 1.00000 1.00000
0.10000 5.90537 3.41351 2.69668 849.00000 600.00000 0.00000 0.00000 1.00000 1.00000
0.10000 5.90766 3.41483 2.69716 849.00000 600.00000 0.00000 0.00000 1.00000 1.00000
0.10000 5.91011 3.41625 2.69767 849.00000 600.00000 0.00000 0.00000 1.00000 1.00000
0.10000 5.91265 3.41772 2.69819 849.00000 600.00000 0.00000 0.00000 1.00000 1.00000
0.10000 5.91518 3.41918 2.69872 849.00000 600.00000 0.00000 0.00000 1.00000 1.00000
0.10000 5.91764 3.42060 2.69923 849.00000 600.00000 0.00000 0.00000 1.00000 1.00000
0.10000 5.91997 3.42195 2.69972 849.00000 600.00000 0.00000 0.00000 1.00000 1.00000
0.10000 5.92217 3.42322 2.70018 849.00000 600.00000 0.00000 0.00000 1.00000 1.00000
0.10000 5.92423 3.42441 2.70061 849.00000 600.00000 0.00000 0.00000 1.00000 1.00000
0.10000 5.92613 3.42551 2.70101 849.00000 600.00000 0.00000 0.00000 1.00000 1.00000
0.10000 5.92789 3.42652 2.70137 849.00000 600.00000 0.00000 0.00000 1.00000 1.00000
0.10000 5.92950 3.42745 2.70171 849.00000 600.00000 0.00000 0.00000 1.00000 1.00000
0.10000 5.93101 3.42833 2.70203 849.00000 600.00000 0.00000 0.00000 1.00000 1.00000
0.10000 5.93246 3.42916 2.70233 849.00000 600.00000 0.00000 0.00000 1.00000 1.00000
0.10000 5.93389 3.42999 2.70263 849.00000 600.00000 0.00000 0.00000 1.00000 1.00000
0.10000 5.93534 3.43083 2.70294 849.00000 600.00000 0.00000 0.00000 1.00000 1.00000
0.10000 5.93682 3.43169 2.70325 849.00000 600.00000 0.00000 0.00000 1.00000 1.00000
0.10000 5.93829 3.43254 2.70356 849.00000 600.00000 0.00000 0.00000 1.00000 1.00000
0.10000 5.93974 3.43338 2.70386 849.00000 600.00000 0.00000 0.00000 1.00000 1.00000
0.10000 5.94112 3.43417 2.70415 849.00000 600.00000 0.00000 0.00000 1.00000 1.00000
0.10000 5.94241 3.43492 2.70442 849.00000 600.00000 0.00000 0.00000 1.00000 1.00000
0.10000 5.94361 3.43561 2.70467 849.00000 600.00000 0.00000 0.00000 1.00000 1.00000
0.10000 5.94473 3.43626 2.70491 849.00000 600.00000 0.00000 0.00000 1.00000 1.00000
0.10000 5.94581 3.43688 2.70514 849.00000 600.00000 0.00000 0.00000 1.00000 1.00000
0.10000 5.94685 3.43749 2.70536 849.00000 600.00000 0.00000 0.00000 1.00000 1.00000
0.10000 5.94790 3.43809 2.70558 849.00000 600.00000 0.00000 0.00000 1.00000 1.00000
0.10000 5.94894 3.43869 2.70580 849.00000 600.00000 0.00000 0.00000 1.00000 1.00000
0.10000 5.94995 3.43928 2.70601 849.00000 600.00000 0.00000 0.00000 1.00000 1.00000
0.10000 5.95091 3.43983 2.70621 849.00000 600.00000 0.00000 0.00000 1.00000 1.00000
0.10000 5.95179 3.44034 2.70640 849.00000 600.00000 0.00000 0.00000 1.00000 1.00000
0.10000 5.95258 3.44080 2.70657 849.00000 600.00000 0.00000 0.00000 1.00000 1.00000
0.10000 5.95326 3.44119 2.70671 849.00000 600.00000 0.00000 0.00000 1.00000 1.00000
0.10000 5.95387 3.44154 2.70684 849.00000 600.00000 0.00000 0.00000 1.00000 1.00000
0.10000 5.95442 3.44186 2.70695 849.00000 600.00000 0.00000 0.00000 1.00000 1.00000
0.10000 5.95494 3.44216 2.70706 849.00000 600.00000 0.00000 0.00000 1.00000 1.00000
0.10000 5.95545 3.44246 2.70717 849.00000 600.00000 0.00000 0.00000 1.00000 1.00000
0.10000 5.95596 3.44275 2.70728 849.00000 600.00000 0.00000 0.00000 1.00000 1.00000
0.10000 5.95646 3.44304 2.70739 849.00000 600.00000 0.00000 0.00000 1.00000 1.00000
0.10000 5.95694 3.44332 2.70749 849.00000 600.00000 0.00000 0.00000 1.00000 1.00000
0.10000 5.95739 3.44358 2.70758 849.00000 600.00000 0.00000 0.00000 1.00000 1.00000
0.10000 5.95781 3.44382 2.70767 849.00000 600.00000 0.00000 0.00000 1.00000 1.00000
0.10000 5.95818 3.44404 2.70775 849.00000 600.00000 0.00000 0.00000 1.00000 1.00000
0.10000 5.95851 3.44422 2.70782 849.00000 600.00000 0.00000 0.00000 1.00000 1.00000
0.10000 5.95878 3.44438 2.70788 849.00000 600.00000 0.00000 0.00000 1.00000 1.00000
0.10000 5.95900 3.44451 2.70792 849.00000 600.00000 0.00000 0.00000 1.00000 1.00000
0.10000 5.95917 3.44461 2.70796 849.00000 600.00000 0.00000 0.00000 1.00000 1.00000
0.10000 5.95927 3.44467 2.70798 849.00000 600.00000 0.00000 0.00000 1.00000 1.00000
0.10000 5.95933 3.44470 2.70799 849.00000 600.00000 0.00000 0.00000 1.00000 1.00000
0.10000 5.95934 3.44471 2.70800 849.00000 600.00000 0.00000 0.00000 1.00000 1.00000
0.10000 5.95932 3.44469 2.70799 849.00000 600.00000 0.00000 0.00000 1.00000 1.00000
0.10000 5.95927 3.44466 2.70798 849.00000 600.00000 0.00000 0.00000 1.00000 1.00000
0.10000 5.95919 3.44462 2.70796 849.00000 600.00000 0.00000 0.00000 1.00000 1.00000
0.10000 5.95909 3.44456 2.70794 849.00000 600.00000 0.00000 0.00000 1.00000 1.00000
0.10000 5.95897 3.44449 2.70792 849.00000 600.00000 0.00000 0.00000 1.00000 1.00000
0.10000 5.95883 3.44441 2.70789 849.00000 600.00000 0.00000 0.00000 1.00000 1.00000
0.10000 5.95868 3.44432 2.70785 849.00000 600.00000 0.00000 0.00000 1.00000 1.00000
0.10000 5.95851 3.44422 2.70782 849.00000 600.00000 0.00000 0.00000 1.00000 1.00000
0.10000 5.95831 3.44411 2.70778 849.00000 600.00000 0.00000 0.00000 1.00000 1.00000
0.10000 5.95808 3.44398 2.70773 849.00000 600.00000 0.00000 0.00000 1.00000 1.00000
0.10000 5.95781 3.44382 2.70767 849.00000 600.00000 0.00000 0.00000 1.00000 1.00000
0.10000 5.95749 3.44364 2.70760 849.00000 600.00000 0.00000 0.00000 1.00000 1.00000
0.10000 5.95712 3.44342 2.70752 849.00000 600.00000 0.00000 0.00000 1.00000 1.00000
0.10000 5.95671 3.44318 2.70744 849.00000 600.00000 0.00000 0.00000 1.00000 1.00000
0.10000 5.95626 3.44293 2.70734 849.00000 600.00000 0.00000 0.00000 1.00000 1.00000
0.10000 5.95579 3.44265 2.70724 849.00000 600.00000 0.00000 0.00000 1.00000 1.00000
0.10000 5.95530 3.44237 2.70714 849.00000 600.00000 0.00000 0.00000 1.00000 1.00000
0.10000 5.95480 3.44208 2.70703 849.00000 600.00000 0.00000 0.00000 1.00000 1.00000
0.10000 5.95428 3.44178 2.70692 849.00000 600.00000 0.00000 0.00000 1.00000 1.00000
0.10000 5.95373 3.44146 2.70681 849.00000 600.00000 0.00000 0.00000 1.00000 1.00000
0.10000 5.95317 3.44114 2.70669 849.00000 600.00000 0.00000 0.00000 1.00000 1.00000
0.10000 5.95258 3.44080 2.70657 849.00000 600.00000 0.00000 0.00000 1.00000 1.00000
0.10000 5.95197 3.44045 2.70644 849.00000 600.00000 0.00000 0.00000 1.00000 1.00000
0.10000 5.95134 3.44008 2.70630 849.00000 600.00000 0.00000 0.00000 1.00000 1.00000
0.10000 5.95068 3.43970 2.70617 849.00000 600.00000 0.00000 0.00000 1.00000 1.00000
0.10000 5.95000 3.43931 2.70602 849.00000 600.00000 0.00000 0.00000 1.00000 1.00000
0.10000 5.94931 3.43891 2.70588 849.00000 600.00000 0.00000 0.00000 1.00000 1.00000
0.10000 5.94859 3.43849 2.70572 849.00000 600.00000 0.00000 0.00000 1.00000 1.00000
0.10000 5.94785 3.43806 2.70557 849.00000 600.00000 0.00000 0.00000 1.00000 1.00000
0.10000 5.94709 3.43763 2.70541 849.00000 600.00000 0.00000 0.00000 1.00000 1.00000
0.10000 5.94631 3.43717 2.70524 849.00000 600.00000 0.00000 0.00000 1.00000 1.00000
0.10000 5.94551 3.43671 2.70507 849.00000 600.00000 0.00000 0.00000 1.00000 1.00000
0.10000 5.94468 3.43623 2.70490 849.00000 600.00000 0.00000 0.00000 1.00000 1.00000
0.10000 5.94383 3.43574 2.70472 849.00000 600.00000 0.00000 0.00000 1.00000 1.00000
0.10000 5.94297 3.43524 2.70454 849.00000 600.00000 0.00000 0.00000 1.00000 1.00000
0.10000 5.94210 3.43474 2.70436 849.00000 600.00000 0.00000 0.00000 1.00000 1.00000
0.10000 5.94122 3.43423 2.70417 849.00000 600.00000 0.00000 0.00000 1.00000 1.00000
0.10000 5.94033 3.43372 2.70399 849.00000 600.00000 0.00000 0.00000 1.00000 1.00000
0.10000 5.93944 3.43320 2.70380 849.00000 600.00000 0.00000 0.00000 1.00000 1.00000
0.10000 5.93852 3.43267 2.70361 849.00000 600.00000 0.00000 0.00000 1.00000 1.00000
0.10000 5.93759 3.43214 2.70341 849.00000 600.00000 0.00000 0.00000 1.00000 1.00000
0.10000 5.93665 3.43159 2.70321 849.00000 600.00000 0.00000 0.00000 1.00000 1.00000
0.10000 5.93568 3.43103 2.70301 849.00000 600.00000 0.00000 0.00000 1.00000 1.00000
0.10000 5.93470 3.43046 2.70280 849.00000 600.00000 0.00000 0.00000 1.00000 1.00000
0.10000 5.93371 3.42989 2.70259 849.00000 600.00000 0.00000 0.00000 1.00000 1.00000
0.10000 5.93272 3.42932 2.70239 849.00000 600.00000 0.00000 0.00000 1.00000 1.00000
0.10000 5.93172 3.42874 2.70218 849.00000 600.00000 0.00000 0.00000 1.00000 1.00000
0.10000 5.93073 3.42817 2.70197 849.00000 600.00000 0.00000 0.00000 1.00000 1.00000
0.10000 5.92974 3.42759 2.70176 849.00000 600.00000 0.00000 0.00000 1.00000 1.00000
0.10000 5.92873 3.42701 2.70155 849.00000 600.00000 0.00000 0.00000 1.00000 1.00000
0.10000 5.92770 3.42642 2.70134 849.00000 600.00000 0.00000 0.00000 1.00000 1.00000
0.10000 5.92665 3.42581 2.70112 849.00000 600.00000 0.00000 0.00000 1.00000 1.00000
0.10000 5.92557 3.42519 2.70089 849.00000 600.00000 0.00000 0.00000 1.00000 1.00000
0.10000 5.92448 3.42455 2.70066 849.00000 600.00000 0.00000 0.00000 1.00000 1.00000
0.10000 5.92338 3.42392 2.70043 849.00000 600.00000 0.00000 0.00000 1.00000 1.00000
0.10000 5.92229 3.42329 2.70020 849.00000 600.00000 0.00000 0.00000 1.00000 1.00000
0.10000 5.92121 3.42266 2.69998 849.00000 600.00000 0.00000 0.00000 1.00000 1.00000
0.10000 5.92014 3.42205 2.69976 849.00000 600.00000 0.00000 0.00000 1.00000 1.00000
0.10000 5.91909 3.42144 2.69954 849.00000 600.00000 0.00000 0.00000 1.00000 1.00000
0.10000 5.91804 3.42083 2.69932 849.00000 600.00000 0.00000 0.00000 1.00000 1.00000
0.10000 5.91699 3.42023 2.69910 849.00000 600.00000 0.00000 0.00000 1.00000 1.00000
0.10000 5.91594 3.41962 2.69888 849.00000 600.00000 0.00000 0.00000 1.00000 1.00000
0.10000 5.91488 3.41900 2.69866 849.00000 600.00000 0.00000 0.00000 1.00000 1.00000
0.10000 5.91381 3.41838 2.69843 849.00000 600.00000 0.00000 0.00000 1.00000 1.00000
0.10000 5.91272 3.41776 2.69821 849.00000 600.00000 0.00000 0.00000 1.00000 1.00000
0.10000 5.91162 3.41712 2.69798 849.00000 600.00000 0.00000 0.00000 1.00000 1.00000
0.10000 5.91051 3.41648 2.69775 849.00000 600.00000 0.00000 0.00000 1.00000 1.00000
0.10000 5.90938 3.41583 2.69751 849.00000 600.00000 0.00000 0.00000 1.00000 1.00000
0.10000 5.90826 3.41518 2.69728 849.00000 600.00000 0.00000 0.00000 1.00000 1.00000
0.10000 5.90714 3.41453 2.69705 849.00000 600.00000 0.00000 0.00000 1.00000 1.00000
0.10000 5.90604 3.41390 2.69682 849.00000 600.00000 0.00000 0.00000 1.00000 1.00000
0.10000 5.90498 3.41328 2.69660 849.00000 600.00000 0.00000 0.00000 1.00000 1.00000
0.10000 5.90394 3.41268 2.69638 849.00000 600.00000 0.00000 0.00000 1.00000 1.00000
0.10000 5.90293 3.41210 2.69617 849.00000 600.00000 0.00000 0.00000 1.00000 1.00000
0.10000 5.90192 3.41151 2.69596 849.00000 600.00000 0.00000 0.00000 1.00000 1.00000
0.10000 5.90090 3.41093 2.69575 849.00000 600.00000 0.00000 0.00000 1.00000 1.00000
0.10000 5.89987 3.41033 2.69554 849.00000 600.00000 0.00000 0.00000 1.00000 1.00000
0.10000 5.89882 3.40972 2.69532 849.00000 600.00000 0.00000 0.00000 1.00000 1.00000
0.10000 5.89776 3.40911 2.69510 849.00000 600.00000 0.00000 0.00000 1.00000 1.00000
0.10000 5.89670 3.40850 2.69488 849.00000 600.00000 0.00000 0.00000 1.00000 1.00000
0.10000 5.89565 3.40789 2.69466 849.00000 600.00000 0.00000 0.00000 1.00000 1.00000
0.10000 5.89460 3.40729 2.69445 849.00000 600.00000 0.00000 0.00000 1.00000 1.00000
0.10000 5.89358 3.40669 2.69423 849.00000 600.00000 0.00000 0.00000 1.00000 1.00000
0.10000 5.89257 3.40611 2.69403 849.00000 600.00000 0.00000 0.00000 1.00000 1.00000
0.10000 5.89157 3.40553 2.69382 849.00000 600.00000 0.00000 0.00000 1.00000 1.00000
0.10000 5.89058 3.40496 2.69361 849.00000 600.00000 0.00000 0.00000 1.00000 1.00000
0.10000 5.88960 3.40439 2.69341 849.00000 600.00000 0.00000 0.00000 1.00000 1.00000
0.10000 5.88863 3.40383 2.69321 849.00000 600.00000 0.00000 0.00000 1.00000 1.00000
0.10000 5.88766 3.40327 2.69301 849.00000 600.00000 0.00000 0.00000 1.00000 1.00000
0.10000 5.88671 3.40272 2.69281 849.00000 600.00000 0.00000 0.00000 1.00000 1.00000
0.10000 5.88577 3.40218 2.69262 849.00000 600.00000 0.00000 0.00000 1.00000 1.00000
0.10000 5.88485 3.40165 2.69243 849.00000 600.00000 0.00000 0.00000 1.00000 1.00000
0.10000 5.88395 3.40113 2.69224 849.00000 600.00000 0.00000 0.00000 1.00000 1.00000
0.10000 5.88305 3.40061 2.69206 849.00000 600.00000 0.00000 0.00000 1.00000 1.00000
0.10000 5.88217 3.40010 2.69188 849.00000 600.00000 0.00000 0.00000 1.00000 1.00000
0.10000 5.88129 3.39959 2.69170 849.00000 600.00000 0.00000 0.00000 1.00000 1.00000
0.10000 5.88041 3.39908 2.69152 849.00000 600.00000 0.00000 0.00000 1.00000 1.00000
0.10000 5.87953 3.39857 2.69133 849.00000 600.00000 0.00000 0.00000 1.00000 1.00000
0.10000 5.87866 3.39807 2.69115 849.00000 600.00000 0.00000 0.00000 1.00000 1.00000
0.10000 5.87779 3.39757 2.69098 849.00000 600.00000 0.00000 0.00000 1.00000 1.00000
0.10000 5.87693 3.39707 2.69080 849.00000 600.00000 0.00000 0.00000 1.00000 1.00000
0.10000 5.87609 3.39658 2.69063 849.00000 600.00000 0.00000 0.00000 1.00000 1.00000
0.10000 5.87526 3.39610 2.69045 849.00000 600.00000 0.00000 0.00000 1.00000 1.00000
0.10000 5.87445 3.39563 2.69029 849.00000 600.00000 0.00000 0.00000 1.00000 1.00000
0.10000 5.87365 3.39518 2.69013 849.00000 600.00000 0.00000 0.00000 1.00000 1.00000
0.10000 5.87288 3.39473 2.68997 849.00000 600.00000 0.00000 0.00000 1.00000 1.00000
0.10000 5.87214 3.39430 2.68981 849.00000 600.00000 0.00000 0.00000 1.00000 1.00000
0.10000 5.87141 3.39388 2.68966 849.00000 600.00000 0.00000 0.00000 1.00000 1.00000
0.10000 5.87070 3.39347 2.68952 849.00000 600.00000 0.00000 0.00000 1.00000 1.00000
0.10000 5.87000 3.39307 2.68938 849.00000 600.00000 0.00000 0.00000 1.00000 1.00000
0.10000 5.86931 3.39267 2.68923 849.00000 600.00000 0.00000 0.00000 1.00000 1.00000
0.10000 5.86862 3.39227 2.68909 849.00000 600.00000 0.00000 0.00000 1.00000 1.00000
0.10000 5.86794 3.39187 2.68895 849.00000 600.00000 0.00000 0.00000 1.00000 1.00000
0.10000 5.86725 3.39148 2.68881 849.00000 600.00000 0.00000 0.00000 1.00000 1.00000
0.10000 5.86658 3.39109 2.68867 849.00000 600.00000 0.00000 0.00000 1.00000 1.00000
0.10000 5.86591 3.39070 2.68854 849.00000 600.00000 0.00000 0.00000 1.00000 1.00000
0.10000 5.86526 3.39032 2.68840 849.00000 600.00000 0.00000 0.00000 1.00000 1.00000
0.10000 5.86462 3.38995 2.68827 849.00000 600.00000 0.00000 0.00000 1.00000 1.00000
0.10000 5.86400 3.38959 2.68814 849.00000 600.00000 0.00000 0.00000 1.00000 1.00000
0.10000 5.86339 3.38925 2.68802 849.00000 600.00000 0.00000 0.00000 1.00000 1.00000
0.10000 5.86281 3.38891 2.68790 849.00000 600.00000 0.00000 0.00000 1.00000 1.00000
0.10000 5.86225 3.38859 2.68779 849.00000 600.00000 0.00000 0.00000 1.00000 1.00000
0.10000 5.86171 3.38827 2.68768 849.00000 600.00000 0.00000 0.00000 1.00000 1.00000
0.10000 5.86119 3.38797 2.68757 849.00000 600.00000 0.00000 0.00000 1.00000 1.00000
0.10000 5.86069 3.38768 2.68747 849.00000 600.00000 0.00000 0.00000 1.00000 1.00000
0.10000 5.86020 3.38740 2.68737 849.00000 600.00000 0.00000 0.00000 1.00000 1.00000
0.10000 5.85972 3.38712 2.68727 849.00000 600.00000 0.00000 0.00000 1.00000 1.00000
0.10000 5.85924 3.38685 2.68717 849.00000 600.00000 0.00000 0.00000 1.00000 1.00000
0.10000 5.85878 3.38658 2.68708 849.00000 600.00000 0.00000 0.00000 1.00000 1.00000
0.10000 5.85832 3.38631 2.68698 849.00000 600.00000 0.00000 0.00000 1.00000 1.00000
0.10000 5.85786 3.38605 2.68689 849.00000 600.00000 0.00000 0.00000 1.00000 1.00000
0.10000 5.85742 3.38579 2.68680 849.00000 600.00000 0.00000 0.00000 1.00000 1.00000
0.10000 5.85698 3.38554 2.68671 849.00000 600.00000 0.00000 0.00000 1.00000 1.00000
0.10000 5.85656 3.38529 2.68662 849.00000 600.00000 0.00000 0.00000 1.00000 1.00000
0.10000 5.85615 3.38506 2.68654 849.00000 600.00000 0.00000 0.00000 1.00000 1.00000
0.10000 5.85576 3.38483 2.68646 849.00000 600.00000 0.00000 0.00000 1.00000 1.00000
0.10000 5.85539 3.38462 2.68638 849.00000 600.00000 0.00000 0.00000 1.00000 1.00000
0.10000 5.85505 3.38442 2.68631 849.00000 600.00000 0.00000 0.00000 1.00000 1.00000
0.10000 5.85473 3.38424 2.68625 849.00000 600.00000 0.00000 0.00000 1.00000 1.00000
0.10000 5.85443 3.38406 2.68619 849.00000 600.00000 0.00000 0.00000 1.00000 1.00000
0.10000 5.85413 3.38389 2.68613 849.00000 600.00000 0.00000 0.00000 1.00000 1.00000
0.10000 5.85385 3.38373 2.68607 849.00000 600.00000 0.00000 0.00000 1.00000 1.00000
0.10000 5.85358 3.38357 2.68601 849.00000 600.00000 0.00000 0.00000 1.00000 1.00000
0.10000 5.85332 3.38342 2.68596 849.00000 600.00000 0.00000 0.00000 1.00000 1.00000
0.10000 5.85306 3.38327 2.68591 849.00000 600.00000 0.00000 0.00000 1.00000 1.00000
0.10000 5.85282 3.38313 2.68586 849.00000 600.00000 0.00000 0.00000 1.00000 1.00000
0.10000 5.85258 3.38300 2.68581 849.00000 600.00000 0.00000 0.00000 1.00000 1.00000
0.10000 5.85236 3.38287 2.68576 849.00000 600.00000 0.00000 0.00000 1.00000 1.00000
0.10000 5.85214 3.38274 2.68572 849.00000 600.00000 0.00000 0.00000 1.00000 1.00000
0.10000 5.85195 3.38263 2.68568 849.00000 600.00000 0.00000 0.00000 1.00000 1.00000
0.10000 5.85176 3.38252 2.68564 849.00000 600.00000 0.00000 0.00000 1.00000 1.00000
0.10000 5.85160 3.38243 2.68561 849.00000 600.00000 0.00000 0.00000 1.00000 1.00000
0.10000 5.85145 3.38234 2.68558 849.00000 600.00000 0.00000 0.00000 1.00000 1.00000
0.10000 5.85132 3.38227 2.68555 849.00000 600.00000 0.00000 0.00000 1.00000 1.00000
0.10000 5.85121 3.38220 2.68553 849.00000 600.00000 0.00000 0.00000 1.00000 1.00000
0.10000 5.85111 3.38214 2.68551 849.00000 600.00000 0.00000 0.00000 1.00000 1.00000
0.10000 5.85102 3.38209 2.68549 849.00000 600.00000 0.00000 0.00000 1.00000 1.00000
0.10000 5.85094 3.38204 2.68547 849.00000 600.00000 0.00000 0.00000 1.00000 1.00000
0.10000 5.85087 3.38200 2.68546 849.00000 600.00000 0.00000 0.00000 1.00000 1.00000
0.10000 5.85081 3.38197 2.68545 849.00000 600.00000 0.00000 0.00000 1.00000 1.00000
0.10000 5.85077 3.38195 2.68544 849.00000 600.00000 0.00000 0.00000 1.00000 1.00000
0.10000 5.85074 3.38193 2.68543 849.00000 600.00000 0.00000 0.00000 1.00000 1.00000
0.10000 5.85073 3.38192 2.68543 849.00000 600.00000 0.00000 0.00000 1.00000 1.00000
0.10000 5.85072 3.38192 2.68543 849.00000 600.00000 0.00000 0.00000 1.00000 1.00000
0.10000 5.85074 3.38193 2.68543 849.00000 600.00000 0.00000 0.00000 1.00000 1.00000
0.10000 5.85076 3.38194 2.68544 849.00000 600.00000 0.00000 0.00000 1.00000 1.00000
0.10000 5.85080 3.38196 2.68545 849.00000 600.00000 0.00000 0.00000 1.00000 1.00000
0.10000 5.85084 3.38199 2.68545 849.00000 600.00000 0.00000 0.00000 1.00000 1.00000
0.10000 5.85090 3.38202 2.68547 849.00000 600.00000 0.00000 0.00000 1.00000 1.00000
0.10000 5.85097 3.38206 2.68548 849.00000 600.00000 0.00000 0.00000 1.00000 1.00000
0.10000 5.85105 3.38211 2.68550 849.00000 600.00000 0.00000 0.00000 1.00000 1.00000
0.10000 5.85115 3.38217 2.68552 849.00000 600.00000 0.00000 0.00000 1.00000 1.00000
0.10000 5.85126 3.38223 2.68554 849.00000 600.00000 0.00000 0.00000 1.00000 1.00000
0.10000 5.85138 3.38230 2.68556 849.00000 600.00000 0.00000 0.00000 1.00000 1.00000
0.10000 5.85152 3.38238 2.68559 849.00000 600.00000 0.00000 0.00000 1.00000 1.00000
0.10000 5.85167 3.38247 2.68562 849.00000 600.00000 0.00000 0.00000 1.00000 1.00000
0.10000 5.85184 3.38256 2.68566 849.00000 600.00000 0.00000 0.00000 1.00000 1.00000
0.10000 5.85202 3.38267 2.68569 849.00000 600.00000 0.00000 0.00000 1.00000 1.00000
0.10000 5.85221 3.38278 2.68573 849.00000 600.00000 0.00000 0.00000 1.00000 1.00000
0.10000 5.85241 3.38290 2.68578 849.00000 600.00000 0.00000 0.00000 1.00000 1.00000
0.10000 5.85263 3.38302 2.68582 849.00000 600.00000 0.00000 0.00000 1.00000 1.00000
0.10000 5.85285 3.38315 2.68586 849.00000 600.00000 0.00000 0.00000 1.00000 1.00000
0.10000 5.85308 3.38328 2.68591 849.00000 600.00000 0.00000 0.00000 1.00000 1.00000
0.10000 5.85332 3.38342 2.68596 849.00000 600.00000 0.00000 0.00000 1.00000 1.00000
0.10000 5.85358 3.38357 2.68601 849.00000 600.00000 0.00000 0.00000 1.00000 1.00000
0.10000 5.85384 3.38372 2.68607 849.00000 600.00000 0.00000 0.00000 1.00000 1.00000
0.10000 5.85413 3.38389 2.68613 849.00000 600.00000 0.00000 0.00000 1.00000 1.00000
0.10000 5.85442 3.38406 2.68619 849.00000 600.00000 0.00000 0.00000 1.00000 1.00000
0.10000 5.85474 3.38424 2.68625 849.00000 600.00000 0.00000 0.00000 1.00000 1.00000
0.10000 5.85506 3.38443 2.68632 849.00000 600.00000 0.00000 0.00000 1.00000 1.00000
0.10000 5.85540 3.38463 2.68639 849.00000 600.00000 0.00000 0.00000 1.00000 1.00000
0.10000 5.85576 3.38483 2.68646 849.00000 600.00000 0.00000 0.00000 1.00000 1.00000
0.10000 5.85613 3.38504 2.68653 849.00000 600.00000 0.00000 0.00000 1.00000 1.00000
0.10000 5.85650 3.38526 2.68661 849.00000 600.00000 0.00000 0.00000 1.00000 1.00000
0.10000 5.85689 3.38549 2.68669 849.00000 600.00000 0.00000 0.00000 1.00000 1.00000
0.10000 5.85729 3.38572 2.68677 849.00000 600.00000 0.00000 0.00000 1.00000 1.00000
0.10000 5.85770 3.38595 2.68685 849.00000 600.00000 0.00000 0.00000 1.00000 1.00000
0.10000 5.85811 3.38619 2.68694 849.00000 600.00000 0.00000 0.00000 1.00000 1.00000
0.10000 5.85853 3.38644 2.68703 849.00000 600.00000 0.00000 0.00000 1.00000 1.00000
0.10000 5.85897 3.38669 2.68711 849.00000 600.00000 0.00000 0.00000 1.00000 1.00000
0.10000 5.85942 3.38695 2.68721 849.00000 600.00000 0.00000 0.00000 1.00000 1.00000
0.10000 5.85988 3.38722 2.68730 849.00000 600.00000 0.00000 0.00000 1.00000 1.00000
0.10000 5.86036 3.38749 2.68740 849.00000 600.00000 0.00000 0.00000 1.00000 1.00000
0.10000 5.86086 3.38778 2.68750 849.00000 600.00000 0.00000 0.00000 1.00000 1.00000
0.10000 5.86136 3.38807 2.68760 849.00000 600.00000 0.00000 0.00000 1.00000 1.00000
0.10000 5.86189 3.38837 2.68771 849.00000 600.00000 0.00000 0.00000 1.00000 1.00000
0.10000 5.86242 3.38868 2.68782 849.00000 600.00000 0.00000 0.00000 1.00000 1.00000
0.10000 5.86297 3.38900 2.68793 849.00000 600.00000 0.00000 0.00000 1.00000 1.00000
0.10000 5.86352 3.38932 2.68805 849.00000 600.00000 0.00000 0.00000 1.00000 1.00000
0.10000 5.86409 3.38965 2.68816 849.00000 600.00000 0.00000 0.00000 1.00000 1.00000
0.10000 5.86466 3.38998 2.68828 849.00000 600.00000 0.00000 0.00000 1.00000 1.00000
0.10000 5.86524 3.39031 2.68840 849.00000 600.00000 0.00000 0.00000 1.00000 1.00000
0.10000 5.86583 3.39065 2.68852 849.00000 600.00000 0.00000 0.00000 1.00000 1.00000
0.10000 5.86643 3.39100 2.68864 849.00000 600.00000 0.00000 0.00000 1.00000 1.00000
0.10000 5.86704 3.39135 2.68877 849.00000 600.00000 0.00000 0.00000 1.00000 1.00000
0.10000 5.86766 3.39171 2.68889 849.00000 600.00000 0.00000 0.00000 1.00000 1.00000
0.10000 5.86830 3.39208 2.68903 849.00000 600.00000 0.00000 0.00000 1.00000 1.00000
0.10000 5.86895 3.39246 2.68916 849.00000 600.00000 0.00000 0.00000 1.00000 1.00000
0.10000 5.86962 3.39285 2.68930 849.00000 600.00000 0.00000 0.00000 1.00000 1.00000
0.10000 5.87031 3.39324 2.68944 849.00000 600.00000 0.00000 0.00000 1.00000 1.00000
0.10000 5.87100 3.39364 2.68958 849.00000 600.00000 0.00000 0.00000 1.00000 1.00000
0.10000 5.87171 3.39405 2.68973 849.00000 600.00000 0.00000 0.00000 1.00000 1.00000
0.10000 5.87243 3.39447 2.68987 849.00000 600.00000 0.00000 0.00000 1.00000 1.00000
0.10000 5.87316 3.39489 2.69002 849.00000 600.00000 0.00000 0.00000 1.00000 1.00000
0.10000 5.87389 3.39531 2.69017 849.00000 600.00000 0.00000 0.00000 1.00000 1.00000
0.10000 5.87464 3.39574 2.69033 849.00000 600.00000 0.00000 0.00000 1.00000 1.00000
0.10000 5.87539 3.39618 2.69048 849.00000 600.00000 0.00000 0.00000 1.00000 1.00000
0.10000 5.87614 3.39661 2.69064 849.00000 600.00000 0.00000 0.00000 1.00000 1.00000
0.10000 5.87691 3.39706 2.69079 849.00000 600.00000 0.00000 0.00000 1.00000 1.00000
0.10000 5.87769 3.39751 2.69095 849.00000 600.00000 0.00000 0.00000 1.00000 1.00000
0.10000 5.87848 3.39797 2.69112 849.00000 600.00000 0.00000 0.00000 1.00000 1.00000
0.10000 5.87929 3.39843 2.69129 849.00000 600.00000 0.00000 0.00000 1.00000 1.00000
0.10000 5.88012 3.39891 2.69146 849.00000 600.00000 0.00000 0.00000 1.00000 1.00000
0.10000 5.88097 3.39940 2.69163 849.00000 600.00000 0.00000 0.00000 1.00000 1.00000
0.10000 5.88183 3.39990 2.69181 849.00000 600.00000 0.00000 0.00000 1.00000 1.00000
0.10000 5.88270 3.40040 2.69199 849.00000 600.00000 0.00000 0.00000 1.00000 1.00000
0.10000 5.88358 3.40091 2.69217 849.00000 600.00000 0.00000 0.00000 1.00000 1.00000
0.10000 5.88447 3.40143 2.69235 849.00000 600.00000 0.00000 0.00000 1.00000 1.00000
0.10000 5.88537 3.40195 2.69254 849.00000 600.00000 0.00000 0.00000 1.00000 1.00000
0.10000 5.88627 3.40247 2.69272 849.00000 600.00000 0.00000 0.00000 1.00000 1.00000
0.10000 5.88719 3.40300 2.69291 849.00000 600.00000 0.00000 0.00000 1.00000 1.00000
0.10000 5.88811 3.40353 2.69310 849.00000 600.00000 0.00000 0.00000 1.00000 1.00000
0.10000 5.88903 3.40407 2.69329 849.00000 600.00000 0.00000 0.00000 1.00000 1.00000
0.10000 5.88997 3.40461 2.69349 849.00000 600.00000 0.00000 0.00000 1.00000 1.00000
0.10000 5.89092 3.40516 2.69368 849.00000 600.00000 0.00000 0.00000 1.00000 1.00000
0.10000 5.89188 3.40571 2.69388 849.00000 600.00000 0.00000 0.00000 1.00000 1.00000
0.10000 5.89286 3.40628 2.69409 849.00000 600.00000 0.00000 0.00000 1.00000 1.00000
0.10000 5.89386 3.40686 2.69429 849.00000 600.00000 0.00000 0.00000 1.00000 1.00000
0.10000 5.89487 3.40744 2.69450 849.00000 600.00000 0.00000 0.00000 1.00000 1.00000
0.10000 5.89590 3.40803 2.69471 849.00000 600.00000 0.00000 0.00000 1.00000 1.00000
0.10000 5.89694 3.40863 2.69493 849.00000 600.00000 0.00000 0.00000 1.00000 1.00000
0.10000 5.89799 3.40924 2.69515 849.00000 600.00000 0.00000 0.00000 1.00000 1.00000
0.10000 5.89904 3.40985 2.69537 849.00000 600.00000 0.00000 0.00000 1.00000 1.00000
0.10000 5.90011 3.41047 2.69559 849.00000 600.00000 0.00000 0.00000 1.00000 1.00000
0.10000 5.90118 3.41109 2.69581 849.00000 600.00000 0.00000 0.00000 1.00000 1.00000
0.10000 5.90226 3.41171 2.69603 849.00000 600.00000 0.00000 0.00000 1.00000 1.00000
0.10000 5.90336 3.41234 2.69626 849.00000 600.00000 0.00000 0.00000 1.00000 1.00000
0.10000 5.90446 3.41298 2.69649 849.00000 600.00000 0.00000 0.00000 1.00000 1.00000
0.10000 5.90557 3.41363 2.69672 849.00000 600.00000 0.00000 0.00000 1.00000 1.00000
0.10000 5.90670 3.41428 2.69696 849.00000 600.00000 0.00000 0.00000 1.00000 1.00000
0.10000 5.90784 3.41494 2.69719 849.00000 600.00000 0.00000 0.00000 1.00000 1.00000
0.10000 5.90899 3.41560 2.69743 849.00000 600.00000 0.00000 0.00000 1.00000 1.00000
0.10000 5.91016 3.41628 2.69768 849.00000 600.00000 0.00000 0.00000 1.00000 1.00000
0.10000 5.91134 3.41696 2.69792 849.00000 600.00000 0.00000 0.00000 1.00000 1.00000
0.10000 5.91253 3.41765 2.69817 849.00000 600.00000 0.00000 0.00000 1.00000 1.00000
0.10000 5.91374 3.41835 2.69842 849.00000 600.00000 0.00000 0.00000 1.00000 1.00000
0.10000 5.91496 3.41905 2.69867 849.00000 600.00000 0.00000 0.00000 1.00000 1.00000
0.10000 5.91619 3.41976 2.69893 849.00000 600.00000 0.00000 0.00000 1.00000 1.00000
0.10000 5.91743 3.42048 2.69919 849.00000 600.00000 0.00000 0.00000 1.00000 1.00000
0.10000 5.91869 3.42121 2.69945 849.00000 600.00000 0.00000 0.00000 1.00000 1.00000
0.10000 5.91997 3.42195 2.69972 849.00000 600.00000 0.00000 0.00000 1.00000 1.00000
0.10000 5.92126 3.42270 2.69999 849.00000 600.00000 0.00000 0.00000 1.00000 1.00000
0.10000 5.92258 3.42346 2.70026 849.00000 600.00000 0.00000 0.00000 1.00000 1.00000
0.10000 5.92391 3.42423 2.70054 849.00000 600.00000 0.00000 0.00000 1.00000 1.00000
0.10000 5.92526 3.42501 2.70083 849.00000 600.00000 0.00000 0.00000 1.00000 1.00000
0.10000 5.92663 3.42580 2.70111 849.00000 600.00000 0.00000 0.00000 1.00000 1.00000
0.10000 5.92802 3.42660 2.70140 849.00000 600.00000 0.00000 0.00000 1.00000 1.00000
0.10000 5.92943 3.42742 2.70170 849.00000 600.00000 0.00000 0.00000 1.00000 1.00000
0.10000 5.93085 3.42824 2.70200 849.00000 600.00000 0.00000 0.00000 1.00000 1.00000
0.10000 5.93228 3.42906 2.70230 849.00000 600.00000 0.00000 0.00000 1.00000 1.00000
0.10000 5.93371 3.42989 2.70260 849.00000 600.00000 0.00000 0.00000 1.00000 1.00000
0.10000 5.93514 3.43072 2.70290 849.00000 600.00000 0.00000 0.00000 1.00000 1.00000
0.10000 5.93657 3.43154 2.70320 849.00000 600.00000 0.00000 0.00000 1.00000 1.00000
0.10000 5.93801 3.43237 2.70350 849.00000 600.00000 0.00000 0.00000 1.00000 1.00000
0.10000 5.93945 3.43321 2.70380 849.00000 600.00000 0.00000 0.00000 1.00000 1.00000
0.10000 5.94092 3.43406 2.70411 849.00000 600.00000 0.00000 0.00000 1.00000 1.00000
0.10000 5.94241 3.43492 2.70442 849.00000 600.00000 0.00000 0.00000 1.00000 1.00000
0.10000 5.94393 3.43580 2.70474 849.00000 600.00000 0.00000 0.00000 1.00000 1.00000
0.10000 5.94547 3.43669 2.70507 849.00000 600.00000 0.00000 0.00000 1.00000 1.00000
0.10000 5.94702 3.43759 2.70539 849.00000 600.00000 0.00000 0.00000 1.00000 1.00000
0.10000 5.94858 3.43849 2.70572 849.00000 600.00000 0.00000 0.00000 1.00000 1.00000
0.10000 5.95014 3.43939 2.70605 849.00000 600.00000 0.00000 0.00000 1.00000 1.00000
0.10000 5.95170 3.44029 2.70638 849.00000 600.00000 0.00000 0.00000 1.00000 1.00000
0.10000 5.95326 3.44119 2.70671 849.00000 600.00000 0.00000 0.00000 1.00000 1.00000
0.10000 5.95483 3.44210 2.70704 849.00000 600.00000 0.00000 0.00000 1.00000 1.00000
0.10000 5.95641 3.44301 2.70737 849.00000 600.00000 0.00000 0.00000 1.00000 1.00000
0.10000 5.95800 3.44393 2.70771 849.00000 600.00000 0.00000 0.00000 1.00000 1.00000
0.10000 5.95961 3.44486 2.70805 849.00000 600.00000 0.00000 0.00000 1.00000 1.00000
0.10000 5.96123 3.44580 2.70840 849.00000 600.00000 0.00000 0.00000 1.00000 1.00000
0.10000 5.96287 3.44675 2.70874 849.00000 600.00000 0.00000 0.00000 1.00000 1.00000
0.10000 5.96453 3.44771 2.70909 849.00000 600.00000 0.00000 0.00000 1.00000 1.00000
0.10000 5.96620 3.44867 2.70945 849.00000 600.00000 0.00000 0.00000 1.00000 1.00000
0.10000 5.96789 3.44965 2.70981 849.00000 600.00000 0.00000 0.00000 1.00000 1.00000
0.10000 5.96959 3.45063 2.71017 849.00000 600.00000 0.00000 0.00000 1.00000 1.00000
0.10000 5.97132 3.45163 2.71053 849.00000 600.00000 0.00000 0.00000 1.00000 1.00000
0.10000 5.97307 3.45264 2.71091 849.00000 600.00000 0.00000 0.00000 1.00000 1.00000
0.10000 5.97484 3.45366 2.71128 849.00000 600.00000 0.00000 0.00000 1.00000 1.00000
0.10000 5.97664 3.45470 2.71166 849.00000 600.00000 0.00000 0.00000 1.00000 1.00000
0.10000 5.97845 3.45575 2.71205 849.00000 600.00000 0.00000 0.00000 1.00000 1.00000
0.10000 5.98028 3.45681 2.71244 849.00000 600.00000 0.00000 0.00000 1.00000 1.00000
0.10000 5.98212 3.45787 2.71283 849.00000 600.00000 0.00000 0.00000 1.00000 1.00000
0.10000 5.98395 3.45893 2.71322 849.00000 600.00000 0.00000 0.00000 1.00000 1.00000
0.10000 5.98579 3.45999 2.71361 849.00000 600.00000 0.00000 0.00000 1.00000 1.00000
0.10000 5.98763 3.46106 2.71401 849.00000 600.00000 0.00000 0.00000 1.00000 1.00000
0.10000 5.98950 3.46214 2.71441 849.00000 600.00000 0.00000 0.00000 1.00000 1.00000
0.10000 5.99139 3.46323 2.71481 849.00000 600.00000 0.00000 0.00000 1.00000 1.00000
0.10000 5.99331 3.46434 2.71522 849.00000 600.00000 0.00000 0.00000 1.00000 1.00000
0.10000 5.99527 3.46547 2.71564 849.00000 600.00000 0.00000 0.00000 1.00000 1.00000
0.10000 5.99726 3.46662 2.71607 849.00000 600.00000 0.00000 0.00000 1.00000 1.00000
0.10000 5.99928 3.46779 2.71650 849.00000 600.00000 0.00000 0.00000 1.00000 1.00000
0.10000 6.00133 3.46897 2.71694 849.00000 600.00000 0.00000 0.00000 1.00000 1.00000
0.10000 6.00339 3.47017 2.71738 849.00000 600.00000 0.00000 0.00000 1.00000 1.00000
0.10000 6.00548 3.47137 2.71783 849.00000 600.00000 0.00000 0.00000 1.00000 1.00000
0.10000 6.00758 3.47259 2.71828 849.00000 600.00000 0.00000 0.00000 1.00000 1.00000
0.10000 6.00970 3.47381 2.71874 849.00000 600.00000 0.00000 0.00000 1.00000 1.00000
0.10000 6.01184 3.47505 2.71920 849.00000 600.00000 0.00000 0.00000 1.00000 1.00000
0.10000 6.01399 3.47630 2.71966 849.00000 600.00000 0.00000 0.00000 1.00000 1.00000
0.10000 6.01617 3.47755 2.72013 849.00000 600.00000 0.00000 0.00000 1.00000 1.00000
0.10000 6.01836 3.47882 2.72061 849.00000 600.00000 0.00000 0.00000 1.00000 1.00000
0.10000 6.02057 3.48010 2.72108 849.00000 600.00000 0.00000 0.00000 1.00000 1.00000
0.10000 6.02281 3.48139 2.72157 849.00000 600.00000 0.00000 0.00000 1.00000 1.00000
0.10000 6.02508 3.48270 2.72206 849.00000 600.00000 0.00000 0.00000 1.00000 1.00000
0.10000 6.02738 3.48403 2.72256 849.00000 600.00000 0.00000 0.00000 1.00000 1.00000
0.10000 6.02973 3.48539 2.72306 849.00000 600.00000 0.00000 0.00000 1.00000 1.00000
0.10000 6.03213 3.48678 2.72358 849.00000 600.00000 0.00000 0.00000 1.00000 1.00000
0.10000 6.03459 3.48820 2.72412 849.00000 600.00000 0.00000 0.00000 1.00000 1.00000
0.10000 6.03714 3.48968 2.72467 849.00000 600.00000 0.00000 0.00000 1.00000 1.00000
0.10000 6.03974 3.49118 2.72524 849.00000 600.00000 0.00000 0.00000 1.00000 1.00000
0.10000 6.04236 3.49269 2.72581 849.00000 600.00000 0.00000 0.00000 1.00000 1.00000
0.10000 6.04494 3.49418 2.72637 849.00000 600.00000 0.00000 0.00000 1.00000 1.00000
0.10000 6.04744 3.49563 2.72691 849.00000 600.00000 0.00000 0.00000 1.00000 1.00000
0.10000 6.04983 3.49701 2.72743 849.00000 600.00000 0.00000 0.00000 1.00000 1.00000
0.10000 6.05214 3.49835 2.72794 849.00000 600.00000 0.00000 0.00000 1.00000 1.00000
0.10000 6.05452 3.49972 2.72846 849.00000 600.00000 0.00000 0.00000 1.00000 1.00000
0.10000 6.05713 3.50123 2.72903 849.00000 600.00000 0.00000 0.00000 1.00000 1.00000
0.10000 6.06011 3.50296 2.72968 849.00000 600.00000 0.00000 0.00000 1.00000 1.00000
0.10000 6.06361 3.50498 2.73044 849.00000 600.00000 0.00000 0.00000 1.00000 1.00000
0.10000 6.06757 3.50726 2.73131 849.00000 600.00000 0.00000 0.00000 1.00000 1.00000
0.10000 6.07176 3.50969 2.73223 849.00000 600.00000 0.00000 0.00000 1.00000 1.00000
0.10000 6.07595 3.51211 2.73315 849.00000 600.00000 0.00000 0.00000 1.00000 1.00000
0.10000 6.07989 3.51439 2.73402 849.00000 600.00000 0.00000 0.00000 1.00000 1.00000
0.10000 6.08335 3.51639 2.73478 849.00000 600.00000 0.00000 0.00000 1.00000 1.00000
0.10000 6.08632 3.51810 2.73544 849.00000 600.00000 0.00000 0.00000 1.00000 1.00000
0.10000 6.08899 3.51965 2.73603 849.00000 600.00000 0.00000 0.00000 1.00000 1.00000
0.10000 6.09160 3.52116 2.73660 849.00000 600.00000 0.00000 0.00000 1.00000 1.00000
0.10000 6.09434 3.52274 2.73721 849.00000 600.00000 0.00000 0.00000 1.00000 1.00000
0.10000 6.09743 3.52453 2.73790 849.00000 600.00000 0.00000 0.00000 1.00000 1.00000
0.10000 6.10090 3.52653 2.73866 849.00000 600.00000 0.00000 0.00000 1.00000 1.00000
0.10000 6.10459 3.52866 2.73948 849.00000 600.00000 0.00000 0.00000 1.00000 1.00000
0.10000 6.10835 3.53084 2.74032 849.00000 600.00000 0.00000 0.00000 1.00000 1.00000
0.10000 6.11203 3.53296 2.74114 849.00000 600.00000 0.00000 0.00000 1.00000 1.00000
0.10000 6.11546 3.53495 2.74190 849.00000 600.00000 0.00000 0.00000 1.00000 1.00000
0.10000 6.11863 3.53678 2.74261 849.00000 600.00000 0.00000 0.00000 1.00000 1.00000
0.10000 6.12160 3.53850 2.74327 849.00000 600.00000 0.00000 0.00000 1.00000 1.00000
0.10000 6.12447 3.54016 2.74391 849.00000 600.00000 0.00000 0.00000 1.00000 1.00000
0.10000 6.12732 3.54180 2.74455 849.00000 600.00000 0.00000 0.00000 1.00000 1.00000
0.10000 6.13022 3.54348 2.74520 849.00000 600.00000 0.00000 0.00000 1.00000 1.00000
0.10000 6.13323 3.54522 2.74587 849.00000 600.00000 0.00000 0.00000 1.00000 1.00000
0.10000 6.13632 3.54701 2.74657 849.00000 600.00000 0.00000 0.00000 1.00000 1.00000
0.10000 6.13950 3.54884 2.74728 849.00000 600.00000 0.00000 0.00000 1.00000 1.00000
0.10000 6.14273 3.55071 2.74801 849.00000 600.00000 0.00000 0.00000 1.00000 1.00000
0.10000 6.14603 3.55262 2.74875 849.00000 600.00000 0.00000 0.00000 1.00000 1.00000
0.10000 6.14936 3.55454 2.74950 849.00000 600.00000 0.00000 0.00000 1.00000 1.00000
0.10000 6.15271 3.55648 2.75025 849.00000 600.00000 0.00000 0.00000 1.00000 1.00000
0.10000 6.15606 3.55842 2.75101 849.00000 600.00000 0.00000 0.00000 1.00000 1.00000
0.10000 6.15939 3.56034 2.75176 849.00000 600.00000 0.00000 0.00000 1.00000 1.00000
0.10000 6.16270 3.56225 2.75251 849.00000 600.00000 0.00000 0.00000 1.00000 1.00000
0.10000 6.16604 3.56419 2.75327 849.00000 600.00000 0.00000 0.00000 1.00000 1.00000
0.10000 6.16962 3.56625 2.75408 849.00000 600.00000 0.00000 0.00000 1.00000 1.00000
0.10000 6.17359 3.56855 2.75498 849.00000 600.00000 0.00000 0.00000 1.00000 1.00000
0.10000 6.17814 3.57118 2.75601 849.00000 600.00000 0.00000 0.00000 1.00000 1.00000
0.10000 6.18345 3.57425 2.75722 849.00000 600.00000 0.00000 0.00000 1.00000 1.00000
0.10000 6.18943 3.57771 2.75859 849.00000 600.00000 0.00000 0.00000 1.00000 1.00000
0.10000 6.19580 3.58139 2.76004 849.00000 600.00000 0.00000 0.00000 1.00000 1.00000
0.10000 6.20222 3.58510 2.76151 849.00000 600.00000 0.00000 0.00000 1.00000 1.00000
0.10000 6.20840 3.58867 2.76293 849.00000 600.00000 0.00000 0.00000 1.00000 1.00000
0.10000 6.21403 3.59193 2.76422 849.00000 600.00000 0.00000 0.00000 1.00000 1.00000
0.10000 6.21907 3.59484 2.76538 849.00000 600.00000 0.00000 0.00000 1.00000 1.00000
0.10000 6.22377 3.59756 2.76647 849.00000 600.00000 0.00000 0.00000 1.00000 1.00000
0.10000 6.22837 3.60022 2.76753 849.00000 600.00000 0.00000 0.00000 1.00000 1.00000
0.10000 6.23313 3.60296 2.76863 849.00000 600.00000 0.00000 0.00000 1.00000 1.00000
0.10000 6.23827 3.60594 2.76982 849.00000 600.00000 0.00000 0.00000 1.00000 1.00000
0.10000 6.24387 3.60918 2.77112 849.00000 600.00000 0.00000 0.00000 1.00000 1.00000
0.10000 6.24980 3.61260 2.77250 849.00000 600.00000 0.00000 0.00000 1.00000 1.00000
0.10000 6.25594 3.61615 2.77393 849.00000 600.00000 0.00000 0.00000 1.00000 1.00000
0.10000 6.26214 3.61973 2.77538 849.00000 600.00000 0.00000 0.00000 1.00000 1.00000
0.10000 6.26828 3.62329 2.77681 849.00000 600.00000 0.00000 0.00000 1.00000 1.00000
0.10000 6.27441 3.62683 2.77825 849.00000 600.00000 0.00000 0.00000 1.00000 1.00000
0.10000 6.28069 3.63046 2.77972 849.00000 600.00000 0.00000 0.00000 1.00000 1.00000
0.10000 6.28732 3.63429 2.78128 849.00000 600.00000 0.00000 0.00000 1.00000 1.00000
0.10000 6.29448 3.63843 2.78297 849.00000 600.00000 0.00000 0.00000 1.00000 1.00000
0.10000 6.30235 3.64298 2.78483 849.00000 600.00000 0.00000 0.00000 1.00000 1.00000
0.10000 6.31088 3.64791 2.78685 849.00000 600.00000 0.00000 0.00000 1.00000 1.00000
0.10000 6.31977 3.65305 2.78896 849.00000 600.00000 0.00000 0.00000 1.00000 1.00000
0.10000 6.32873 3.65822 2.79110 849.00000 600.00000 0.00000 0.00000 1.00000 1.00000
0.10000 6.33744 3.66326 2.79318 849.00000 600.00000 0.00000 0.00000 1.00000 1.00000
0.10000 6.34562 3.66799 2.79514 849.00000 600.00000 0.00000 0.00000 1.00000 1.00000
0.10000 6.35320 3.67237 2.79696 849.00000 600.00000 0.00000 0.00000 1.00000 1.00000
0.10000 6.36035 3.67650 2.79868 849.00000 600.00000 0.00000 0.00000 1.00000 1.00000
0.10000 6.36724 3.68049 2.80034 849.00000 600.00000 0.00000 0.00000 1.00000 1.00000
0.10000 6.37406 3.68443 2.80199 849.00000 600.00000 0.00000 0.00000 1.00000 1.00000
0.10000 6.38096 3.68842 2.80366 849.00000 600.00000 0.00000 0.00000 1.00000 1.00000
0.10000 6.38796 3.69246 2.80536 849.00000 600.00000 0.00000 0.00000 1.00000 1.00000
0.10000 6.39487 3.69646 2.80704 849.00000 600.00000 0.00000 0.00000 1.00000 1.00000
0.10000 6.40152 3.70030 2.80866 849.00000 600.00000 0.00000 0.00000 1.00000 1.00000
0.10000 6.40773 3.70389 2.81018 849.00000 600.00000 0.00000 0.00000 1.00000 1.00000
0.10000 6.41333 3.70713 2.81155 849.00000 600.00000 0.00000 0.00000 1.00000 1.00000
0.10000 6.41841 3.71007 2.81279 849.00000 600.00000 0.00000 0.00000 1.00000 1.00000
0.10000 6.42331 3.71290 2.81400 849.00000 600.00000 0.00000 0.00000 1.00000 1.00000
0.10000 6.42837 3.71582 2.81524 849.00000 600.00000 0.00000 0.00000 1.00000 1.00000
0.10000 6.43394 3.71904 2.81661 849.00000 600.00000 0.00000 0.00000 1.00000 1.00000
0.10000 6.44036 3.72275 2.81819 849.00000 600.00000 0.00000 0.00000 1.00000 1.00000
0.10000 6.44767 3.72698 2.82000 849.00000 600.00000 0.00000 0.00000 1.00000 1.00000
0.10000 6.45564 3.73158 2.82198 849.00000 600.00000 0.00000 0.00000 1.00000 1.00000
0.10000 6.46402 3.73643 2.82406 849.00000 600.00000 0.00000 0.00000 1.00000 1.00000
0.10000 6.47256 3.74136 2.82618 849.00000 600.00000 0.00000 0.00000 1.00000 1.00000
0.10000 6.48101 3.74625 2.82829 849.00000 600.00000 0.00000 0.00000 1.00000 1.00000
0.10000 6.48927 3.75103 2.83036 849.00000 600.00000 0.00000 0.00000 1.00000 1.00000
0.10000 6.49741 3.75573 2.83240 849.00000 600.00000 0.00000 0.00000 1.00000 1.00000
0.10000 6.50548 3.76040 2.83443 849.00000 600.00000 0.00000 0.00000 1.00000 1.00000
0.10000 6.51354 3.76505 2.83646 849.00000 600.00000 0.00000 0.00000 1.00000 1.00000
0.10000 6.52165 3.76974 2.83851 849.00000 600.00000 0.00000 0.00000 1.00000 1.00000
0.10000 6.52981 3.77446 2.84058 849.00000 600.00000 0.00000 0.00000 1.00000 1.00000
0.10000 6.53798 3.77918 2.84265 849.00000 600.00000 0.00000 0.00000 1.00000 1.00000
0.10000 6.54612 3.78388 2.84472 849.00000 600.00000 0.00000 0.00000 1.00000 1.00000
0.10000 6.55417 3.78854 2.84678 849.00000 600.00000 0.00000 0.00000 1.00000 1.00000
0.10000 6.56211 3.79313 2.84881 849.00000 600.00000 0.00000 0.00000 1.00000 1.00000
0.10000 6.57007 3.79773 2.85085 849.00000 600.00000 0.00000 0.00000 1.00000 1.00000
0.10000 6.57838 3.80253 2.85298 849.00000 600.00000 0.00000 0.00000 1.00000 1.00000
0.10000 6.58735 3.80772 2.85529 849.00000 600.00000 0.00000 0.00000 1.00000 1.00000
0.10000 6.59732 3.81348 2.85787 849.00000 600.00000 0.00000 0.00000 1.00000 1.00000
0.10000 6.60860 3.82000 2.86079 849.00000 600.00000 0.00000 0.00000 1.00000 1.00000
0.10000 6.62104 3.82719 2.86402 849.00000 600.00000 0.00000 0.00000 1.00000 1.00000
0.10000 6.63403 3.83470 2.86741 849.00000 600.00000 0.00000 0.00000 1.00000 1.00000
0.10000 6.64695 3.84217 2.87080 849.00000 600.00000 0.00000 0.00000 1.00000 1.00000
0.10000 6.65918 3.84924 2.87401 849.00000 600.00000 0.00000 0.00000 1.00000 1.00000
0.10000 6.67011 3.85556 2.87689 849.00000 600.00000 0.00000 0.00000 1.00000 1.00000
0.10000 6.67989 3.86121 2.87948 849.00000 600.00000 0.00000 0.00000 1.00000 1.00000
0.10000 6.68938 3.86670 2.88200 849.00000 600.00000 0.00000 0.00000 1.00000 1.00000
0.10000 6.69948 3.87253 2.88468 849.00000 600.00000 0.00000 0.00000 1.00000 1.00000
0.10000 6.71107 3.87923 2.88777 849.00000 600.00000 0.00000 0.00000 1.00000 1.00000
0.10000 6.72501 3.88729 2.89150 849.00000 600.00000 0.00000 0.00000 1.00000 1.00000
0.10000 6.74114 3.89661 2.89584 849.00000 600.00000 0.00000 0.00000 1.00000 1.00000
0.10000 6.75827 3.90652 2.90046 849.00000 600.00000 0.00000 0.00000 1.00000 1.00000
0.10000 6.77518 3.91629 2.90505 849.00000 600.00000 0.00000 0.00000 1.00000 1.00000
0.10000 6.79064 3.92522 2.90926 849.00000 600.00000 0.00000 0.00000 1.00000 1.00000
0.10000 6.80347 3.93264 2.91277 849.00000 600.00000 0.00000 0.00000 1.00000 1.00000
0.10000 6.81379 3.93860 2.91560 849.00000 600.00000 0.00000 0.00000 1.00000 1.00000
0.10000 6.82294 3.94390 2.91812 849.00000 600.00000 0.00000 0.00000 1.00000 1.00000
0.10000 6.83235 3.94934 2.92072 849.00000 600.00000 0.00000 0.00000 1.00000 1.00000
0.10000 6.84345 3.95575 2.92379 849.00000 600.00000 0.00000 0.00000 1.00000 1.00000
0.10000 6.85760 3.96393 2.92771 849.00000 600.00000 0.00000 0.00000 1.00000 1.00000
0.10000 6.87472 3.97383 2.93248 849.00000 600.00000 0.00000 0.00000 1.00000 1.00000
0.10000 6.89336 3.98460 2.93770 849.00000 600.00000 0.00000 0.00000 1.00000 1.00000
0.10000 6.91197 3.99536 2.94293 849.00000 600.00000 0.00000 0.00000 1.00000 1.00000
0.10000 6.92902 4.00521 2.94775 849.00000 600.00000 0.00000 0.00000 1.00000 1.00000
0.10000 6.94302 4.01330 2.95172 849.00000 600.00000 0.00000 0.00000 1.00000 1.00000
0.10000 6.95365 4.01945 2.95475 849.00000 600.00000 0.00000 0.00000 1.00000 1.00000
0.10000 6.96177 4.02415 2.95707 849.00000 600.00000 0.00000 0.00000 1.00000 1.00000
0.10000 6.96830 4.02792 2.95894 849.00000 600.00000 0.00000 0.00000 1.00000 1.00000
0.10000 6.97413 4.03129 2.96061 849.00000 600.00000 0.00000 0.00000 1.00000 1.00000
0.10000 6.98016 4.03477 2.96233 849.00000 600.00000 0.00000 0.00000 1.00000 1.00000
0.10000 6.98686 4.03865 2.96426 849.00000 600.00000 0.00000 0.00000 1.00000 1.00000
0.10000 6.99432 4.04296 2.96641 849.00000 600.00000 0.00000 0.00000 1.00000 1.00000
0.10000 7.00259 4.04774 2.96879 849.00000 600.00000 0.00000 0.00000 1.00000 1.00000
0.10000 7.01173 4.05302 2.97143 849.00000 600.00000 0.00000 0.00000 1.00000 1.00000
0.10000 7.02177 4.05883 2.97434 849.00000 600.00000 0.00000 0.00000 1.00000 1.00000
0.10000 7.03260 4.06509 2.97748 849.00000 600.00000 0.00000 0.00000 1.00000 1.00000
0.10000 7.04386 4.07160 2.98076 849.00000 600.00000 0.00000 0.00000 1.00000 1.00000
0.10000 7.05522 4.07816 2.98408 849.00000 600.00000 0.00000 0.00000 1.00000 1.00000
0.10000 7.06635 4.08459 2.98734 849.00000 600.00000 0.00000 0.00000 1.00000 1.00000
0.10000 7.07690 4.09069 2.99044 849.00000 600.00000 0.00000 0.00000 1.00000 1.00000
0.10000 7.08671 4.09637 2.99333 849.00000 600.00000 0.00000 0.00000 1.00000 1.00000
0.10000 7.09582 4.10163 2.99601 849.00000 600.00000 0.00000 0.00000 1.00000 1.00000
0.10000 7.10425 4.10650 2.99850 849.00000 600.00000 0.00000 0.00000 1.00000 1.00000
0.10000 7.11202 4.11099 3.00081 849.00000 600.00000 0.00000 0.00000 1.00000 1.00000
0.10000 7.11917 4.11512 3.00293 849.00000 600.00000 0.00000 0.00000 1.00000 1.00000
0.10000 7.12587 4.11900 3.00492 849.00000 600.00000 0.00000 0.00000 1.00000 1.00000
0.10000 7.13246 4.12281 3.00688 849.00000 600.00000 0.00000 0.00000 1.00000 1.00000
0.10000 7.13924 4.12673 3.00891 849.00000 600.00000 0.00000 0.00000 1.00000 1.00000
0.10000 7.14656 4.13096 3.01109 849.00000 600.00000 0.00000 0.00000 1.00000 1.00000
0.10000 7.15473 4.13568 3.01354 849.00000 600.00000 0.00000 0.00000 1.00000 1.00000
0.10000 7.16374 4.14089 3.01624 849.00000 600.00000 0.00000 0.00000 1.00000 1.00000
0.10000 7.17331 4.14642 3.01911 849.00000 600.00000 0.00000 0.00000 1.00000 1.00000
0.10000 7.18311 4.15208 3.02207 849.00000 600.00000 0.00000 0.00000 1.00000 1.00000
0.10000 7.19283 4.15770 3.02500 849.00000 600.00000 0.00000 0.00000 1.00000 1.00000
0.10000 7.20217 4.16311 3.02783 849.00000 600.00000 0.00000 0.00000 1.00000 1.00000
0.10000 7.21115 4.16830 3.03055 849.00000 600.00000 0.00000 0.00000 1.00000 1.00000
0.10000 7.22009 4.17347 3.03327 849.00000 600.00000 0.00000 0.00000 1.00000 1.00000
0.10000 7.22935 4.17881 3.03609 849.00000 600.00000 0.00000 0.00000 1.00000 1.00000
0.10000 7.23925 4.18454 3.03911 849.00000 600.00000 0.00000 0.00000 1.00000 1.00000
0.10000 7.25013 4.19082 3.04244 849.00000 600.00000 0.00000 0.00000 1.00000 1.00000
0.10000 7.26183 4.19759 3.04603 849.00000 600.00000 0.00000 0.00000 1.00000 1.00000
0.10000 7.27377 4.20449 3.04970 849.00000 600.00000 0.00000 0.00000 1.00000 1.00000
0.10000 7.28531 4.21116 3.05326 849.00000 600.00000 0.00000 0.00000 1.00000 1.00000
0.10000 7.29583 4.21724 3.05651 849.00000 600.00000 0.00000 0.00000 1.00000 1.00000
0.10000 7.30473 4.22239 3.05927 849.00000 600.00000 0.00000 0.00000 1.00000 1.00000
0.10000 7.31195 4.22656 3.06151 849.00000 600.00000 0.00000 0.00000 1.00000 1.00000
0.10000 7.31800 4.23006 3.06339 849.00000 600.00000 0.00000 0.00000 1.00000 1.00000
0.10000 7.32339 4.23317 3.06507 849.00000 600.00000 0.00000 0.00000 1.00000 1.00000
0.10000 7.32865 4.23621 3.06671 849.00000 600.00000 0.00000 0.00000 1.00000 1.00000
0.10000 7.33429 4.23947 3.06847 849.00000 600.00000 0.00000 0.00000 1.00000 1.00000
0.10000 7.34050 4.24306 3.07041 849.00000 600.00000 0.00000 0.00000 1.00000 1.00000
0.10000 7.34716 4.24691 3.07249 849.00000 600.00000 0.00000 0.00000 1.00000 1.00000
0.10000 7.35414 4.25095 3.07468 849.00000 600.00000 0.00000 0.00000 1.00000 1.00000
0.10000 7.36130 4.25509 3.07693 849.00000 600.00000 0.00000 0.00000 1.00000 1.00000
0.10000 7.36851 4.25925 3.07919 849.00000 600.00000 0.00000 0.00000 1.00000 1.00000
0.10000 7.37560 4.26335 3.08142 849.00000 600.00000 0.00000 0.00000 1.00000 1.00000
0.10000 7.38236 4.26726 3.08356 849.00000 600.00000 0.00000 0.00000 1.00000 1.00000
0.10000 7.38860 4.27087 3.08553 849.00000 600.00000 0.00000 0.00000 1.00000 1.00000
0.10000 7.39411 4.27405 3.08727 849.00000 600.00000 0.00000 0.00000 1.00000 1.00000
0.10000 7.39869 4.27670 3.08872 849.00000 600.00000 0.00000 0.00000 1.00000 1.00000
0.10000 7.40248 4.27889 3.08992 849.00000 600.00000 0.00000 0.00000 1.00000 1.00000
0.10000 7.40593 4.28088 3.09101 849.00000 600.00000 0.00000 0.00000 1.00000 1.00000
0.10000 7.40951 4.28295 3.09215 849.00000 600.00000 0.00000 0.00000 1.00000 1.00000
0.10000 7.41369 4.28537 3.09348 849.00000 600.00000 0.00000 0.00000 1.00000 1.00000
0.10000 7.41892 4.28839 3.09514 849.00000 600.00000 0.00000 0.00000 1.00000 1.00000
0.10000 7.42517 4.29201 3.09713 849.00000 600.00000 0.00000 0.00000 1.00000 1.00000
0.10000 7.43196 4.29593 3.09929 849.00000 600.00000 0.00000 0.00000 1.00000 1.00000
0.10000 7.43876 4.29986 3.10146 849.00000 600.00000 0.00000 0.00000 1.00000 1.00000
0.10000 7.44507 4.30351 3.10348 849.00000 600.00000 0.00000 0.00000 1.00000 1.00000
0.10000 7.45038 4.30658 3.10518 849.00000 600.00000 0.00000 0.00000 1.00000 1.00000
0.10000 7.45456 4.30900 3.10652 849.00000 600.00000 0.00000 0.00000 1.00000 1.00000
0.10000 7.45781 4.31087 3.10756 849.00000 600.00000 0.00000 0.00000 1.00000 1.00000
0.10000 7.46035 4.31234 3.10837 849.00000 600.00000 0.00000 0.00000 1.00000 1.00000
0.10000 7.46241 4.31353 3.10903 849.00000 600.00000 0.00000 0.00000 1.00000 1.00000
0.10000 7.46420 4.31457 3.10961 849.00000 600.00000 0.00000 0.00000 1.00000 1.00000
0.10000 7.46589 4.31555 3.11015 849.00000 600.00000 0.00000 0.00000 1.00000 1.00000
0.10000 7.46758 4.31652 3.11069 849.00000 600.00000 0.00000 0.00000 1.00000 1.00000
0.10000 7.46935 4.31755 3.11126 849.00000 600.00000 0.00000 0.00000 1.00000 1.00000
0.10000 7.47131 4.31868 3.11190 849.00000 600.00000 0.00000 0.00000 1.00000 1.00000
0.10000 7.47355 4.31997 3.11261 849.00000 600.00000 0.00000 0.00000 1.00000 1.00000
0.10000 7.47604 4.32141 3.11342 849.00000 600.00000 0.00000 0.00000 1.00000 1.00000
0.10000 7.47864 4.32291 3.11425 849.00000 600.00000 0.00000 0.00000 1.00000 1.00000
0.10000 7.48121 4.32440 3.11508 849.00000 600.00000 0.00000 0.00000 1.00000 1.00000
0.10000 7.48361 4.32578 3.11585 849.00000 600.00000 0.00000 0.00000 1.00000 1.00000
0.10000 7.48569 4.32699 3.11652 849.00000 600.00000 0.00000 0.00000 1.00000 1.00000
0.10000 7.48742 4.32799 3.11709 849.00000 600.00000 0.00000 0.00000 1.00000 1.00000
0.10000 7.48892 4.32885 3.11757 849.00000 600.00000 0.00000 0.00000 1.00000 1.00000
0.10000 7.49026 4.32963 3.11800 849.00000 600.00000 0.00000 0.00000 1.00000 1.00000
0.10000 7.49154 4.33037 3.11841 849.00000 600.00000 0.00000 0.00000 1.00000 1.00000
0.10000 7.49287 4.33114 3.11884 849.00000 600.00000 0.00000 0.00000 1.00000 1.00000
0.10000 7.49427 4.33195 3.11930 849.00000 600.00000 0.00000 0.00000 1.00000 1.00000
0.10000 7.49573 4.33279 3.11977 849.00000 600.00000 0.00000 0.00000 1.00000 1.00000
0.10000 7.49722 4.33365 3.12025 849.00000 600.00000 0.00000 0.00000 1.00000 1.00000
0.10000 7.49872 4.33452 3.12073 849.00000 600.00000 0.00000 0.00000 1.00000 1.00000
0.10000 7.50020 4.33538 3.12121 849.00000 600.00000 0.00000 0.00000 1.00000 1.00000
0.10000 7.50166 4.33622 3.12168 849.00000 600.00000 0.00000 0.00000 1.00000 1.00000
0.10000 7.50309 4.33705 3.12215 849.00000 600.00000 0.00000 0.00000 1.00000 1.00000
0.10000 7.50450 4.33786 3.12260 849.00000 600.00000 0.00000 0.00000 1.00000 1.00000
0.10000 7.50588 4.33866 3.12305 849.00000 600.00000 0.00000 0.00000 1.00000 1.00000
0.10000 7.50725 4.33945 3.12350 849.00000 600.00000 0.00000 0.00000 1.00000 1.00000
0.10000 7.50861 4.34024 3.12394 849.00000 600.00000 0.00000 0.00000 1.00000 1.00000
0.10000 7.50996 4.34102 3.12438 849.00000 600.00000 0.00000 0.00000 1.00000 1.00000
0.10000 7.51132 4.34180 3.12482 849.00000 600.00000 0.00000 0.00000 1.00000 1.00000
0.10000 7.51269 4.34260 3.12526 849.00000 600.00000 0.00000 0.00000 1.00000 1.00000
0.10000 7.51408 4.34340 3.12571 849.00000 600.00000 0.00000 0.00000 1.00000 1.00000
0.10000 7.51549 4.34422 3.12617 849.00000 600.00000 0.00000 0.00000 1.00000 1.00000
0.10000 7.51691 4.34503 3.12663 849.00000 600.00000 0.00000 0.00000 1.00000 1.00000
0.10000 7.51832 4.34585 3.12709 849.00000 600.00000 0.00000 0.00000 1.00000 1.00000
0.10000 7.51971 4.34665 3.12754 849.00000 600.00000 0.00000 0.00000 1.00000 1.00000
0.10000 7.52106 4.34743 3.12798 849.00000 600.00000 0.00000 0.00000 1.00000 1.00000
0.10000 7.52238 4.34819 3.12840 849.00000 600.00000 0.00000 0.00000 1.00000 1.00000
0.10000 7.52366 4.34894 3.12882 849.00000 600.00000 0.00000 0.00000 1.00000 1.00000
0.10000 7.52491 4.34966 3.12923 849.00000 600.00000 0.00000 0.00000 1.00000 1.00000
0.10000 7.52614 4.35037 3.12963 849.00000 600.00000 0.00000 0.00000 1.00000 1.00000
0.10000 7.52735 4.35107 3.13002 849.00000 600.00000 0.00000 0.00000 1.00000 1.00000
0.10000 7.52855 4.35176 3.13041 849.00000 600.00000 0.00000 0.00000 1.00000 1.00000
0.10000 7.52974 4.35245 3.13080 849.00000 600.00000 0.00000 0.00000 1.00000 1.00000
0.10000 7.53091 4.35313 3.13118 849.00000 600.00000 0.00000 0.00000 1.00000 1.00000
0.10000 7.53208 4.35380 3.13156 849.00000 600.00000 0.00000 0.00000 1.00000 1.00000
0.10000 7.53324 4.35447 3.13194 849.00000 600.00000 0.00000 0.00000 1.00000 1.00000
0.10000 7.53439 4.35514 3.13232 849.00000 600.00000 0.00000 0.00000 1.00000 1.00000
0.10000 7.53554 4.35580 3.13269 849.00000 600.00000 0.00000 0.00000 1.00000 1.00000
0.10000 7.53667 4.35646 3.13306 849.00000 600.00000 0.00000 0.00000 1.00000 1.00000
0.10000 7.53778 4.35710 3.13342 849.00000 600.00000 0.00000 0.00000 1.00000 1.00000
0.10000 7.53888 4.35773 3.13378 849.00000 600.00000 0.00000 0.00000 1.00000 1.00000
0.10000 7.53995 4.35835 3.13413 849.00000 600.00000 0.00000 0.00000 1.00000 1.00000
0.10000 7.54101 4.35896 3.13447 849.00000 600.00000 0.00000 0.00000 1.00000 1.00000
0.10000 7.54204 4.35956 3.13481 849.00000 600.00000 0.00000 0.00000 1.00000 1.00000
0.10000 7.54305 4.36014 3.13514 849.00000 600.00000 0.00000 0.00000 1.00000 1.00000
0.10000 7.54403 4.36071 3.13546 849.00000 600.00000 0.00000 0.00000 1.00000 1.00000
0.10000 7.54500 4.36127 3.13577 849.00000 600.00000 0.00000 0.00000 1.00000 1.00000
0.10000 7.54595 4.36182 3.13608 849.00000 600.00000 0.00000 0.00000 1.00000 1.00000
0.10000 7.54688 4.36236 3.13639 849.00000 600.00000 0.00000 0.00000 1.00000 1.00000
0.10000 7.54782 4.36290 3.13670 849.00000 600.00000 0.00000 0.00000 1.00000 1.00000
0.10000 7.54875 4.36344 3.13700 849.00000 600.00000 0.00000 0.00000 1.00000 1.00000
0.10000 7.54968 4.36398 3.13730 849.00000 600.00000 0.00000 0.00000 1.00000 1.00000
0.10000 7.55061 4.36451 3.13761 849.00000 600.00000 0.00000 0.00000 1.00000 1.00000
0.10000 7.55152 4.36504 3.13791 849.00000 600.00000 0.00000 0.00000 1.00000 1.00000
0.10000 7.55243 4.36556 3.13820 849.00000 600.00000 0.00000 0.00000 1.00000 1.00000
0.10000 7.55331 4.36607 3.13849 849.00000 600.00000 0.00000 0.00000 1.00000 1.00000
0.10000 7.55417 4.36657 3.13877 849.00000 600.00000 0.00000 0.00000 1.00000 1.00000
0.10000 7.55502 4.36706 3.13905 849.00000 600.00000 0.00000 0.00000 1.00000 1.00000
0.10000 7.55584 4.36754 3.13932 849.00000 600.00000 0.00000 0.00000 1.00000 1.00000
0.10000 7.55665 4.36801 3.13958 849.00000 600.00000 0.00000 0.00000 1.00000 1.00000
0.10000 7.55745 4.36847 3.13984 849.00000 600.00000 0.00000 0.00000 1.00000 1.00000
0.10000 7.55823 4.36892 3.14010 849.00000 600.00000 0.00000 0.00000 1.00000 1.00000
0.10000 7.55901 4.36937 3.14036 849.00000 600.00000 0.00000 0.00000 1.00000 1.00000
0.10000 7.55978 4.36982 3.14061 849.00000 600.00000 0.00000 0.00000 1.00000 1.00000
0.10000 7.56056 4.37027 3.14086 849.00000 600.00000 0.00000 0.00000 1.00000 1.00000
0.10000 7.56134 4.37072 3.14112 849.00000 600.00000 0.00000 0.00000 1.00000 1.00000
0.10000 7.56214 4.37118 3.14138 849.00000 600.00000 0.00000 0.00000 1.00000 1.00000
0.10000 7.56293 4.37164 3.14164 849.00000 600.00000 0.00000 0.00000 1.00000 1.00000
0.10000 7.56372 4.37209 3.14190 849.00000 600.00000 0.00000 0.00000 1.00000 1.00000
0.10000 7.56450 4.37254 3.14216 849.00000 600.00000 0.00000 0.00000 1.00000 1.00000
0.10000 7.56527 4.37299 3.14241 849.00000 600.00000 0.00000 0.00000 1.00000 1.00000
0.10000 7.56602 4.37342 3.14265 849.00000 600.00000 0.00000 0.00000 1.00000 1.00000
0.10000 7.56675 4.37385 3.14289 849.00000 600.00000 0.00000 0.00000 1.00000 1.00000
0.10000 7.56747 4.37426 3.14313 849.00000 600.00000 0.00000 0.00000 1.00000 1.00000
0.10000 7.56817 4.37466 3.14336 849.00000 600.00000 0.00000 0.00000 1.00000 1.00000
0.10000 7.56885 4.37506 3.14358 849.00000 600.00000 0.00000 0.00000 1.00000 1.00000
0.10000 7.56951 4.37544 3.14380 849.00000 600.00000 0.00000 0.00000 1.00000 1.00000
0.10000 7.57016 4.37582 3.14401 849.00000 600.00000 0.00000 0.00000 1.00000 1.00000
0.10000 7.57081 4.37619 3.14422 849.00000 600.00000 0.00000 0.00000 1.00000 1.00000
0.10000 7.57145 4.37656 3.14444 849.00000 600.00000 0.00000 0.00000 1.00000 1.00000
0.10000 7.57210 4.37694 3.14465 849.00000 600.00000 0.00000 0.00000 1.00000 1.00000
0.10000 7.57275 4.37731 3.14486 849.00000 600.00000 0.00000 0.00000 1.00000 1.00000
0.10000 7.57340 4.37769 3.14507 849.00000 600.00000 0.00000 0.00000 1.00000 1.00000
0.10000 7.57404 4.37806 3.14529 849.00000 600.00000 0.00000 0.00000 1.00000 1.00000
0.10000 7.57467 4.37842 3.14549 849.00000 600.00000 0.00000 0.00000 1.00000 1.00000
0.10000 7.57529 4.37878 3.14570 849.00000 600.00000 0.00000 0.00000 1.00000 1.00000
0.10000 7.57589 4.37913 3.14589 849.00000 600.00000 0.00000 0.00000 1.00000 1.00000
0.10000 7.57648 4.37947 3.14609 849.00000 600.00000 0.00000 0.00000 1.00000 1.00000
0.10000 7.57705 4.37980 3.14628 849.00000 600.00000 0.00000 0.00000 1.00000 1.00000
0.10000 7.57763 4.38013 3.14646 849.00000 600.00000 0.00000 0.00000 1.00000 1.00000
0.10000 7.57820 4.38046 3.14665 849.00000 600.00000 0.00000 0.00000 1.00000 1.00000
0.10000 7.57877 4.38079 3.14684 849.00000 600.00000 0.00000 0.00000 1.00000 1.00000
0.10000 7.57934 4.38112 3.14703 849.00000 600.00000 0.00000 0.00000 1.00000 1.00000
0.10000 7.57990 4.38145 3.14721 849.00000 600.00000 0.00000 0.00000 1.00000 1.00000
0.10000 7.58047 4.38177 3.14740 849.00000 600.00000 0.00000 0.00000 1.00000 1.00000
0.10000 7.58102 4.38209 3.14758 849.00000 600.00000 0.00000 0.00000 1.00000 1.00000
0.10000 7.58158 4.38241 3.14776 849.00000 600.00000 0.00000 0.00000 1.00000 1.00000
0.10000 7.58213 4.38273 3.14794 849.00000 600.00000 0.00000 0.00000 1.00000 1.00000
0.10000 7.58268 4.38305 3.14813 849.00000 600.00000 0.00000 0.00000 1.00000 1.00000
0.10000 7.58323 4.38337 3.14831 849.00000 600.00000 0.00000 0.00000 1.00000 1.00000
0.10000 7.58379 4.38369 3.14849 849.00000 600.00000 0.00000 0.00000 1.00000 1.00000
0.10000 7.58435 4.38402 3.14868 849.00000 600.00000 0.00000 0.00000 1.00000 1.00000
0.10000 7.58492 4.38435 3.14886 849.00000 600.00000 0.00000 0.00000 1.00000 1.00000
0.10000 7.58549 4.38468 3.14905 849.00000 600.00000 0.00000 0.00000 1.00000 1.00000
0.10000 7.58606 4.38500 3.14924 849.00000 600.00000 0.00000 0.00000 1.00000 1.00000
0.10000 7.58662 4.38533 3.14942 849.00000 600.00000 0.00000 0.00000 1.00000 1.00000
0.10000 7.58718 4.38565 3.14961 849.00000 600.00000 0.00000 0.00000 1.00000 1.00000
0.10000 7.58773 4.38597 3.14979 849.00000 600.00000 0.00000 0.00000 1.00000 1.00000
0.10000 7.58827 4.38628 3.14997 849.00000 600.00000 0.00000 0.00000 1.00000 1.00000
0.10000 7.58880 4.38659 3.15014 849.00000 600.00000 0.00000 0.00000 1.00000 1.00000
0.10000 7.58933 4.38690 3.15032 849.00000 600.00000 0.00000 0.00000 1.00000 1.00000
0.10000 7.58985 4.38719 3.15049 849.00000 600.00000 0.00000 0.00000 1.00000 1.00000
0.10000 7.59035 4.38749 3.15065 849.00000 600.00000 0.00000 0.00000 1.00000 1.00000
0.10000 7.59086 4.38778 3.15082 849.00000 600.00000 0.00000 0.00000 1.00000 1.00000
0.10000 7.59135 4.38806 3.15098 849.00000 600.00000 0.00000 0.00000 1.00000 1.00000
0.10000 7.59184 4.38835 3.15114 849.00000 600.00000 0.00000 0.00000 1.00000 1.00000
0.10000 7.59233 4.38863 3.15130 849.00000 600.00000 0.00000 0.00000 1.00000 1.00000
0.10000 7.59281 4.38891 3.15146 849.00000 600.00000 0.00000 0.00000 1.00000 1.00000
0.10000 7.59328 4.38918 3.15162 849.00000 600.00000 0.00000 0.00000 1.00000 1.00000
0.10000 7.59374 4.38945 3.15177 849.00000 600.00000 0.00000 0.00000 1.00000 1.00000
0.10000 7.59419 4.38971 3.15192 849.00000 600.00000 0.00000 0.00000 1.00000 1.00000
0.10000 7.59463 4.38996 3.15206 849.00000 600.00000 0.00000 0.00000 1.00000 1.00000
0.10000 7.59507 4.39021 3.15221 849.00000 600.00000 0.00000 0.00000 1.00000 1.00000
0.10000 7.59550 4.39047 3.15235 849.00000 600.00000 0.00000 0.00000 1.00000 1.00000
0.10000 7.59595 4.39072 3.15250 849.00000 600.00000 0.00000 0.00000 1.00000 1.00000
0.10000 7.59641 4.39099 3.15265 849.00000 600.00000 0.00000 0.00000 1.00000 1.00000
0.10000 7.59688 4.39126 3.15281 849.00000 600.00000 0.00000 0.00000 1.00000 1.00000
0.10000 7.59737 4.39154 3.15297 849.00000 600.00000 0.00000 0.00000 1.00000 1.00000
0.10000 7.59786 4.39182 3.15313 849.00000 600.00000 0.00000 0.00000 1.00000 1.00000
0.10000 7.59835 4.39211 3.15329 849.00000 600.00000 0.00000 0.00000 1.00000 1.00000
0.10000 7.59885 4.39240 3.15345 849.00000 600.00000 0.00000 0.00000 1.00000 1.00000
0.10000 7.59934 4.39268 3.15362 849.00000 600.00000 0.00000 0.00000 1.00000 1.00000
0.10000 7.59983 4.39297 3.15378 849.00000 600.00000 0.00000 0.00000 1.00000 1.00000
0.10000 7.60033 4.39326 3.15394 849.00000 600.00000 0.00000 0.00000 1.00000 1.00000
0.10000 7.60083 4.39355 3.15411 849.00000 600.00000 0.00000 0.00000 1.00000 1.00000
0.10000 7.60134 4.39384 3.15428 849.00000 600.00000 0.00000 0.00000 1.00000 1.00000
0.10000 7.60186 4.39414 3.15445 849.00000 600.00000 0.00000 0.00000 1.00000 1.00000
0.10000 7.60237 4.39444 3.15462 849.00000 600.00000 0.00000 0.00000 1.00000 1.00000
0.10000 7.60289 4.39473 3.15479 849.00000 600.00000 0.00000 0.00000 1.00000 1.00000
0.10000 7.60340 4.39503 3.15496 849.00000 600.00000 0.00000 0.00000 1.00000 1.00000
0.10000 7.60391 4.39532 3.15512 849.00000 600.00000 0.00000 0.00000 1.00000 1.00000
0.10000 7.60440 4.39561 3.15529 849.00000 600.00000 0.00000 0.00000 1.00000 1.00000
0.10000 7.60489 4.39589 3.15545 849.00000 600.00000 0.00000 0.00000 1.00000 1.00000
0.10000 7.60537 4.39617 3.15561 849.00000 600.00000 0.00000 0.00000 1.00000 1.00000
0.10000 7.60586 4.39645 3.15577 849.00000 600.00000 0.00000 0.00000 1.00000 1.00000
0.10000 7.60634 4.39673 3.15593 849.00000 600.00000 0.00000 0.00000 1.00000 1.00000
0.10000 7.60682 4.39701 3.15609 849.00000 600.00000 0.00000 0.00000 1.00000 1.00000
0.10000 7.60731 4.39729 3.15625 849.00000 600.00000 0.00000 0.00000 1.00000 1.00000
0.10000 7.60779 4.39757 3.15641 849.00000 600.00000 0.00000 0.00000 1.00000 1.00000
0.10000 7.60827 4.39784 3.15657 849.00000 600.00000 0.00000 0.00000 1.00000 1.00000
0.10000 7.60875 4.39812 3.15673 849.00000 600.00000 0.00000 0.00000 1.00000 1.00000
0.10000 7.60922 4.39839 3.15688 849.00000 600.00000 0.00000 0.00000 1.00000 1.00000
0.10000 7.60968 4.39866 3.15703 849.00000 600.00000 0.00000 0.00000 1.00000 1.00000
0.10000 7.61014 4.39893 3.15719 849.00000 600.00000 0.00000 0.00000 1.00000 1.00000
0.10000 7.61059 4.39919 3.15734 849.00000 600.00000 0.00000 0.00000 1.00000 1.00000
0.10000 7.61103 4.39944 3.15748 849.00000 600.00000 0.00000 0.00000 1.00000 1.00000
0.10000 7.61147 4.39969 3.15763 849.00000 600.00000 0.00000 0.00000 1.00000 1.00000
0.10000 7.61190 4.39994 3.15777 849.00000 600.00000 0.00000 0.00000 1.00000 1.00000
0.10000 7.61233 4.40019 3.15791 849.00000 600.00000 0.00000 0.00000 1.00000 1.00000
0.10000 7.61276 4.40044 3.15805 849.00000 600.00000 0.00000 0.00000 1.00000 1.00000
0.10000 7.61320 4.40070 3.15820 849.00000 600.00000 0.00000 0.00000 1.00000 1.00000
0.10000 7.61365 4.40096 3.15835 849.00000 600.00000 0.00000 0.00000 1.00000 1.00000
0.10000 7.61411 4.40122 3.15850 849.00000 600.00000 0.00000 0.00000 1.00000 1.00000
0.10000 7.61458 4.40149 3.15865 849.00000 600.00000 0.00000 0.00000 1.00000 1.00000
0.10000 7.61505 4.40176 3.15881 849.00000 600.00000 0.00000 0.00000 1.00000 1.00000
0.10000 7.61553 4.40204 3.15897 849.00000 600.00000 0.00000 0.00000 1.00000 1.00000
0.10000 7.61601 4.40232 3.15913 849.00000 600.00000 0.00000 0.00000 1.00000 1.00000
0.10000 7.61650 4.40260 3.15929 849.00000 600.00000 0.00000 0.00000 1.00000 1.00000
0.10000 7.61699 4.40288 3.15945 849.00000 600.00000 0.00000 0.00000 1.00000 1.00000
0.10000 7.61748 4.40317 3.15962 849.00000 600.00000 0.00000 0.00000 1.00000 1.00000
0.10000 7.61798 4.40346 3.15978 849.00000 600.00000 0.00000 0.00000 1.00000 1.00000
0.10000 7.61848 4.40375 3.15995 849.00000 600.00000 0.00000 0.00000 1.00000 1.00000
0.10000 7.61899 4.40404 3.16012 849.00000 600.00000 0.00000 0.00000 1.00000 1.00000
0.10000 7.61950 4.40433 3.16028 849.00000 600.00000 0.00000 0.00000 1.00000 1.00000
0.10000 7.62000 4.40463 3.16045 849.00000 600.00000 0.00000 0.00000 1.00000 1.00000
0.10000 7.62051 4.40492 3.16062 849.00000 600.00000 0.00000 0.00000 1.00000 1.00000
0.10000 7.62101 4.40521 3.16079 849.00000 600.00000 0.00000 0.00000 1.00000 1.00000
0.10000 7.62151 4.40550 3.16095 849.00000 600.00000 0.00000 0.00000 1.00000 1.00000
0.10000 7.62201 4.40579 3.16112 849.00000 600.00000 0.00000 0.00000 1.00000 1.00000
0.10000 7.62250 4.40607 3.16128 849.00000 600.00000 0.00000 0.00000 1.00000 1.00000
0.10000 7.62298 4.40635 3.16144 849.00000 600.00000 0.00000 0.00000 1.00000 1.00000
0.10000 7.62345 4.40662 3.16160 849.00000 600.00000 0.00000 0.00000 1.00000 1.00000
0.10000 7.62392 4.40689 3.16175 849.00000 600.00000 0.00000 0.00000 1.00000 1.00000
0.10000 7.62439 4.40716 3.16191 849.00000 600.00000 0.00000 0.00000 1.00000 1.00000
0.10000 7.62486 4.40743 3.16206 849.00000 600.00000 0.00000 0.00000 1.00000 1.00000
0.10000 7.62534 4.40771 3.16222 849.00000 600.00000 0.00000 0.00000 1.00000 1.00000
0.10000 7.62582 4.40799 3.16238 849.00000 600.00000 0.00000 0.00000 1.00000 1.00000
0.10000 7.62631 4.40827 3.16255 849.00000 600.00000 0.00000 0.00000 1.00000 1.00000
0.10000 7.62680 4.40856 3.16271 849.00000 600.00000 0.00000 0.00000 1.00000 1.00000
0.10000 7.62728 4.40883 3.16287 849.00000 600.00000 0.00000 0.00000 1.00000 1.00000
0.10000 7.62776 4.40911 3.16303 849.00000 600.00000 0.00000 0.00000 1.00000 1.00000
0.10000 7.62822 4.40938 3.16318 849.00000 600.00000 0.00000 0.00000 1.00000 1.00000
0.10000 7.62868 4.40964 3.16333 849.00000 600.00000 0.00000 0.00000 1.00000 1.00000
0.10000 7.62914 4.40990 3.16348 849.00000 600.00000 0.00000 0.00000 1.00000 1.00000
0.10000 7.62959 4.41017 3.16363 849.00000 600.00000 0.00000 0.00000 1.00000 1.00000
0.10000 7.63005 4.41043 3.16379 849.00000 600.00000 0.00000 0.00000 1.00000 1.00000
0.10000 7.63052 4.41070 3.16394 849.00000 600.00000 0.00000 0.00000 1.00000 1.00000
0.10000 7.63099 4.41098 3.16410 849.00000 600.00000 0.00000 0.00000 1.00000 1.00000
0.10000 7.63147 4.41126 3.16426 849.00000 600.00000 0.00000 0.00000 1.00000 1.00000
0.10000 7.63196 4.41154 3.16442 849.00000 600.00000 0.00000 0.00000 1.00000 1.00000
0.10000 7.63246 4.41182 3.16459 849.00000 600.00000 0.00000 0.00000 1.00000 1.00000
0.10000 7.63296 4.41211 3.16475 849.00000 600.00000 0.00000 0.00000 1.00000 1.00000
0.10000 7.63347 4.41241 3.16492 849.00000 600.00000 0.00000 0.00000 1.00000 1.00000
0.10000 7.63398 4.41270 3.16509 849.00000 600.00000 0.00000 0.00000 1.00000 1.00000
0.10000 7.63450 4.41300 3.16526 849.00000 600.00000 0.00000 0.00000 1.00000 1.00000
0.10000 7.63502 4.41331 3.16544 849.00000 600.00000 0.00000 0.00000 1.00000 1.00000
0.10000 7.63555 4.41361 3.16561 849.00000 600.00000 0.00000 0.00000 1.00000 1.00000
0.10000 7.63607 4.41391 3.16579 849.00000 600.00000 0.00000 0.00000 1.00000 1.00000
0.10000 7.63659 4.41421 3.16596 849.00000 600.00000 0.00000 0.00000 1.00000 1.00000
0.10000 7.63711 4.41451 3.16613 849.00000 600.00000 0.00000 0.00000 1.00000 1.00000
0.10000 7.63762 4.41481 3.16630 849.00000 600.00000 0.00000 0.00000 1.00000 1.00000
0.10000 7.63811 4.41509 3.16647 849.00000 600.00000 0.00000 0.00000 1.00000 1.00000
0.10000 7.63861 4.41538 3.16663 849.00000 600.00000 0.00000 0.00000 1.00000 1.00000
0.10000 7.63910 4.41566 3.16679 849.00000 600.00000 0.00000 0.00000 1.00000 1.00000
0.10000 7.63958 4.41594 3.16696 849.00000 600.00000 0.00000 0.00000 1.00000 1.00000
0.10000 7.64007 4.41622 3.16712 849.00000 600.00000 0.00000 0.00000 1.00000 1.00000
0.10000 7.64055 4.41651 3.16728 849.00000 600.00000 0.00000 0.00000 1.00000 1.00000
0.10000 7.64104 4.41679 3.16744 849.00000 600.00000 0.00000 0.00000 1.00000 1.00000
0.10000 7.64153 4.41707 3.16760 849.00000 600.00000 0.00000 0.00000 1.00000 1.00000
0.10000 7.64202 4.41735 3.16777 849.00000 600.00000 0.00000 0.00000 1.00000 1.00000
0.10000 7.64251 4.41763 3.16793 849.00000 600.00000 0.00000 0.00000 1.00000 1.00000
0.10000 7.64299 4.41792 3.16809 849.00000 600.00000 0.00000 0.00000 1.00000 1.00000
0.10000 7.64348 4.41820 3.16825 849.00000 600.00000 0.00000 0.00000 1.00000 1.00000
0.10000 7.64397 4.41848 3.16842 849.00000 600.00000 0.00000 0.00000 1.00000 1.00000
0.10000 7.64445 4.41876 3.16858 849.00000 600.00000 0.00000 0.00000 1.00000 1.00000
0.10000 7.64494 4.41904 3.16874 849.00000 600.00000 0.00000 0.00000 1.00000 1.00000
0.10000 7.64542 4.41932 3.16890 849.00000 600.00000 0.00000 0.00000 1.00000 1.00000
0.10000 7.64590 4.41960 3.16906 849.00000 600.00000 0.00000 0.00000 1.00000 1.00000
0.10000 7.64639 4.41988 3.16922 849.00000 600.00000 0.00000 0.00000 1.00000 1.00000
0.10000 7.64686 4.42015 3.16938 849.00000 600.00000 0.00000 0.00000 1.00000 1.00000
0.10000 7.64734 4.42043 3.16954 849.00000 600.00000 0.00000 0.00000 1.00000 1.00000
0.10000 7.64782 4.42070 3.16970 849.00000 600.00000 0.00000 0.00000 1.00000 1.00000
0.10000 7.64830 4.42098 3.16986 849.00000 600.00000 0.00000 0.00000 1.00000 1.00000
0.10000 7.64878 4.42126 3.17002 849.00000 600.00000 0.00000 0.00000 1.00000 1.00000
0.10000 7.64927 4.42155 3.17018 849.00000 600.00000 0.00000 0.00000 1.00000 1.00000
0.10000 7.64977 4.42183 3.17035 849.00000 600.00000 0.00000 0.00000 1.00000 1.00000
0.10000 7.65029 4.42213 3.17052 849.00000 600.00000 0.00000 0.00000 1.00000 1.00000
0.10000 7.65080 4.42243 3.17069 849.00000 600.00000 0.00000 0.00000 1.00000 1.00000
0.10000 7.65133 4.42273 3.17087 849.00000 600.00000 0.00000 0.00000 1.00000 1.00000
0.10000 7.65186 4.42304 3.17105 849.00000 600.00000 0.00000 0.00000 1.00000 1.00000
0.10000 7.65240 4.42335 3.17122 849.00000 600.00000 0.00000 0.00000 1.00000 1.00000
0.10000 7.65293 4.42366 3.17140 849.00000 600.00000 0.00000 0.00000 1.00000 1.00000
0.10000 7.65347 4.42397 3.17158 849.00000 600.00000 0.00000 0.00000 1.00000 1.00000
0.10000 7.65400 4.42428 3.17176 849.00000 600.00000 0.00000 0.00000 1.00000 1.00000
0.10000 7.65452 4.42458 3.17193 849.00000 600.00000 0.00000 0.00000 1.00000 1.00000
0.10000 7.65504 4.42488 3.17211 849.00000 600.00000 0.00000 0.00000 1.00000 1.00000
0.10000 7.65555 4.42517 3.17228 849.00000 600.00000 0.00000 0.00000 1.00000 1.00000
0.10000 7.65605 4.42546 3.17244 849.00000 600.00000 0.00000 0.00000 1.00000 1.00000
0.10000 7.65654 4.42575 3.17261 849.00000 600.00000 0.00000 0.00000 1.00000 1.00000
0.10000 7.65704 4.42603 3.17277 849.00000 600.00000 0.00000 0.00000 1.00000 1.00000
0.10000 7.65752 4.42631 3.17294 849.00000 600.00000 0.00000 0.00000 1.00000 1.00000
0.10000 7.65800 4.42659 3.17310 849.00000 600.00000 0.00000 0.00000 1.00000 1.00000
0.10000 7.65848 4.42687 3.17326 849.00000 600.00000 0.00000 0.00000 1.00000 1.00000
0.10000 7.65896 4.42715 3.17342 849.00000 600.00000 0.00000 0.00000 1.00000 1.00000
0.10000 7.65944 4.42742 3.17358 849.00000 600.00000 0.00000 0.00000 1.00000 1.00000
0.10000 7.65992 4.42770 3.17374 849.00000 600.00000 0.00000 0.00000 1.00000 1.00000
0.10000 7.66041 4.42798 3.17390 849.00000 600.00000 0.00000 0.00000 1.00000 1.00000
0.10000 7.66089 4.42826 3.17406 849.00000 600.00000 0.00000 0.00000 1.00000 1.00000
0.10000 7.66138 4.42854 3.17422 849.00000 600.00000 0.00000 0.00000 1.00000 1.00000
0.10000 7.66187 4.42883 3.17439 849.00000 600.00000 0.00000 0.00000 1.00000 1.00000
0.10000 7.66236 4.42911 3.17455 849.00000 600.00000 0.00000 0.00000 1.00000 1.00000
0.10000 7.66286 4.42940 3.17472 849.00000 600.00000 0.00000 0.00000 1.00000 1.00000
0.10000 7.66336 4.42969 3.17489 849.00000 600.00000 0.00000 0.00000 1.00000 1.00000
0.10000 7.66386 4.42998 3.17505 849.00000 600.00000 0.00000 0.00000 1.00000 1.00000
0.10000 7.66436 4.43026 3.17522 849.00000 600.00000 0.00000 0.00000 1.00000 1.00000
0.10000 7.66485 4.43055 3.17538 849.00000 600.00000 0.00000 0.00000 1.00000 1.00000
0.10000 7.66534 4.43083 3.17555 849.00000 600.00000 0.00000 0.00000 1.00000 1.00000
0.10000 7.66583 4.43112 3.17571 849.00000 600.00000 0.00000 0.00000 1.00000 1.00000
0.10000 7.66632 4.43140 3.17588 849.00000 600.00000 0.00000 0.00000 1.00000 1.00000
0.10000 7.66681 4.43168 3.17604 849.00000 600.00000 0.00000 0.00000 1.00000 1.00000
0.10000 7.66730 4.43196 3.17620 849.00000 600.00000 0.00000 0.00000 1.00000 1.00000
0.10000 7.66779 4.43225 3.17637 849.00000 600.00000 0.00000 0.00000 1.00000 1.00000
0.10000 7.66829 4.43254 3.17654 849.00000 600.00000 0.00000 0.00000 1.00000 1.00000
0.10000 7.66880 4.43283 3.17671 849.00000 600.00000 0.00000 0.00000 1.00000 1.00000
0.10000 7.66931 4.43313 3.17688 849.00000 600.00000 0.00000 0.00000 1.00000 1.00000
0.10000 7.66984 4.43343 3.17705 849.00000 600.00000 0.00000 0.00000 1.00000 1.00000
0.10000 7.67037 4.43374 3.17723 849.00000 600.00000 0.00000 0.00000 1.00000 1.00000
0.10000 7.67091 4.43405 3.17741 849.00000 600.00000 0.00000 0.00000 1.00000 1.00000
0.10000 7.67145 4.43436 3.17759 849.00000 600.00000 0.00000 0.00000 1.00000 1.00000
0.10000 7.67199 4.43467 3.17777 849.00000 600.00000 0.00000 0.00000 1.00000 1.00000
0.10000 7.67251 4.43498 3.17795 849.00000 600.00000 0.00000 0.00000 1.00000 1.00000
0.10000 7.67303 4.43528 3.17812 849.00000 600.00000 0.00000 0.00000 1.00000 1.00000
0.10000 7.67354 4.43557 3.17829 849.00000 600.00000 0.00000 0.00000 1.00000 1.00000
0.10000 7.67404 4.43586 3.17846 849.00000 600.00000 0.00000 0.00000 1.00000 1.00000
0.10000 7.67453 4.43615 3.17863 849.00000 600.00000 0.00000 0.00000 1.00000 1.00000
0.10000 7.67503 4.43643 3.17879 849.00000 600.00000 0.00000 0.00000 1.00000 1.00000
0.10000 7.67551 4.43671 3.17895 849.00000 600.00000 0.00000 0.00000 1.00000 1.00000
0.10000 7.67600 4.43699 3.17912 849.00000 600.00000 0.00000 0.00000 1.00000 1.00000
0.10000 7.67648 4.43727 3.17928 849.00000 600.00000 0.00000 0.00000 1.00000 1.00000
0.10000 7.67697 4.43755 3.17944 849.00000 600.00000 0.00000 0.00000 1.00000 1.00000
0.10000 7.67745 4.43783 3.17960 849.00000 600.00000 0.00000 0.00000 1.00000 1.00000
0.10000 7.67793 4.43811 3.17976 849.00000 600.00000 0.00000 0.00000 1.00000 1.00000
0.10000 7.67841 4.43839 3.17993 849.00000 600.00000 0.00000 0.00000 1.00000 1.00000
0.10000 7.67889 4.43867 3.18009 849.00000 600.00000 0.00000 0.00000 1.00000 1.00000
0.10000 7.67937 4.43894 3.18025 849.00000 600.00000 0.00000 0.00000 1.00000 1.00000
0.10000 7.67985 4.43922 3.18041 849.00000 600.00000 0.00000 0.00000 1.00000 1.00000
0.10000 7.68033 4.43950 3.18057 849.00000 600.00000 0.00000 0.00000 1.00000 1.00000
0.10000 7.68080 4.43977 3.18073 849.00000 600.00000 0.00000 0.00000 1.00000 1.00000
0.10000 7.68128 4.44004 3.18089 849.00000 600.00000 0.00000 0.00000 1.00000 1.00000
0.10000 7.68175 4.44032 3.18105 849.00000 600.00000 0.00000 0.00000 1.00000 1.00000
0.10000 7.68223 4.44059 3.18121 849.00000 600.00000 0.00000 0.00000 1.00000 1.00000
0.10000 7.68270 4.44087 3.18137 849.00000 600.00000 0.00000 0.00000 1.00000 1.00000
0.10000 7.68318 4.44115 3.18153 849.00000 600.00000 0.00000 0.00000 1.00000 1.00000
0.10000 7.68367 4.44143 3.18169 849.00000 600.00000 0.00000 0.00000 1.00000 1.00000
0.10000 7.68415 4.44171 3.18185 849.00000 600.00000 0.00000 0.00000 1.00000 1.00000
0.10000 7.68464 4.44199 3.18202 849.00000 600.00000 0.00000 0.00000 1.00000 1.00000
0.10000 7.68514 4.44228 3.18218 849.00000 600.00000 0.00000 0.00000 1.00000 1.00000
0.10000 7.68564 4.44257 3.18235 849.00000 600.00000 0.00000 0.00000 1.00000 1.00000
0.10000 7.68614 4.44286 3.18252 849.00000 600.00000 0.00000 0.00000 1.00000 1.00000
0.10000 7.68665 4.44315 3.18269 849.00000 600.00000 0.00000 0.00000 1.00000 1.00000
0.10000 7.68715 4.44344 3.18286 849.00000 600.00000 0.00000 0.00000 1.00000 1.00000
0.10000 7.68766 4.44373 3.18303 849.00000 600.00000 0.00000 0.00000 1.00000 1.00000
0.10000 7.68817 4.44403 3.18320 849.00000 600.00000 0.00000 0.00000 1.00000 1.00000
0.10000 7.68868 4.44432 3.18337 849.00000 600.00000 0.00000 0.00000 1.00000 1.00000
0.10000 7.68919 4.44462 3.18354 849.00000 600.00000 0.00000 0.00000 1.00000 1.00000
0.10000 7.68972 4.44492 3.18372 849.00000 600.00000 0.00000 0.00000 1.00000 1.00000
0.10000 7.69024 4.44523 3.18390 849.00000 600.00000 0.00000 0.00000 1.00000 1.00000
0.10000 7.69077 4.44553 3.18407 849.00000 600.00000 0.00000 0.00000 1.00000 1.00000
0.10000 7.69129 4.44583 3.18425 849.00000 600.00000 0.00000 0.00000 1.00000 1.00000
0.10000 7.69181 4.44613 3.18442 849.00000 600.00000 0.00000 0.00000 1.00000 1.00000
0.10000 7.69231 4.44642 3.18459 849.00000 600.00000 0.00000 0.00000 1.00000 1.00000
0.10000 7.69279 4.44670 3.18475 849.00000 600.00000 0.00000 0.00000 1.00000 1.00000
0.10000 7.69327 4.44698 3.18492 849.00000 600.00000 0.00000 0.00000 1.00000 1.00000
0.10000 7.69374 4.44725 3.18507 849.00000 600.00000 0.00000 0.00000 1.00000 1.00000
0.10000 7.69421 4.44752 3.18523 849.00000 600.00000 0.00000 0.00000 1.00000 1.00000
0.10000 7.69469 4.44780 3.18539 849.00000 600.00000 0.00000 0.00000 1.00000 1.00000
0.10000 7.69516 4.44807 3.18555 849.00000 600.00000 0.00000 0.00000 1.00000 1.00000
0.10000 7.69564 4.44834 3.18571 849.00000 600.00000 0.00000 0.00000 1.00000 1.00000
0.10000 7.69611 4.44862 3.18587 849.00000 600.00000 0.00000 0.00000 1.00000 1.00000
0.10000 7.69658 4.44889 3.18603 849.00000 600.00000 0.00000 0.00000 1.00000 1.00000
0.10000 7.69705 4.44916 3.18619 849.00000 600.00000 0.00000 0.00000 1.00000 1.00000
0.10000 7.69752 4.44943 3.18634 849.00000 600.00000 0.00000 0.00000 1.00000 1.00000
0.10000 7.69798 4.44970 3.18650 849.00000 600.00000 0.00000 0.00000 1.00000 1.00000
0.10000 7.69844 4.44996 3.18665 849.00000 600.00000 0.00000 0.00000 1.00000 1.00000
0.10000 7.69889 4.45023 3.18681 849.00000 600.00000 0.00000 0.00000 1.00000 1.00000
0.10000 7.69934 4.45049 3.18696 849.00000 600.00000 0.00000 0.00000 1.00000 1.00000
0.10000 7.69979 4.45074 3.18711 849.00000 600.00000 0.00000 0.00000 1.00000 1.00000
0.10000 7.70023 4.45100 3.18726 849.00000 600.00000 0.00000 0.00000 1.00000 1.00000
0.10000 7.70068 4.45126 3.18741 849.00000 600.00000 0.00000 0.00000 1.00000 1.00000
0.10000 7.70114 4.45153 3.18756 849.00000 600.00000 0.00000 0.00000 1.00000 1.00000
0.10000 7.70161 4.45180 3.18772 849.00000 600.00000 0.00000 0.00000 1.00000 1.00000
0.10000 7.70208 4.45207 3.18788 849.00000 600.00000 0.00000 0.00000 1.00000 1.00000
0.10000 7.70256 4.45235 3.18804 849.00000 600.00000 0.00000 0.00000 1.00000 1.00000
0.10000 7.70305 4.45263 3.18821 849.00000 600.00000 0.00000 0.00000 1.00000 1.00000
0.10000 7.70354 4.45291 3.18837 849.00000 600.00000 0.00000 0.00000 1.00000 1.00000
0.10000 7.70402 4.45319 3.18853 849.00000 600.00000 0.00000 0.00000 1.00000 1.00000
0.10000 7.70450 4.45347 3.18870 849.00000 600.00000 0.00000 0.00000 1.00000 1.00000
0.10000 7.70498 4.45375 3.18886 849.00000 600.00000 0.00000 0.00000 1.00000 1.00000
0.10000 7.70547 4.45403 3.18902 849.00000 600.00000 0.00000 0.00000 1.00000 1.00000
0.10000 7.70597 4.45432 3.18919 849.00000 600.00000 0.00000 0.00000 1.00000 1.00000
0.10000 7.70647 4.45461 3.18936 849.00000 600.00000 0.00000 0.00000 1.00000 1.00000
0.10000 7.70699 4.45491 3.18953 849.00000 600.00000 0.00000 0.00000 1.00000 1.00000
0.10000 7.70751 4.45521 3.18971 849.00000 600.00000 0.00000 0.00000 1.00000 1.00000
0.10000 7.70803 4.45551 3.18988 849.00000 600.00000 0.00000 0.00000 1.00000 1.00000
0.10000 7.70854 4.45580 3.19006 849.00000 600.00000 0.00000 0.00000 1.00000 1.00000
0.10000 7.70905 4.45610 3.19023 849.00000 600.00000 0.00000 0.00000 1.00000 1.00000
0.10000 7.70954 4.45638 3.19039 849.00000 600.00000 0.00000 0.00000 1.00000 1.00000
0.10000 7.71003 4.45666 3.19056 849.00000 600.00000 0.00000 0.00000 1.00000 1.00000
0.10000 7.71050 4.45694 3.19072 849.00000 600.00000 0.00000 0.00000 1.00000 1.00000
0.10000 7.71097 4.45721 3.19088 849.00000 600.00000 0.00000 0.00000 1.00000 1.00000
0.10000 7.71143 4.45748 3.19103 849.00000 600.00000 0.00000 0.00000 1.00000 1.00000
0.10000 7.71189 4.45774 3.19119 849.00000 600.00000 0.00000 0.00000 1.00000 1.00000
0.10000 7.71234 4.45800 3.19134 849.00000 600.00000 0.00000 0.00000 1.00000 1.00000
0.10000 7.71280 4.45826 3.19149 849.00000 600.00000 0.00000 0.00000 1.00000 1.00000
0.10000 7.71325 4.45852 3.19164 849.00000 600.00000 0.00000 0.00000 1.00000 1.00000
0.00000 7.71325 4.45852 3.19164 849.00000 600.00000 0.00000 0.00000 1.00000 1.00000
