2012.625885	53.34533	6.671667	3	3.6
2006.600852	53.35033	6.696667	3	3.465995312
2018.021448	53.363	6.751	3	3.434692441
2019.386472	53.328	6.652	3	3.361468904
2011.486402	53.30283	6.786667	3	3.231910706
2013.10533	53.38917	6.666667	3	3.227038145
2008.829558	53.33667	6.72	3	3.22158742
2021.874832	53.309	6.751	3	3.176607185
2022.767544	53.319	6.772	3	3.132043609
2015.746759	53.234	6.834	3	3.078010116
2013.502289	53.2935	6.785	3	3.033635378
2014.118665	53.35683	6.781667	3	3.010113478
2009.34969	53.35383	6.761667	3	2.995270967
2003.85699	53.32533	6.69	3	2.986109257
2003.810618	53.295	6.791667	3	2.953288317
2014.84408	53.37433	6.678333	3	2.916728735
2014.746715	53.258	6.655	3	2.828172207
2018.282401	53.371	6.75	3	2.811241991
2014.994824	53.20833	6.728333	3	2.771804094
2013.675058	53.344	6.771667	3	2.769707441
2020.534943	53.342	6.729	3	2.749444317
2022.249052	53.335	6.751	3	2.732815302
2022.730133	53.398	6.692	3	2.727762493
1994.576695	53.35067	6.628334	1	2.72
2003.738075	53.34783	6.696667	3	2.712574244
2015.014479	53.32383	6.768333	3	2.691857576
2013.108765	53.36633	6.758333	3	2.688624859
2013.10524	53.37533	6.666667	3	2.68224144
2003.875664	53.34367	6.701667	3	2.669856787
1998.124732	53.35583	6.773334	3	2.64
2014.666814	53.19383	6.786667	3	2.634988785
2009.285774	53.34467	6.68	3	2.623329401
2009.290806	53.31333	6.845	3	2.587034225
2017.402861	53.211	6.834	3	2.585955131
2007.128871	53.22733	6.703333	3	2.583973169
2000.447388	53.33983	6.741667	3	2.545937538
2011.681474	53.3375	6.805	3	2.54075408
2011.66329	53.444	6.686666	3	2.537833214
2006.601394	53.3495	6.706666	3	2.533671856
2021.757356	53.349	6.747	3	2.509575253
2020.333701	53.388	6.762	3	2.507869354
2019.435889	53.32	6.767	3	2.505035612
2010.617582	53.40283	6.703333	3	2.5
2008.523039	53.3505	6.881667	3	2.45553565
2000.453993	53.28033	6.846667	3	2.45344615
1998.644591	53.29783	6.81	3	2.44
2012.623009	53.353	6.805	3	2.438191414
2011.051524	53.31867	6.645	3	2.430639029
2016.152457	53.184	6.781	3	2.420941255
2013.052951	53.28483	6.79	3	2.4
1991.925441	53.358	6.657	3	2.4
2006.218668	53.302	6.755	3	2.373980522
2010.246093	53.19033	6.776667	3	2.369720697
2003.724827	53.39517	6.688334	3	2.363940001
2013.549344	53.32283	6.803333	3	2.362974644
2009.924505	53.28417	6.743333	3	2.340008259
2020.547129	53.376	6.713	3	2.336068682
2021.464187	53.316	6.711	3	2.33427112
2007.068485	53.35183	6.755	3	2.333717823
2006.652143	53.34317	6.711667	3	2.310440302
2010.335779	53.387	6.81	3	2.309454918
2022.68796	53.398	6.694	3	2.298523172
2014.190639	53.22783	6.821667	3	2.296372175
2021.323953	53.362	6.682	3	2.293199163
2015.151728	53.32317	6.856667	3	2.292057514
2005.41109	53.3425	6.71	3	2.28626132
2006.809906	53.37233	6.738333	3	2.27314043
2020.223312	53.359	6.844	3	2.269750348
2015.22604	53.32167	6.855	3	2.266649723
2015.828978	53.285	6.92	3	2.254604774
2005.106929	53.31567	6.638333	3	2.250133991
2006.222816	53.2835	6.778333	3	2.241518497
2022.80678	53.319	6.794	3	2.234137671
2009.086743	53.35983	6.74	3	2.232741594
2005.594956	53.17033	6.81	3	2.220353842
2002.097708	53.319	6.716667	3	2.214455605
2021.759388	53.35	6.746	3	2.198255358
2016.83447	53.306	6.809	3	2.180530746
2021.498704	53.296	6.806	3	2.173578962
2008.378667	53.37533	6.728333	2.8	2.171712637
2003.169388	53.36033	6.661667	3	2.170227528
2011.994563	53.3525	6.656667	3	2.165213823
2018.114866	53.293	6.78	3	2.160639886
2008.852688	53.38083	6.735	3	2.160460949
1993.895338	53.2015	6.82	3	2.16
2004.440249	53.3905	6.663333	3	2.145040035
2014.500978	53.21367	6.79	3	2.119149446
2013.624183	53.24434	6.696667	3	2.117444038
1999.035091	53.359	6.776667	3	2.093850851
2017.19175	53.35	6.761	3	2.083340996
2023.278438	53.385	6.762	3	2.082889414
2015.512337	53.262	6.631	3	2.082668342
2007.746326	53.19417	6.788333	3	2.068041086
2007.437614	53.353	6.746666	3	2.066977978
2017.942369	53.37	6.765	3	2.066688513
2016.671602	53.218	6.844	3	2.066445551
2022.177425	53.359	6.735	3	2.057460979
2014.211186	53.39	6.618333	3	2.050654173
2021.444843	53.335	6.759	3	2.049090368
2013.114322	53.29667	6.783333	3	2.041466236
2018.106482	53.335	6.751	3	2.037680136
2000.443327	53.348	6.763333	3	2.03386426
2015.627778	53.185	6.754	3	2.032663223
1996.161776	53.3425	6.64	3	2.03
2012.316156	53.178	6.818333	3	2.029914141
2010.438207	53.18184	6.775	3	2.022454739
2011.235826	53.16833	6.805	3	2.02219677
2013.90485	53.32667	6.845	3	2.015285969
1993.726171	53.36767	6.675	3	2.01
2015.400966	53.40417	6.668334	3	2.009994745
2017.317813	53.21	6.713	3	2.005890463
2020.167886	53.255	6.914	3	2.000250833
1994.546463	53.37233	6.743333	3	2
2007.818841	53.33283	6.748333	3	1.994892955
1995.261016	53.35966	6.68	3	1.99
2007.36554	53.33117	6.701667	3	1.986799002
2014.604828	53.32516	6.835	3	1.973577857
2011.732487	53.36333	6.728333	3	1.964851379
2020.673452	53.338	6.703	3	1.962368881
2013.126224	53.31883	6.795	3	1.95554769
2005.18778	53.34217	6.81	3	1.952296615
1998.94614	53.39167	6.698333	3	1.95
2018.600607	53.322	6.875	3	1.929168772
2011.766689	53.261	6.861667	3	1.925735712
2006.28974	53.3105	6.783333	3	1.923084497
2015.116826	53.14267	6.751667	3	1.921568751
2012.01497	53.3595	6.666667	3	1.916065574
2015.429803	53.34	6.75	3	1.914053922
2019.447824	53.304	6.833	3	1.913687359
2006.062206	53.23667	6.696667	3	1.911061764
2020.667867	53.421	6.753	3	1.90644069
2017.680144	53.281	6.876	3	1.905268649
2013.753868	53.31683	6.791667	3	1.904306173
2012.125268	53.307	6.691667	3	1.901351571
2022.975254	53.207	6.764	3	1.898289886
2003.251464	53.33983	6.718333	3	1.897107482
2021.065433	53.27	6.869	3	1.896553922
2000.371799	53.3805	6.71	3	1.894108415
2014.202733	53.30567	6.873333	3	1.893208027
2016.834384	53.301	6.807	3	1.892855949
2013.54952	53.32317	6.775	3	1.887666941
2011.398806	53.4065	6.775	3	1.885167003
2013.740856	53.38283	6.726666	3	1.883841395
2005.810981	53.36583	6.675	3	1.876704454
2009.025586	53.34117	6.713333	3	1.876155257
2019.922131	53.306	6.761	3	1.874442942
2011.377117	53.2475	6.845	3	1.872322798
2022.631054	53.399	6.694	3	1.86693983
2004.89942	53.28883	6.753334	3	1.860269666
2013.132799	53.26617	6.973333	3	1.859787583
2020.417513	53.31	6.791	3	1.855947111
2021.074087	53.335	6.76	3	1.851335735
2008.381602	53.32467	6.74	3	1.85012126
2020.340085	53.252	6.856	3	1.848663729
2023.03945	53.371	6.736	3	1.846948519
2008.745191	53.379	6.601666	3	1.831367016
2018.603928	53.324	6.877	3	1.831128683
1997.466726	53.36383	6.753334	3	1.83
1995.367999	53.309	6.945	3	1.83
2019.314334	53.302	6.727	3	1.828490498
2017.257131	53.271	6.991	3	1.824902635
2013.119699	53.368	6.845	3	1.823896408
2017.932179	53.386	6.784	3	1.821441352
2005.542792	53.31917	6.746666	3	1.821415067
2020.208845	53.189	6.788	3	1.820941345
2011.574813	53.3365	6.728333	3	1.817132354
2013.114547	53.29233	6.768333	3	1.814895272
1999.980137	53.32	6.946667	3	1.81299758
2009.339439	53.35633	6.781667	3	1.809067726
2021.758563	53.302	6.829	3	1.805519111
2010.137487	53.28767	6.801667	3	1.802696705
2010.559295	53.28033	6.735	3	1.8
2014.456911	53.34917	6.71	3	1.799022436
2016.22946	53.151	6.901	3	1.795741557
2004.637361	53.1635	6.793334	3	1.795442224
2011.360568	53.19533	6.756667	3	1.793482184
2020.538758	53.251	6.856	3	1.791784016
2009.509093	53.3075	6.755	3	1.791682601
2016.933137	53.333	6.774	3	1.791453163
2013.031327	53.40667	6.601666	3	1.78
1997.922974	53.27867	6.896667	3	1.78
1995.841187	53.46983	6.721667	3	1.78
2012.135632	53.25917	6.871666	3	1.77895391
2020.972335	53.34	6.716	3	1.776626612
2006.170949	53.1435	6.741667	3	1.765766978
2017.659328	53.322	6.822	3	1.760888877
2021.593571	53.231	6.842	3	1.760680595
2012.093536	53.35717	6.721667	3	1.759300709
2013.114993	53.21833	6.758333	3	1.758084536
2022.341214	53.237	6.729	3	1.757970209
2015.438334	53.344	6.753	3	1.755341673
2015.385711	53.244	6.81	3	1.752011895
2014.132678	53.3375	6.661667	3	1.740931749
1994.487678	53.4235	6.77	3	1.74
2012.128924	53.35817	6.708333	3	1.739504814
2012.259101	53.2885	6.871666	3	1.735997081
2022.930087	53.304	6.797	3	1.729862531
2015.82867	53.294	6.776	3	1.728809093
2001.46998	53.29533	6.8	3	1.728691816
2009.003298	53.36633	6.771667	3	1.7275213
2011.018889	53.24533	6.966667	3	1.722608566
2012.451413	53.25383	6.921667	3	1.720719218
2022.730279	53.399	6.691	3	1.716663262
2011.474703	53.321	6.775	3	1.709216475
2012.471142	53.32167	6.783333	3	1.703297257
2007.440048	53.32617	6.613333	3	1.703073859
2005.760811	53.33067	6.641667	3	1.702227235
2017.919577	53.306	6.881	3	1.700547084
2010.353078	53.24717	6.926667	3	1.7
2015.953654	53.276	6.604	3	1.686389636
2013.724439	53.24517	6.665	3	1.686015368
2005.026009	53.32333	6.796667	3	1.685720325
2010.024016	53.367	6.665	3	1.679286122
2017.91713	53.36	6.736	3	1.678470136
2006.47691	53.31683	6.763333	3	1.676053762
2007.866351	53.29317	6.823333	3	1.674144745
2017.371153	53.285	6.805	3	1.673996417
2000.116564	53.321	6.821667	3.5	1.672419667
2009.554415	53.29033	6.765	3	1.671257615
2020.797443	53.391	6.676	3	1.668546839
2002.355072	53.37833	6.856667	3	1.667261243
2009.02068	53.34767	6.716667	3	1.663569093
2016.545171	53.378	6.709	3	1.662299016
2017.97555	53.366	6.752	3	1.660581028
2009.09587	53.376	6.741667	3	1.659716845
2011.402358	53.18184	6.646667	3	1.658429623
2011.904061	53.31283	6.821667	3	1.657644629
2003.59781	53.3495	6.758333	3	1.655769944
2018.111337	53.228	6.71	3	1.655680615
2021.853054	53.332	6.704	3	1.652391889
1997.844161	53.32784	6.793334	3	1.65
2014.666883	53.1975	6.813334	3	1.649437904
2003.061119	53.307	6.751667	3	1.648132682
2016.888543	53.336	6.838	3	1.647905683
2002.543409	53.18783	6.783333	3	1.641105652
2018.2292	53.288	6.778	3	1.640862892
1996.605139	53.28683	6.958333	3	1.64
1995.835172	53.35167	6.718333	3	1.64
2022.292432	53.351	6.715	3	1.632150271
2005.135307	53.23917	6.726666	3	1.631985545
2018.38666	53.374	6.795	3	1.631779595
2015.639081	53.395	6.602	3	1.631707629
2016.016362	53.168	6.814	3	1.631115327
1997.644269	53.239	6.683333	3	1.63
2013.725854	53.23633	6.67	3	1.629351497
2009.880823	53.14533	6.748333	3	1.62713635
2006.739849	53.3675	6.686666	3	1.623552322
2012.246061	53.24866	6.916667	3	1.622489214
2017.719311	53.298	6.834	3	1.62166941
1998.298145	53.4245	6.681667	3	1.62
2018.486944	53.204	6.709	3	1.618792121
2011.642383	53.16783	6.816667	3	1.617761731
2023.105611	53.14	6.793	3	1.61760514
2004.903601	53.31417	6.736667	3	1.611563325
2015.917941	53.24	6.831	3	1.611414303
1993.973543	53.294	6.753334	3	1.61
2018.856683	53.367	6.68	3	1.609551721
2006.457576	53.2925	6.77	3	1.6076262
2015.952776	53.332	6.892	3	1.607286275
2011.855937	53.2555	6.958333	3	1.605669975
2001.209929	53.24333	6.691667	3	1.605026126
2010.659848	53.2095	6.828333	3	1.6
1998.986288	53.2145	6.83	3	1.6
1997.130886	53.38717	6.751667	3	1.6
1994.199034	53.39	6.68	3	1.6
2006.049753	53.27383	6.773334	3	1.599597454
1999.175901	53.32467	6.778333	3	1.597248554
2010.340593	53.4045	6.775	3	1.595002055
2018.084324	53.259	6.871	3	1.588463697
2006.298386	53.33633	6.685	3	1.587951422
2009.346761	53.31567	6.728333	3	1.587286234
2017.125944	53.377	6.714	3	1.586577812
2005.152381	53.3355	6.811666	3	1.584742308
2016.956053	53.378	6.934	3	1.580655269
2015.371235	53.3065	6.846667	3	1.580558062
2018.900939	53.385	6.716	3	1.57887515
2004.029557	53.18867	6.745	3	1.578553438
2013.874033	53.31767	6.715	3	1.578401327
2018.344815	53.286	6.778	3	1.565792193
2006.761827	53.30217	6.79	3	1.564185381
2010.312887	53.31783	6.8	3	1.56368196
2000.214719	53.34283	6.698333	3	1.563126922
2019.285542	53.277	6.596	3	1.5619745
2012.016536	53.26217	6.628334	3	1.561727405
2015.084002	53.37083	6.941667	3	1.561480284
1999.350065	53.325	6.7	3	1.561395526
2014.223646	53.1665	6.798333	3	1.560453176
2020.064748	53.262	6.987	3	1.560391293
2023.274829	53.267	6.825	3	1.558571002
2014.373327	53.19167	6.745	3	1.557655931
2019.135553	53.291	6.839	3	1.557176734
2019.16145	53.357	6.628	3	1.557097457
2020.904335	53.348	6.697	3	1.556291523
2011.703667	53.32317	6.823333	3	1.554340959
2009.743599	53.31384	6.801667	3	1.553991318
2019.763436	53.299	6.91	3	1.55197383
2007.709676	53.34433	6.8	3	1.546504259
2011.285267	53.2	6.836667	3	1.544850588
2004.7263	53.31133	6.743333	3	1.542178512
2011.1967	53.27117	6.775	3	1.542004943
2012.265164	53.29533	6.798333	3	1.540241838
2000.538851	53.3665	6.781667	3	1.540127516
1998.297285	53.33883	6.723333	3	1.54
2008.957185	53.336	6.6	3	1.539432526
2011.075647	53.30083	6.711667	3	1.534988403
2020.323561	53.356	6.762	3	1.53299865
2014.091777	53.334	6.756667	3	1.531819344
2009.97817	53.3095	6.76	3	1.531330824
2012.079752	53.29467	6.745	3	1.530530453
1994.166166	53.279	6.806667	3	1.53
2015.030013	53.17067	6.796667	3	1.529832959
2014.803653	53.35833	6.746666	3	1.529064655
2019.688085	53.343	6.754	3	1.528142975
2006.280818	53.24017	6.646667	3	1.526567698
2016.044485	53.258	6.84	3	1.524376034
2008.064494	53.19617	6.773334	3	1.522604823
2013.775555	53.3705	6.713333	3	1.514946818
2011.633546	53.27883	6.625	3	1.511425257
2003.079564	53.34167	6.793334	3	1.510496736
2014.070768	53.23633	6.678333	3	1.509178042
2005.474108	53.3295	6.818333	3	1.506463647
2013.098892	53.222	6.643333	3	1.505307198
2017.662495	53.193	6.708	3	1.504882655
2016.070314	53.203	6.72	3	1.503596765
2019.239747	53.369	6.654	3	1.503241464
2010.469319	53.218	6.62	3	1.5
2010.455297	53.35833	6.853333	3	1.5
2010.410789	53.23833	6.678333	3	1.5
1997.020688	53.33783	6.713333	3	1.5
2011.232348	53.33484	6.731667	3	1.49949038
2018.22974	53.404	6.66	3	1.494791303
2015.047787	53.23267	6.72	3	1.49180007
2006.048165	53.29033	6.765	3	1.488773346
2012.395377	53.359	6.67	3	1.485633492
2009.97113	53.22367	6.743333	3	1.485113263
2011.842578	53.34283	6.808333	3	1.483201981
2014.734066	53.2755	6.936666	3	1.482527733
2006.538236	53.30283	6.866667	3	1.482205868
2003.223591	53.45733	6.783333	3	1.479764223
2023.517585	53.321	6.829	3	1.478900401
2006.305008	53.32483	6.751667	3	1.478772402
2006.117341	53.29683	6.795	3	1.476928592
2016.420342	53.249	6.924	3	1.475256955
2011.771814	53.28133	6.661667	3	1.475056291
1999.967886	53.35233	6.71	3	1.472390771
2009.301473	53.29617	6.808333	3	1.471531987
2017.336672	53.312	6.727	3	1.470779657
2003.992604	53.34283	6.938334	3	1.468929648
2003.43352	53.27083	6.736667	3	1.468140602
2013.668158	53.34317	6.715	3	1.465322733
2007.127223	53.2285	6.701667	3	1.463226199
2017.893612	53.285	6.807	3	1.461756625
2012.454414	53.24567	6.863333	3	1.46110034
2007.619419	53.369	6.731667	3	1.460931301
2007.026763	53.3405	6.883333	3	1.459251761
2012.097077	53.2755	6.901667	3	1.458106399
2013.111824	53.28933	6.855	3	1.457630396
2011.871576	53.29183	6.966667	3	1.455089927
2013.85026	53.2805	6.878334	3	1.453825951
2011.68221	53.2665	6.763333	3	1.453736544
2013.077314	53.27533	6.911667	3	1.452788353
2003.420746	53.3365	6.683333	3	1.450665951
1994.435813	53.35917	6.681667	3	1.45
2021.375141	53.343	6.743	3	1.447517171
2015.144537	53.29133	6.94	3	1.445085406
2014.003879	53.20567	6.755	3	1.444900036
2017.15716	53.328	6.778	3	1.444012964
2019.27158	53.168	6.829	3	1.443491486
2017.366612	53.388	6.643	3	1.442857352
2010.253918	53.34566	6.658333	3	1.441018343
2016.854824	53.331	6.795	3	1.440560528
2004.220294	53.255	6.918334	3	1.439946175
2013.355056	53.25867	6.853333	3	1.439602137
2006.45942	53.3295	6.851666	3	1.438898683
2012.474507	53.29567	6.755	3	1.437297225
2014.244009	53.28217	6.993333	3	1.43595612
2006.258235	53.34383	6.89	3	1.435272217
2012.100652	53.295	6.868333	3	1.435069799
2017.995125	53.357	6.756	3	1.431828592
1993.521604	53.33317	6.836667	3	1.43
2008.978472	53.4025	6.71	3	1.428274989
2003.857253	53.34917	6.71	3	1.427639246
2013.030215	53.34583	6.96	3	1.42
2009.128384	53.29767	6.8	3	1.419799089
2008.242181	53.29217	6.841667	3	1.415962219
2019.913864	53.401	6.832	3	1.413656094
2017.137047	53.393	6.758	3	1.412084914
2003.984048	53.31967	6.801667	3	1.411972404
2017.281835	53.429	6.75	3	1.409656561
2015.637943	53.231	6.745	3	1.405315448
2011.320635	53.2855	6.848333	3	1.404248953
1999.939793	53.1745	6.791667	3	1.403985739
2011.321334	53.312	6.726666	3	1.403220654
2010.172713	53.34217	6.791667	3	1.400784969
2010.665288	53.37617	6.683333	3	1.4
1997.326521	53.249	6.803333	3	1.4
1993.486214	53.3165	6.65	3	1.4
2023.218778	53.407	6.692	3	1.398201926
2013.752562	53.3125	6.786667	3	1.398028493
2010.872657	53.34783	6.703333	3	1.395722866
1999.607735	53.38183	6.726666	3	1.395475984
2017.409735	53.433	6.75	3	1.393759079
2013.093341	53.23017	6.703333	3	1.389729977
2014.364165	53.33317	6.64	3	1.385862112
2012.083689	53.288	6.871666	3	1.38039124
2014.91251	53.36017	6.671667	3	1.379947662
2006.81494	53.3255	6.923333	3	1.379462242
2008.828041	53.32967	6.71	3	1.377573967
1999.302418	53.312	6.84	3	1.377564788
2000.986832	53.29433	6.91	3	1.37680614
2014.728103	53.23967	6.72	3	1.37659049
2011.38007	53.39633	6.776667	3	1.375567198
2019.128152	53.36	6.743	3	1.373849386
2006.81816	53.39367	6.705	3	1.372972488
2012.097068	53.329	6.793334	3	1.37238884
2019.270527	53.384	6.841	3	1.370605324
1992.945359	53.21017	6.746666	3	1.37
2011.486477	53.295	6.776667	3	1.36899364
2009.346491	53.37883	6.778333	3	1.367094994
2011.080478	53.30183	6.721667	3	1.36556828
2005.862998	53.22433	6.696667	3	1.36443758
2011.18943	53.263	6.863333	3	1.361013412
2013.881761	53.32233	6.746666	3	1.360801458
1997.836293	53.42667	6.705	3	1.36
1996.205142	53.298	6.848333	3	1.36
2012.907828	53.20867	6.785	3	1.358679652
2014.234363	53.25917	6.863333	3	1.358201146
2004.830217	53.35617	6.778333	3	1.356830359
2020.208409	53.371	6.73	3	1.355406484
2022.782814	53.317	6.775	3	1.354513722
2006.347501	53.34517	6.716667	3	1.353439093
2020.068681	53.175	6.735	3	1.35309412
2014.300091	53.35067	6.743333	3	1.352092862
2006.428165	53.23767	6.81	3	1.351731062
1993.675156	53.36267	6.765	3	1.35
2003.114476	53.3525	6.773334	3	1.348592281
2014.604827	53.323	6.835	3	1.348484993
2011.812395	53.3165	6.965	3	1.348051548
2020.966507	53.385	6.61	3	1.347151881
2018.163708	53.287	6.775	3	1.345509087
2006.055029	53.33617	6.74	3	1.345022559
2013.930437	53.22617	6.725	3	1.342702746
2020.485619	53.273	7.003	3	1.342154301
2014.293214	53.32683	6.723333	3	1.341107011
1998.378287	53.40383	6.731667	3	1.34
1994.198895	53.345	6.808333	3	1.34
2009.399613	53.31384	6.928333	3	1.339622974
2012.0428	53.31883	6.793334	3	1.338016272
2005.134261	53.3405	6.735	3	1.337403655
2017.152583	53.325	6.735	3	1.337330944
2011.104526	53.2575	6.763333	3	1.334541678
2015.550571	53.332	6.803	3	1.332395055
2014.361888	53.21183	6.731667	3	1.330775499
2008.72037	53.238	6.706666	3	1.33021307
2012.578327	53.34	6.73	3	1.330167532
2008.411682	53.408	6.633333	3	1.329514503
2013.968425	53.21267	6.823333	3	1.329441309
2006.149081	53.3115	6.788333	3	1.329151392
2016.601263	53.374	6.644	3	1.328713297
2013.488336	53.33067	6.643333	3	1.327670813
2015.980644	53.315	6.735	3	1.326611155
2022.777277	53.401	6.69	3	1.322929312
2020.060712	53.237	6.729	3	1.320401028
1996.875834	53.355	6.755	3	1.32
2011.265695	53.44567	6.843333	3	1.319735646
2008.416726	53.30783	6.781667	3	1.31851697
2011.461751	53.19933	6.845	3	1.318348885
2008.354957	53.28567	6.725	3	1.318343163
2013.55199	53.26933	6.83	3	1.318151593
2009.702321	53.27783	6.845	3	1.316612124
2020.426314	53.276	6.819	3	1.315847227
2018.18734	53.314	6.861	3	1.315786368
2021.962646	53.251	6.618	3	1.31461498
2011.629448	53.28133	6.733333	3	1.314348936
2016.032933	53.248	6.855	3	1.310818985
2013.647741	53.3135	6.775	3	1.310609579
2017.678246	53.34	6.865	3	1.31036636
1998.239575	53.34467	6.73	3	1.31
1997.923	53.24367	6.858333	3	1.31
2012.811669	53.311	6.776667	3	1.309390903
2018.978014	53.239	6.73	3	1.305446634
2006.528969	53.30883	6.868333	3	1.303524256
2017.199108	53.319	6.886	3	1.303322114
2019.357456	53.311	6.833	3	1.303008967
2003.5981	53.34467	6.748333	3	1.302438617
2017.54039	53.278	6.611	3	1.300229483
2010.468933	53.2495	6.745	3	1.3
1994.096229	53.30567	6.776667	3	1.3
2013.323785	53.32767	6.733333	3	1.299582124
2008.322699	53.2585	6.86	3	1.299484015
2021.028594	53.178	6.781	3	1.297644631
2016.135958	53.26	6.617	3	1.296936284
2013.745402	53.2475	6.648334	3	1.295935512
2014.101717	53.18517	6.785	3	1.293847919
2014.316547	53.23683	6.813334	3	1.292963982
2019.587178	53.324	6.781	3	1.291018696
2020.24571	53.165	6.893	3	1.290670331
1996.432873	53.30883	6.778333	3	1.29
2021.32589	53.362	6.683	3	1.288717025
2017.098999	53.374	6.65	3	1.285201061
2020.0266	53.214	6.844	3	1.283896927
2003.323399	53.28367	6.73	3	1.283761978
2021.764655	53.348	6.746	3	1.280653966
2023.006576	53.371	6.736	3	1.27789258
2017.918218	53.357	6.757	3	1.27784719
2015.655273	53.211	6.826	3	1.276694573
2011.014407	53.29483	6.78	3	1.27534759
2014.89096	53.35467	6.698333	3	1.274123549
2015.261599	53.29117	6.975	3	1.274109364
2022.655409	53.399	6.694	3	1.273441752
2009.398372	53.30167	6.93	3	1.272831321
2012.181138	53.2295	6.881667	3	1.272695184
1994.576762	53.36483	6.576667	1	1.27
2017.118038	53.381	6.713	3	1.26969256
2014.499785	53.27517	6.916667	3	1.267148852
2011.924433	53.29317	6.825	3	1.264892578
2006.115221	53.25617	6.846667	3	1.262268662
2014.990785	53.35033	6.753334	3	1.262060404
1995.064071	53.3155	6.896667	3	1.26
1992.932532	53.32	6.74	3	1.26
2012.063609	53.3145	6.755	3	1.257364631
2016.656795	53.401	6.636	3	1.257290532
2005.128539	53.404	6.793334	3	1.256570816
2013.43196	53.283	6.985	3	1.253666401
2017.272449	53.27	6.838	3	1.252078032
2017.991331	53.287	6.882	3	1.251456297
1994.257446	53.2745	6.828333	3	1.25
2016.464747	53.184	6.766	3	1.249765394
2009.347849	53.253	6.723333	3	1.249727249
2006.478976	53.34067	6.823333	3	1.248458028
2013.976135	53.34783	6.691667	3	1.248168945
2014.516726	53.24417	6.706666	3	1.245820642
2015.689486	53.219	6.701	3	1.244867466
2013.734648	53.28183	6.861667	3	1.242658734
2023.08375	53.34	6.757	3	1.242565856
2016.416387	53.361	6.75	3	1.242166497
2019.823368	53.315	6.748	3	1.240826591
2007.242804	53.236	6.706666	3	1.23972559
2015.061574	53.17517	6.796667	3	1.239586592
2011.566768	53.28517	6.88	3	1.236346006
2008.560129	53.21183	6.663333	3	1.236260295
2017.155421	53.386	6.675	3	1.235745479
2013.747769	53.2225	6.715	3	1.235629439
2006.336901	53.28983	6.766667	3	1.234654665
2014.256177	53.24967	6.666667	3	1.233516932
2005.691545	53.31617	6.771667	3	1.230871558
2017.617764	53.367	6.742	3	1.230838197
2008.246532	53.34633	6.7	3	1.230828047
2007.47388	53.31733	6.703333	3	1.227813005
2005.164788	53.32583	6.921667	3	1.225716114
2009.510025	53.22567	6.835	3	1.224416733
2007.739841	53.33783	6.623333	3	1.223347783
2014.637128	53.373	6.726666	3	1.22292006
2008.357899	53.3265	6.728333	3	1.22276175
2018.245121	53.231	6.676	3	1.222068971
2008.265405	53.29433	6.896667	3	1.221860409
2009.886774	53.32084	6.746666	3	1.2210356
2018.973181	53.285	6.776	3	1.220789676
2009.002464	53.3295	6.901667	3	1.22051239
2013.754358	53.31433	6.776667	3	1.220218778
1997.557922	53.24667	6.753334	3	1.22
1997.430716	53.2925	6.875	3	1.22
1994.819038	53.24617	6.736667	3	1.22
2014.632606	53.37634	6.725	3	1.219434738
2017.431261	53.232	6.67	3	1.218292735
2011.568759	53.286	6.953333	3	1.21653533
2003.816939	53.304	6.788333	3	1.215643048
2007.218923	53.24	6.721667	3	1.214221001
2005.253177	53.2695	6.798333	3	1.213806987
2000.286691	53.30767	6.771667	3	1.211664796
2016.404761	53.237	6.635	3	1.209738968
2009.197417	53.34967	6.901667	3	1.209218264
2007.280967	53.22617	6.743333	3	1.20916152
2018.711388	53.181	6.799	3	1.20813218
2015.162705	53.272	6.81	3	1.207002044
2012.296386	53.34117	6.733333	3	1.204944253
2012.984555	53.377	6.783333	3	1.203119397
2011.379907	53.35867	6.843333	3	1.202940464
2012.570752	53.3145	6.68	3	1.20053637
2017.740465	53.3	6.761	3	1.200161625
2015.228014	53.433	6.743333	3	1.2
2010.41079	53.23833	6.678333	3	1.2
2009.331533	53.22217	6.72	3	1.198415995
2016.181187	53.268	6.826	3	1.196389407
2021.406904	53.269	6.705	3	1.196351194
2014.250492	53.1625	6.801667	3	1.194392562
2006.277817	53.26967	6.836667	3	1.194235682
2019.531931	53.252	6.64	3	1.193940518
2000.513936	53.33983	6.751667	3	1.193286657
2014.514938	53.2405	6.688334	3	1.192735195
2007.082256	53.368	6.671667	3	1.191821456
2013.394156	53.33033	6.705	3	1.19025588
2013.07356	53.186	6.773334	3	1.19
2014.445041	53.207	6.763333	3	1.187100053
2021.721065	53.28	6.935	3	1.187038111
2015.820417	53.318	6.75	3	1.186837863
2013.388733	53.287	6.811666	3	1.185434341
2006.458216	53.297	6.768333	3	1.184498191
2015.361529	53.26233	6.9	3	1.183533669
2006.845654	53.27267	6.791667	3	1.181806207
2010.038239	53.29267	6.816667	3	1.181285024
2013.388386	53.177	6.776667	3	1.180566311
2012.624448	53.362	6.751667	3	1.179847479
2011.333988	53.12717	6.936666	3	1.178156257
2020.416434	53.182	6.796	3	1.177575011
2017.678321	53.341	6.863	3	1.177076952
2014.044012	53.27667	6.973333	3	1.17660892
2021.939118	53.252	6.591	3	1.176449075
2012.961354	53.32317	6.73	3	1.174980044
2013.858521	53.298	6.771667	3	1.1733706
2013.422328	53.31767	6.866667	3	1.172104597
2000.268894	53.20467	6.631667	3	1.171998024
2009.092505	53.31467	6.875	3	1.171533823
2016.88843	53.3	6.802	3	1.171136766
2004.868613	53.2905	6.801667	3	1.170696139
2011.557978	53.24633	6.775	3	1.169040203
2004.080059	53.31384	6.868333	3	1.16874826
2011.35516	53.2245	6.656667	3	1.168397427
2010.933232	53.313	6.861667	3	1.168170929
2013.41203	53.28167	6.838333	3	1.166886568
2013.751293	53.23167	6.713333	3	1.166561961
2011.850952	53.24633	6.685	3	1.163128257
2010.131179	53.19217	6.791667	3	1.163028836
2011.389667	53.27017	6.766667	3	1.162706137
2020.335737	53.235	6.73	3	1.161126571
2004.571393	53.34333	6.875	3	1.159709215
2017.828077	53.381	6.923	3	1.158891046
2011.230268	53.25333	6.82	3	1.158731222
2013.049821	53.38883	6.663333	3	1.158379793
2023.224151	53.208	6.71	3	1.156923313
2016.723746	53.254	6.945	3	1.156035339
2022.767921	53.319	6.771	3	1.154421716
2017.370931	53.265	6.598	3	1.153361776
2014.16001	53.27867	6.75	3	1.151733041
2012.742475	53.21933	6.83	3	1.150210977
1997.887701	53.20633	6.791667	3	1.15
2013.748916	53.21967	6.716667	3	1.149742126
2009.045869	53.17033	6.795	3	1.147854567
2015.036951	53.2565	6.848333	3	1.146904111
2013.363197	53.24733	6.921667	3	1.146428347
2015.095663	53.32833	6.831666	3	1.146301627
2008.01824	53.24283	6.658333	3	1.146290541
2013.935381	53.2815	6.921667	3	1.145935416
2020.223848	53.286	6.64	3	1.144400347
2016.97037	53.215	6.696	3	1.142087043
2014.011595	53.2295	6.646667	3	1.141741157
2019.4041	53.351	6.738	3	1.140936674
2021.797279	53.285	6.676	3	1.140877524
2013.397231	53.22933	6.693333	3	1.140702844
2019.513765	53.274	6.892	3	1.140652347
2001.984197	53.39717	6.681667	3	1.140133858
2018.530012	53.151	6.803	3	1.139858851
2019.494443	53.143	6.759	3	1.139082569
2014.926394	53.23667	6.671667	3	1.138489008
2013.733204	53.2895	6.786667	3	1.138146639
2011.663114	53.36967	6.693333	3	1.138119817
2002.157183	53.337	6.826667	3	1.137951016
2010.441018	53.22567	6.651667	3	1.137132764
2009.919563	53.29117	6.833333	3	1.135635734
2013.25209	53.22317	6.871666	3	1.135450482
2016.251289	53.249	6.657	3	1.133676198
2013.811768	53.25717	6.863333	3	1.132942438
2013.111827	53.2925	6.878334	3	1.132389307
1995.884594	53.315	6.761667	3	1.13
2006.07495	53.38017	6.818333	3	1.126464844
2006.290298	53.31283	6.77	3	1.123395443
2000.270046	53.37017	6.845	3	1.123382926
2007.189041	53.32567	6.78	3	1.123152614
2015.346485	53.1925	6.791667	3	1.122838259
1999.937444	53.2465	6.803333	3	1.122122526
2011.360581	53.2395	6.828333	3	1.121396184
2015.825022	53.284	6.966	3	1.121002821
2013.653559	53.30067	6.865	3	1.120036602
1998.618916	53.192	6.803333	3	1.12
2011.476481	53.35933	6.735	3	1.118965149
2008.278446	53.28316	6.875	3	1.11788559
2013.809149	53.26183	6.733333	3	1.117875099
2017.382236	53.295	6.909	3	1.117372603
2011.976001	53.2035	6.626667	3	1.117348075
2016.313212	53.231	6.825	3	1.117290395
2008.705286	53.33067	6.621666	3	1.116678715
2014.190633	53.19683	6.82	3	1.116277575
2012.915617	53.25433	6.83	3	1.114972115
2019.389023	53.229	6.666	3	1.114045764
2013.618902	53.23333	6.653333	3	1.113881588
2006.609212	53.219	6.671667	3	1.113541126
2021.914066	53.319	6.88	3	1.111299373
1994.200381	53.17033	6.746666	3	1.11
2023.159743	53.399	6.671	3	1.109969239
2012.50501	53.269	6.768333	3	1.109504938
2018.790386	53.252	6.858	3	1.107935334
2011.058575	53.166	6.793334	3	1.107538104
2016.374018	53.291	6.916	3	1.105458652
2012.894403	53.3145	6.87	3	1.105313301
2005.520765	53.23833	6.685	3	1.105222583
2014.218843	53.209	6.828333	3	1.10436368
2014.269533	53.26417	6.903333	3	1.104102015
1995.552979	53.2755	6.963333	3	1.1
1993.233467	53.28483	6.795	3	1.1
2019.588189	53.353	6.851	3	1.099994203
2021.91801	53.277	6.598	3	1.09977074
2021.84721	53.228	6.722	3	1.098485308
2015.070514	53.31933	6.8	3	1.097134948
2005.045176	53.31733	6.808333	3	1.097039938
2012.879074	53.29	6.79	3	1.096740246
2020.553059	53.231	6.711	3	1.096550705
2015.335938	53.2765	6.921667	3	1.095000505
2015.224891	53.23383	6.718333	3	1.094505787
2017.551833	53.381	6.659	3	1.091330251
2011.346422	53.328	6.771667	3	1.090445042
1998.098927	53.2905	6.935	3	1.09
1997.338434	53.30017	6.93	3	1.09
1995.700613	53.33484	6.728333	3	1.09
2007.167776	53.23533	6.708333	3	1.088972211
2008.941522	53.2795	6.828333	3	1.087501049
2014.062777	53.1825	6.886667	3	1.087002277
2012.291927	53.30867	6.786667	3	1.086142659
2018.525196	53.263	6.85	3	1.085983755
2020.875987	53.371	6.731	3	1.085492268
2014.25049	53.16133	6.808333	3	1.08437705
2013.476084	53.30033	6.866667	3	1.083286643
2022.723948	53.277	6.86	3	1.082932347
2011.568869	53.38717	6.661667	3	1.082279444
2019.548446	53.269	6.869	3	1.081627987
2022.817394	53.32	6.793	3	1.081131467
1997.701975	53.338	6.746666	3	1.08
2017.748034	53.241	6.727	3	1.078510432
2015.505833	53.351	6.694	3	1.076975024
2012.472934	53.31917	6.813334	3	1.075533628
2022.506539	53.359	6.753	3	1.074837331
2006.004793	53.23583	6.695	3	1.07473135
2017.275111	53.269	6.989	3	1.07403076
2010.936007	53.31667	6.735	3	1.073507428
2013.534911	53.333	6.785	3	1.071401119
2016.408905	53.286	6.835	3	1.070043654
1995.218187	53.43783	6.913333	3	1.07
2008.818254	53.24317	6.805	3	1.067545176
2021.788852	53.365	6.737	3	1.067118491
2011.487215	53.305	6.801667	3	1.066477895
2003.184066	53.37183	6.64	3	1.064720035
2005.398079	53.19367	6.85	3	1.063721657
2020.223945	53.359	6.844	3	1.060345666
2016.648156	53.354	6.95	3	1.056973671
2009.098555	53.3275	6.923333	3	1.056676507
2007.441057	53.321	6.653333	3	1.054652691
2017.669017	53.376	6.667	3	1.053425758
2012.054087	53.23667	6.681667	3	1.052795053
1993.367746	53.30533	6.793334	3	1.05
2012.181996	53.29317	6.825	3	1.04788661
2003.048621	53.28717	6.77	3	1.046244621
2009.454888	53.2865	6.813334	3	1.04503715
2014.515312	53.26917	6.751667	3	1.044757366
2023.190007	53.329	6.823	3	1.044476379
2013.412237	53.27783	6.838333	3	1.043578863
2019.348715	53.428	6.748	3	1.041910932
2017.510531	53.276	6.612	3	1.040583211
2020.79305	53.328	6.767	3	1.036377858
2021.867575	53.351	6.745	3	1.03615174
2022.985433	53.332	6.729	3	1.035627373
2019.611041	53.314	6.726	3	1.0355359
2014.911977	53.33067	6.84	3	1.035179257
2003.260205	53.2045	6.75	3	1.034322381
2017.97281	53.224	7.021	3	1.034260182
2009.041146	53.33883	6.871666	3	1.032727838
2021.245199	53.295	6.805	3	1.032358926
2017.429966	53.269	6.863	3	1.030974511
1995.535717	53.2065	6.823333	3	1.03
1994.428262	53.15617	6.823333	3	1.03
2006.333889	53.31367	6.796667	3	1.029467702
2011.485076	53.28467	6.743333	3	1.029188633
2016.904752	53.261	6.909	3	1.02729225
2005.081055	53.27683	6.691667	3	1.027060747
2005.296508	53.26367	6.803333	3	1.02522707
2012.86913	53.4085	6.695	3	1.025073767
2012.578512	53.32267	6.786667	3	1.024522662
2010.831939	53.31183	6.871666	3	1.024346948
2013.580312	53.22083	6.718333	3	1.022549629
2017.645784	53.289	6.971	3	1.020340869
2022.953017	53.229	6.74	3	1.019788931
2019.7613	53.315	6.733	3	1.019390426
2001.926598	53.20984	6.743333	3	1.018528819
2010.314308	53.1575	6.85	3	1.017953634
2003.433209	53.19183	6.788333	3	1.015811086
2015.347158	53.34683	6.743333	3	1.015045166
2011.7311	53.34783	6.728333	3	1.014933348
2011.438168	53.27133	6.646667	3	1.014064312
1999.937471	53.18333	6.798333	3	1.013776779
2019.501215	53.219	6.697	3	1.011582097
2019.087233	53.242	6.727	3	1.01113659
2013.198854	53.3145	6.941667	3	1.010675311
2012.236444	53.31267	6.735	3	1.010039926
1994.425308	53.2945	6.95	3	1.01
2012.184013	53.16817	6.785	3	1.009664893
2011.416191	53.37567	6.736667	3	1.008242249
2019.336112	53.33	6.711	3	1.005445265
2015.015793	53.32167	6.936666	3	1.004960179
2021.9879	53.355	6.964	3	1.004181763
2012.915617	53.2605	6.833333	3	1.00212872
2013.9758	53.23033	6.813334	3	1.001133323
2018.132267	53.335	6.763	3	1.000858206
2010.807839	53.18017	6.731667	3	1
2010.672701	53.2275	6.813334	3	1
2010.433532	53.19867	6.846667	3	1
2010.351084	53.27817	6.865	3	1
1994.950473	53.28183	6.815	3	1
2019.596844	53.234	6.844	3	0.999987569
2003.322831	53.2835	6.726666	3	0.998827338
2005.374725	53.23183	6.893333	3	0.997068346
2012.618416	53.305	6.785	3	0.995098889
2016.888129	53.299	6.744	3	0.994279825
2014.252733	53.1795	6.816667	3	0.99283576
2019.380413	53.311	6.794	3	0.992148844
2018.513111	53.186	6.895	3	0.992052397
2013.152135	53.30267	6.781667	3	0.991219997
2013.602686	53.25583	6.798333	3	0.990539849
2013.39748	53.33067	6.713333	3	0.990536213
1994.178193	53.32317	6.805	3	0.99
1993.486305	53.31467	6.66	3	0.99
1993.117701	53.2945	6.868333	3	0.99
2016.996247	53.301	6.802	3	0.988874768
2001.775053	53.239	6.763333	3	0.988622189
2021.085649	53.316	6.726	3	0.987650909
2018.130309	53.427	6.747	3	0.987448235
2016.643154	53.223	7.036	3	0.986353931
2013.724474	53.2495	6.68	3	0.986264765
2017.788726	53.379	6.661	3	0.985198837
2003.825747	53.19167	6.783333	3	0.984998405
1999.969756	53.19	6.765	3	0.984274268
2016.370289	53.268	6.989	3	0.982670353
2014.380496	53.27733	6.94	3	0.981862307
2014.731671	53.35133	6.693333	3	0.980523408
2019.627096	53.264	6.812	3	0.980439495
2014.72822	53.24217	6.728333	3	0.978369713
2011.62666	53.3025	6.786667	3	0.978159785
2017.465788	53.281	6.94	3	0.976460201
2020.955163	53.385	6.609	3	0.975474687
2014.200367	53.31	6.828333	3	0.975425899
2005.329394	53.3595	6.7	3	0.973121166
2022.807272	53.32	6.793	3	0.973070221
1994.48457	53.33517	6.851666	3	0.97
2012.529664	53.278	6.85	3	0.969261646
2011.353598	53.35017	6.863333	3	0.961787045
2003.002198	53.3375	6.743333	3	0.961147785
2009.234412	53.308	6.81	3	0.960589647
2017.56434	53.352	6.737	3	0.960306705
2020.243535	53.27	6.868	3	0.95868261
2015.423932	53.168	6.856	3	0.958568448
2020.440945	53.309	6.794	3	0.958408781
2004.063871	53.271	6.72	3	0.952688575
2013.321379	53.34133	6.76	3	0.952116013
2023.466048	53.154	6.892	3	0.951269114
2012.821917	53.23933	6.613333	3	0.950547993
1998.756728	53.35283	6.748333	3	0.95
1994.347952	53.19383	6.798333	3	0.95
2014.098585	53.24967	6.786667	3	0.94843179
2009.286058	53.3585	6.78	3	0.947600365
2018.596653	53.208	6.712	3	0.947255686
2014.187275	53.35117	6.768333	3	0.946007431
2003.177533	53.14083	6.753334	3	0.944801271
2014.555755	53.24883	6.861667	3	0.94379586
2021.918142	53.276	6.836	3	0.94322455
2013.531301	53.33217	6.87	3	0.943076253
2021.872162	53.353	6.692	3	0.943027594
2019.998661	53.313	6.984	3	0.942970671
2008.644971	53.32983	6.725	3	0.94188422
2012.212238	53.30283	6.901667	3	0.941430688
2013.012793	53.3055	6.823333	3	0.94074738
2022.538358	53.338	6.761	3	0.940734006
2020.338636	53.328	6.813	3	0.940398035
2011.281596	53.28767	6.8	3	0.940333128
2013.094951	53.20183	6.79	3	0.940199375
2017.374539	53.304	6.835	3	0.938646005
2017.694331	53.32	6.824	3	0.938519414
2019.480967	53.227	6.672	3	0.938118204
2012.659075	53.30783	6.835	3	0.937484384
2016.907735	53.355	6.849	3	0.937063374
2016.567652	53.277	6.907	3	0.934729936
2019.263647	53.32	6.753	3	0.93424573
2005.218911	53.25683	6.766667	3	0.932849348
2013.567146	53.2435	6.638333	3	0.931260467
1996.294443	53.35733	6.883333	3	0.93
2021.858819	53.396	6.748	3	0.929445661
2015.090265	53.26817	6.743333	3	0.929440379
2019.799864	53.236	6.65	3	0.928731909
2021.868379	53.278	6.746	3	0.928365357
2021.715392	53.347	6.748	3	0.928059705
2019.388988	53.229	6.665	3	0.926766309
2017.053245	53.327	6.774	3	0.924820227
2016.192283	53.198	6.833	3	0.924767563
2008.135267	53.183	6.761667	3	0.924650967
2011.377841	53.4215	6.893333	3	0.922638357
2018.1169	53.371	6.714	3	0.92262876
2014.921083	53.19	6.831666	3	0.921583414
2018.570518	53.304	6.73	3	0.921563175
2012.08427	53.15567	6.803333	3	0.921562493
2012.074802	53.34917	6.756667	3	0.92109108
2013.034066	53.27333	6.85	3	0.92
2013.033357	53.345	6.861667	3	0.92
1993.195552	53.15967	6.805	3	0.92
2007.128947	53.22783	6.683333	3	0.919228554
2013.502986	53.3555	6.636667	3	0.91734463
2018.164679	53.326	6.76	3	0.916779359
2018.273535	53.37	6.946	3	0.91665509
2019.34041	53.318	6.736	3	0.915332437
2013.330382	53.245	6.636667	3	0.913580537
2008.475371	53.24767	6.841667	3	0.911784887
2015.110394	53.34867	6.728333	3	0.911212921
1998.409733	53.2035	6.776667	3	0.91
1996.115907	53.25583	6.766667	3	0.91
2008.114626	53.31083	6.783333	3	0.908171594
2012.871521	53.27783	6.838333	3	0.907792389
2019.509447	53.292	6.78	3	0.907013671
2011.581717	53.368	6.798333	3	0.906089783
2013.754111	53.30083	7.013333	3	0.904247582
2017.094792	53.371	6.739	3	0.903780421
2017.12272	53.378	6.672	3	0.903330614
2022.92512	53.166	6.841	3	0.901995394
2018.255715	53.334	6.75	3	0.901809206
2020.547136	53.376	6.712	3	0.901400926
2019.303665	53.341	6.757	3	0.901396963
2021.879583	53.311	6.747	3	0.900348268
2010.764131	53.218	6.775	3	0.9
2010.399144	53.23466	6.833333	3	0.9
2010.384277	53.28067	6.87	3	0.9
2005.304908	53.2905	6.885	3	0.899949789
2012.173796	53.241	6.633333	3	0.899883091
2017.607595	53.298	6.733	3	0.898432509
2021.605931	53.281	6.932	3	0.89567893
2013.428266	53.24267	6.636667	3	0.895339131
2022.457483	53.235	6.704	3	0.894801264
2007.130957	53.351	6.856667	3	0.893565714
2018.919024	53.25	6.763	3	0.893383322
2021.464093	53.317	6.713	3	0.892684254
2016.741201	53.244	6.616	3	0.892226395
2013.713633	53.292	6.83	3	0.890919447
1993.732416	53.20767	6.811666	3	0.89
2012.374733	53.2475	6.851666	3	0.888028622
2019.435954	53.321	6.765	3	0.88776223
2016.128034	53.244	6.953	3	0.887416282
2007.04911	53.27367	6.766667	3	0.886661589
2009.415074	53.23017	6.878334	3	0.884642661
2018.573904	53.373	6.793	3	0.883042051
2017.731784	53.255	6.651	3	0.882681304
2019.109161	53.38	6.754	3	0.882142354
2002.958977	53.29083	6.86	3	0.881989598
2013.241212	53.233	6.716667	3	0.881794035
2012.548336	53.177	6.801667	3	0.881528616
2011.389374	53.15533	6.818333	3	0.881229699
1996.316835	53.35583	6.863333	3	0.88
2019.287731	53.228	6.673	3	0.878738998
2007.712557	53.236	6.8	3	0.878216445
2013.60083	53.263	6.803333	3	0.87792474
2006.307473	53.33833	6.883333	3	0.875843704
2017.729137	53.244	6.912	3	0.874522847
2014.874138	53.2285	6.863333	3	0.873797238
2013.16627	53.33484	6.648334	3	0.8731758
2006.389048	53.24083	6.698333	3	0.872331977
2017.162611	53.32	6.782	3	0.870873923
2015.60896	53.205	6.729	3	0.870837928
2014.033487	53.29483	6.77	3	0.870062709
2013.638357	53.27817	6.793334	3	0.869435072
2016.173284	53.372	6.685	3	0.867797908
2021.652673	53.311	6.804	3	0.866573081
2017.009256	53.277	6.946	3	0.866289933
2011.968925	53.1445	6.816667	3	0.866026819
2012.728143	53.34617	6.645	3	0.864686668
2008.442488	53.30983	6.785	3	0.863607347
2012.78492	53.2785	6.85	3	0.863200426
2006.526378	53.36934	6.813334	3	0.862461329
2018.059022	53.228	6.691	3	0.862272548
2012.365318	53.29767	6.835	3	0.861761928
2012.358019	53.33067	6.885	3	0.861436665
2005.184693	53.2615	6.915	3	0.86130476
2013.288722	53.37467	6.74	3	0.860842764
1996.287211	53.28933	6.688334	3	0.86
2017.102364	53.143	6.81	3	0.858434138
2015.284781	53.30633	6.885	3	0.858429015
2016.765945	53.403	6.961	3	0.857165093
2013.39753	53.4115	6.61	3	0.856862068
2015.873264	53.357	6.743	3	0.856557471
2016.854828	53.329	6.794	3	0.853776106
2015.829391	53.29	6.925	3	0.853376911
2012.435308	53.18333	6.76	3	0.85314852
2018.909982	53.358	6.623	3	0.851437043
2011.349267	53.2775	6.801667	3	0.850701332
2012.916043	53.267	6.845	3	0.850338936
1998.326619	53.19667	6.706666	3	0.85
2014.129923	53.30416	6.741667	3	0.849098921
2019.527594	53.339	6.807	3	0.848543358
2013.38059	53.3	6.858333	3	0.846847177
2013.195979	53.28517	6.83	3	0.845762551
2016.847247	53.266	6.94	3	0.84536134
2012.627034	53.23833	6.898334	3	0.845295727
2015.691779	53.372	6.713	3	0.84423572
2021.331933	53.229	6.619	3	0.844156878
2020.450659	53.223	6.677	3	0.844001217
2019.859362	53.142	6.805	3	0.84397692
2012.344786	53.2735	6.823333	3	0.839878082
2022.717505	53.374	6.789	3	0.83891712
2019.207529	53.356	6.624	3	0.838764179
2017.504875	53.261	6.851	3	0.838072161
2015.082762	53.17216	6.791667	3	0.837636173
2019.393202	53.357	6.622	3	0.83737902
2012.514056	53.289	6.8	3	0.837310791
2013.12819	53.25217	6.833333	3	0.836425066
2012.603261	53.2105	6.67	3	0.836055338
2012.474695	53.28983	6.753334	3	0.835450709
2016.646949	53.305	6.903	3	0.834796257
2015.824787	53.279	6.958	3	0.832271351
2017.872259	53.328	6.644	3	0.831575949
2017.124215	53.371	6.718	3	0.825201311
2005.563012	53.21183	6.711667	3	0.823144138
2018.87425	53.25	6.857	3	0.822858944
2018.002371	53.287	6.884	3	0.822382012
2013.326778	53.22933	6.66	3	0.822189033
2021.808714	53.346	6.746	3	0.821909166
2022.713001	53.396	6.677	3	0.818380255
2017.792696	53.305	6.949	3	0.816733529
2016.920257	53.317	6.869	3	0.815725766
2011.339502	53.17367	6.931667	3	0.815137684
2005.305299	53.3345	6.858333	3	0.815011442
2018.736235	53.236	6.824	3	0.812598419
2020.951107	53.147	6.815	3	0.811476341
2018.809968	53.298	6.834	3	0.810740674
2015.303966	53.221	6.803333	3	0.810038507
2014.446746	53.19067	6.751667	3	0.806909919
2015.118201	53.28133	6.83	3	0.806207418
2015.149848	53.23683	6.82	3	0.806168497
2021.250706	53.32	6.717	3	0.806142762
2014.64801	53.22983	6.781667	3	0.804673791
2018.849463	53.217	6.838	3	0.80353251
2003.115717	53.26217	6.811666	3	0.803167939
2020.4729	53.269	6.751	3	0.802927182
2015.598273	53.339	6.759	3	0.802166419
2019.171479	53.257	6.913	3	0.801275734
2015.439694	53.345	6.713	3	0.800358575
2010.504674	53.251	6.8	3	0.8
2019.805008	53.316	6.863	3	0.798263653
2017.839174	53.177	6.821	3	0.797756971
2014.995298	53.23933	6.753334	3	0.79771632
2020.208226	53.307	6.828	3	0.797601987
2019.379836	53.312	6.794	3	0.79712602
2012.565389	53.29317	6.823333	3	0.796226978
2017.09482	53.368	6.657	3	0.796102216
2013.494349	53.227	6.818333	3	0.795963764
2011.674996	53.31617	6.678333	3	0.790627778
1997.338636	53.14417	6.736667	3	0.79
2020.316933	53.183	6.852	3	0.787922341
2014.113085	53.29433	6.953333	3	0.785529792
2018.800695	53.323	6.875	3	0.785316145
2017.915101	53.312	6.892	3	0.785169779
2012.357646	53.24717	6.878334	3	0.784612417
2015.285142	53.23067	6.871666	3	0.783545017
2018.380001	53.25	6.899	3	0.783305438
2023.298089	53.291	6.778	3	0.780125957
2013.031331	53.26483	6.851666	3	0.78
2017.956528	53.312	6.791	3	0.778767465
2004.959987	53.23083	6.651667	3	0.776048482
2015.143069	53.2635	6.855	3	0.775671899
2011.199412	53.1765	6.811666	3	0.775108099
2003.413325	53.24683	6.875	3	0.773853242
2015.439722	53.372	6.677	3	0.773785564
2003.366689	53.2565	6.846667	3	0.772504211
2002.964011	53.17533	6.846667	3	0.770057976
1994.225814	53.316	6.961667	3	0.77
1993.569662	53.33567	6.808333	3	0.77
2011.37509	53.32017	6.77	3	0.769263148
2014.198265	53.21083	6.651667	3	0.768514812
2021.745875	53.295	6.807	3	0.765389113
2018.703983	53.233	6.846	3	0.765223555
2019.548437	53.269	6.869	3	0.764821836
2020.016799	53.211	6.703	3	0.763435216
2015.934053	53.336	6.67	3	0.762439197
2017.626243	53.423	6.748	3	0.761945587
2016.690664	53.337	6.811	3	0.760870642
1994.354046	53.22617	6.835	3	0.76
2015.654674	53.294	6.942	3	0.758804453
2018.826561	53.386	6.672	3	0.758178383
2015.536899	53.295	6.817	3	0.757859402
2016.573347	53.25	6.824	3	0.757574142
2012.370543	53.2495	6.893333	3	0.755840838
2003.366515	53.25367	6.865	3	0.755569279
2011.418061	53.27433	6.821667	3	0.755408406
2019.376823	53.294	6.926	3	0.754890825
2013.496683	53.31717	6.758333	3	0.753323197
2006.435948	53.23983	6.69	3	0.752569437
2001.775053	53.23967	6.763333	3	0.75
2014.536438	53.21467	6.826667	3	0.749867857
2012.281456	53.26083	6.838333	3	0.74881506
2013.133459	53.3495	6.781667	3	0.745799542
2012.645119	53.2995	6.833333	3	0.742378175
2023.435369	53.2	6.78	3	0.739097177
2017.491698	53.316	6.724	3	0.738672951
2020.910534	53.332	6.726	3	0.738604375
2016.474466	53.344	6.811	3	0.737806889
2016.893869	53.299	6.577	3	0.737386761
2022.716184	53.399	6.69	3	0.736684595
2013.328938	53.27417	6.735	3	0.735644519
2015.418849	53.313	6.834	3	0.735593987
2022.164462	53.37	6.715	3	0.732228073
2013.335066	53.33484	6.793334	3	0.730074167
2016.61828	53.234	7.019	3	0.725429301
2009.984215	53.22717	6.75	3	0.724258184
2015.855726	53.249	6.952	3	0.724243461
2013.143422	53.36383	6.753334	3	0.722903132
2015.542964	53.268	6.865	3	0.720951794
1998.083808	53.2365	6.745	3	0.72
2018.1828	53.122	6.943	3	0.719834692
2014.246523	53.23767	6.671667	3	0.717149675
2018.429971	53.237	6.643	3	0.716672364
2013.552646	53.28717	6.778333	3	0.716612816
2018.361181	53.355	6.764	3	0.716399641
2012.582866	53.33267	6.8	3	0.716015637
2023.287062	53.266	6.827	3	0.714006797
2016.23041	53.244	6.645	3	0.713514238
1999.607951	53.34617	6.701667	3	0.711317122
2017.430215	53.3	6.74	3	0.710367144
2014.49232	53.21283	6.821667	3	0.709839821
2016.131683	53.31	6.738	3	0.707956283
2021.915857	53.348	6.631	3	0.707937282
2003.262724	53.206	6.763333	3	0.706921876
2001.944934	53.21667	6.788333	3	0.706079066
2021.833403	53.305	6.751	3	0.704783035
2003.161294	53.35483	6.73	3	0.703721225
2012.881052	53.27167	6.89	3	0.703017175
2016.28257	53.272	6.958	3	0.701807448
2021.142007	53.232	6.993	3	0.701731969
2022.442752	53.361	6.732	3	0.699128837
2019.102847	53.35	6.714	3	0.698894827
2020.350434	53.35	6.976	3	0.698482413
2011.846638	53.22567	6.681667	3	0.697822571
2013.452925	53.3185	6.833333	3	0.694418013
2016.247269	53.268	6.624	3	0.693963804
2012.83129	53.2975	6.763333	3	0.691129684
2018.235712	53.263	6.8	3	0.690482437
2016.859753	53.239	6.874	3	0.69021288
2016.136636	53.355	6.627	3	0.687108398
2018.372223	53.276	6.933	3	0.685454125
2013.436614	53.20933	6.701667	3	0.685405374
2003.289339	53.28133	6.775	3	0.683294773
2022.292464	53.35	6.713	3	0.683104952
2013.578416	53.21517	6.828333	3	0.683087289
2017.982988	53.287	6.883	3	0.681776614
2003.428754	53.225	6.681667	3	0.680868805
2016.346277	53.342	6.694	3	0.680650218
2017.047329	53.248	6.839	3	0.680299774
2018.024387	53.355	6.752	3	0.680082761
1999.383317	53.1645	6.815	3	0.68
1993.642124	53.33233	6.848333	3	0.68
2018.615538	53.207	6.838	3	0.679932754
2013.463798	53.23033	6.72	3	0.676593304
2017.417189	53.134	6.742	3	0.676031392
2020.503858	53.335	6.749	3	0.67534744
2020.494431	53.288	6.876	3	0.674123564
2009.631283	53.2315	6.631667	3	0.671803772
2017.980816	53.305	6.833	3	0.671731466
2012.514085	53.3315	6.773334	3	0.671446264
2017.876869	53.269	6.937	3	0.670752111
2018.452427	53.288	6.877	3	0.66893228
2017.522557	53.332	6.741	3	0.666264649
2013.496791	53.32583	6.753334	3	0.664461017
2012.418344	53.1845	6.816667	3	0.664279699
2019.492593	53.239	6.633	3	0.659617784
2015.576726	53.184	6.772	3	0.659538284
2013.427773	53.292	6.78	3	0.656207681
2017.513612	53.21	6.83	3	0.655692359
2017.073145	53.156	6.851	3	0.655603232
2007.248199	53.2295	6.69	3	0.655346036
2017.9311	53.228	7.022	3	0.654389367
2015.8107	53.217	6.881	3	0.654355964
2015.262094	53.21617	6.661667	3	0.653571427
2004.901715	53.1945	6.771667	3	0.649987936
2013.598361	53.17867	6.781667	3	0.648707986
2019.569999	53.287	6.962	3	0.645434667
2023.141987	53.289	6.815	3	0.644626867
2020.41405	53.372	6.734	3	0.643496788
2015.583338	53.277	6.637	3	0.643184847
2015.551438	53.242	6.656	3	0.642896794
2015.143094	53.183	6.805	3	0.641265333
2019.41831	53.285	6.937	3	0.64084132
2017.270669	53.281	6.908	3	0.640414047
2016.996247	53.292	6.81	3	0.639387996
2021.595925	53.247	6.613	3	0.638223101
2007.093634	53.34633	6.658333	3	0.636801243
2020.990664	53.174	6.868	3	0.635651622
2013.309437	53.15667	6.8	3	0.630988658
2012.626334	53.36	6.653333	3	0.629868805
2016.64296	53.224	7.027	3	0.625450263
2023.334893	53.317	6.748	3	0.624456616
2018.513938	53.187	6.897	3	0.624074601
2021.908748	53.306	6.752	3	0.621990116
2014.87633	53.22783	6.761667	3	0.621252954
2022.063707	53.325	6.752	3	0.619675695
2018.247458	53.35	6.741	3	0.619502066
2015.491391	53.227	6.733	3	0.618107526
2017.533416	53.282	6.994	3	0.6179185
2016.227471	53.29	6.879	3	0.617722266
2021.196442	53.334	6.738	3	0.617526031
2015.547127	53.323	6.851	3	0.616913603
2021.984089	53.33	6.827	3	0.616517719
2012.970844	53.169	6.855	3	0.614479721
2017.274889	53.209	6.762	3	0.614124464
2022.354352	53.328	6.752	3	0.612909524
2016.050116	53.362	6.77	3	0.611920601
2016.051786	53.242	6.714	3	0.610844168
1994.161876	53.37017	6.72	3	0.61
2016.94792	53.264	6.977	3	0.607512573
2018.470765	53.224	6.699	3	0.606925881
2022.840577	53.266	6.609	3	0.606579412
2017.03842	53.214	6.84	3	0.605710213
2019.524842	53.322	6.765	3	0.603454412
2017.094851	53.371	6.736	3	0.603355114
2012.540995	53.3195	6.768333	3	0.602689028
2016.893311	53.274	7.011	3	0.602040403
2019.049283	53.166	6.942	3	0.601661858
2019.378256	53.317	6.739	3	0.60150032
2015.624249	53.35	6.761	3	0.600927943
2020.006001	53.186	6.85	3	0.600782062
2016.813567	53.289	6.862	3	0.600057394
2010.896438	53.2805	6.955	3	0.6
2019.635601	53.276	6.885	3	0.598622538
2016.955367	53.343	6.807	3	0.598462762
2016.647586	53.372	6.724	3	0.59787689
2015.057921	53.2455	6.821667	3	0.596170187
2015.863849	53.207	6.705	3	0.595747118
2019.946436	53.277	6.78	3	0.592267137
2018.944882	53.277	6.617	3	0.591898427
2015.205334	53.2785	6.79	3	0.59167099
2015.858834	53.235	6.797	3	0.591476422
2018.711783	53.381	6.713	3	0.59096043
2017.842008	53.328	6.873	3	0.590404845
2020.81518	53.251	6.664	3	0.588925718
2017.738343	53.297	6.88	3	0.587650397
2022.924199	53.25	6.644	3	0.586304429
2016.961664	53.211	6.652	3	0.582831694
2021.873454	53.294	6.776	3	0.58264657
2018.899783	53.375	6.659	3	0.581574957
2018.785108	53.295	6.798	3	0.581092375
2012.746881	53.20767	6.751667	3	0.57909894
2014.061355	53.37683	6.736667	3	0.577319086
2017.533613	53.221	6.841	3	0.576885549
2013.452955	53.23	6.871666	3	0.576442123
2020.257201	53.329	6.809	3	0.575060252
2015.61394	53.333	6.818	3	0.574007632
2017.203346	53.169	6.888	3	0.572785683
2017.195712	53.251	6.938	3	0.572537532
2016.027324	53.185	6.813	3	0.568799916
2017.055955	53.254	6.874	3	0.568491265
2015.50503	53.261	6.617	3	0.568348156
2021.766586	53.351	6.747	3	0.568046816
2020.32127	53.187	6.795	3	0.565201127
2012.405395	53.27767	6.815	3	0.564418852
2021.400178	53.314	6.789	3	0.561829976
2016.904325	53.343	6.805	3	0.56146926
2021.593493	53.361	6.712	3	0.561159117
2021.874923	53.31	6.749	3	0.559859423
2020.536649	53.342	6.731	3	0.559852099
2021.407436	53.346	6.695	3	0.558153454
2018.288268	53.205	6.708	3	0.557318196
2022.291645	53.263	6.625	3	0.556768049
2016.959836	53.254	6.984	3	0.552722454
2016.827812	53.288	6.846	3	0.550506111
2018.547999	53.207	6.713	3	0.549896314
2017.702264	53.344	6.741	3	0.549283048
2019.930939	53.339	6.632	3	0.546989553
2022.243818	53.366	6.706	3	0.54695466
2015.072918	53.17833	6.793334	3	0.544660091
2018.977086	53.354	6.626	3	0.542801951
2005.134933	53.23117	6.75	3	0.54167217
2022.438936	53.367	6.69	3	0.540399304
2012.183198	53.264	6.798333	3	0.538627803
2018.774357	53.347	6.732	3	0.538022687
2018.059971	53.248	6.89	3	0.537861049
2017.299017	53.319	6.724	3	0.537580097
2018.773653	53.347	6.734	3	0.536910288
2014.320765	53.18367	6.701667	3	0.536839485
2018.705058	53.181	6.799	3	0.536821203
2019.856923	53.247	6.998	3	0.532895099
2021.82004	53.38	6.704	3	0.531454952
2023.459014	53.327	6.818	3	0.530478271
2019.357112	53.357	6.621	3	0.529332262
2016.542781	53.182	6.887	3	0.528549082
2015.492914	53.276	6.685	3	0.528433495
2015.920452	53.25	6.641	3	0.526061748
2014.666173	53.2355	6.625	3	0.524405241
2019.794045	53.316	6.863	3	0.522346968
2016.258751	53.315	6.656	3	0.520277167
2018.72033	53.161	6.758	3	0.519055906
2016.21812	53.254	6.852	3	0.515909611
2020.766156	53.251	6.859	3	0.515229211
2020.847874	53.321	6.766	3	0.515119935
2019.380656	53.229	6.663	3	0.514165924
2019.241143	53.322	6.876	3	0.508696952
2011.310138	53.15567	6.853333	3	0.507965207
2016.759385	53.293	6.784	3	0.507143035
2012.907831	53.22983	6.805	3	0.506681621
2015.509744	53.183	6.831	3	0.505873312
2004.330392	53.22983	6.711667	3	0.505548537
2017.168389	53.306	6.869	3	0.504726693
2015.676657	53.169	6.727	3	0.503653129
2018.186013	53.223	6.949	3	0.502994544
2018.640269	53.378	6.754	3	0.502138132
2018.297462	53.271	6.868	3	0.501920939
2012.579415	53.17683	6.783333	3	0.50076431
1996.305681	53.37583	6.595	3	0.5
2017.060122	53.18	6.781	3	0.497268942
2015.544809	53.193	6.761	3	0.497010578
2018.133708	53.241	6.933	3	0.496470448
2016.206362	53.264	6.792	3	0.494892882
2013.31016	53.1755	6.793334	3	0.494281888
2017.598899	53.317	6.744	3	0.493172513
2015.504255	53.151	6.802	3	0.491464566
2017.901651	53.268	6.669	3	0.490228087
2012.486714	53.15133	6.85	3	0.487457156
2017.792493	53.268	6.623	3	0.487338751
2015.64574	53.324	6.787	3	0.482918368
2019.589891	53.303	6.659	3	0.48206997
2016.002062	53.3	6.68	3	0.481957327
2004.232323	53.27267	6.861667	3	0.48160252
2013.031653	53.168	6.871666	3	0.48071143
2019.356151	53.356	6.623	3	0.480116285
2022.003341	53.248	6.914	3	0.477189765
2015.431429	53.319	6.757	3	0.47578318
2016.780426	53.305	6.725	3	0.475381382
2015.521997	53.173	6.866	3	0.473042427
2016.609203	53.312	6.669	3	0.472272495
2016.45693	53.231	6.833	3	0.470892272
2018.595655	53.275	6.783	3	0.470094419
1997.272229	53.20033	6.865	3	0.47
2019.908947	53.268	6.704	3	0.469576459
2023.348539	53.383	6.764	3	0.467936504
2017.137834	53.223	6.672	3	0.467046805
2017.616979	53.358	6.743	3	0.465839009
2022.280781	53.36	6.734	3	0.458622609
2015.500103	53.209	6.72	3	0.458375808
2016.976692	53.345	6.867	3	0.452541996
2021.898379	53.295	6.798	3	0.452284165
2018.268269	53.408	6.687	3	0.451325948
2020.689205	53.228	6.68	3	0.447430803
2017.496174	53.22	6.746	3	0.445526896
2016.492218	53.267	6.977	3	0.44540994
2016.312227	53.29	6.851	3	0.443373224
2023.269634	53.266	6.906	3	0.442624952
2007.378457	53.163	6.828333	3	0.441726983
1999.082693	53.255	6.825	3	0.44085595
2018.099228	53.336	6.762	3	0.437586379
2015.949042	53.37	6.653	3	0.437189006
2016.60165	53.17	6.892	3	0.43667555
2004.182944	53.2925	6.895	3	0.436610371
2021.702424	53.327	6.915	3	0.434515099
2012.224251	53.20967	6.748333	3	0.433953345
2022.531015	53.264	6.746	3	0.433466926
2017.919594	53.308	6.879	3	0.432246302
2015.550092	53.281	6.66	3	0.430252218
2019.768689	53.261	6.781	3	0.428905928
2015.537642	53.341	6.715	3	0.428682319
2021.821039	53.35	6.739	3	0.427015144
2023.550759	53.406	6.689	3	0.42353185
2015.650956	53.218	6.838	3	0.423423637
2003.240606	53.2375	6.681667	3	0.418709964
2015.439117	53.343	6.713	3	0.416339981
2022.786224	53.32	6.77	3	0.413540948
2016.131673	53.311	6.738	3	0.411263126
2015.515035	53.3	6.835	3	0.41104724
2021.499216	53.297	6.804	3	0.410536917
2019.165597	53.319	6.853	3	0.409793111
2016.097558	53.228	6.666	3	0.409298242
2018.926839	53.328	6.83	3	0.406803301
2017.398146	53.211	6.754	3	0.406760452
2022.968841	53.311	6.78	3	0.402542702
2015.112484	53.37383	6.808333	3	0.402367413
2017.554915	53.196	6.827	3	0.398673751
2016.37422	53.285	6.905	3	0.397516363
2019.663047	53.176	6.9	3	0.397345483
2018.960546	53.277	6.825	3	0.39731732
2019.150085	53.339	6.761	3	0.396395503
2020.699029	53.182	6.877	3	0.394284634
2022.351546	53.326	6.777	3	0.394170424
2019.191537	53.367	6.765	3	0.390296125
2019.911174	53.258	6.909	3	0.388952059
2019.71994	53.149	6.887	3	0.387636593
2017.143661	53.304	6.754	3	0.385943608
2016.667366	53.205	6.714	3	0.385780072
2020.322594	53.302	6.567	3	0.382976331
2019.514514	53.273	6.895	3	0.381740181
2016.763512	53.239	6.813	3	0.381051116
2016.188096	53.212	6.839	3	0.381043152
2018.139684	53.184	6.827	3	0.378571994
2017.564804	53.339	6.687	3	0.377542366
2022.991507	53.257	6.637	3	0.377165591
2017.384032	53.296	6.904	3	0.370846039
2016.928846	53.257	6.913	3	0.368563957
2023.136194	53.325	6.815	3	0.36104774
2006.306531	53.38233	6.598333	3	0.360046417
2019.656017	53.336	6.639	3	0.360022284
2017.975599	53.357	6.75	3	0.358490606
2016.331456	53.405	6.707	3	0.354927412
2013.160144	53.2055	6.768333	3	0.35180983
2003.246456	53.36367	6.851666	3	0.348739564
2016.900318	53.246	6.644	3	0.347150325
2020.360156	53.292	6.786	3	0.346873314
2016.556345	53.28	6.855	3	0.344285853
2021.875081	53.307	6.749	3	0.341152876
2012.486728	53.1505	6.851666	3	0.339553267
2020.176836	53.256	6.912	3	0.336634961
2017.492051	53.148	6.938	3	0.335441855
2015.775347	53.17	6.853	3	0.33442587
2016.164442	53.328	6.714	3	0.334154728
2016.752428	53.328	6.779	3	0.327840162
2003.259278	53.20917	6.63	3	0.327439785
2006.038843	53.17667	6.766667	3	0.326938242
2021.544259	53.157	6.896	3	0.326489718
2020.161165	53.164	6.962	3	0.323484812
2018.594751	53.261	6.812	3	0.322719909
2003.100778	53.25933	6.768333	3	0.3217448
2015.769388	53.296	6.835	3	0.319352238
2021.633633	53.316	6.724	3	0.317139557
2015.641472	53.176	6.807	3	0.316624597
2003.083886	53.23217	6.781667	3	0.316422284
2017.362454	53.313	6.725	3	0.312177852
2021.40978	53.426	6.753	3	0.310273501
2015.613167	53.329	6.812	3	0.302710727
2022.069571	53.233	6.868	3	0.301035938
2012.305687	53.3515	6.833333	3	0.297461629
2022.536678	53.346	6.759	3	0.292454183
2023.347017	53.317	6.66	3	0.291963818
2020.310964	53.319	6.867	3	0.290138482
2023.057749	53.23	6.824	3	0.281177173
2019.110679	53.395	6.666	3	0.280942725
1999.934253	53.17916	6.801667	3	0.277647764
2021.913459	53.229	6.666	3	0.276709931
2017.639728	53.271	6.95	3	0.275521154
2017.619102	53.36	6.742	3	0.274474711
2018.532815	53.361	6.744	3	0.272782104
2016.513792	53.337	6.66	3	0.26561113
2016.456644	53.226	6.681	3	0.26442352
2016.161001	53.182	6.778	3	0.262649321
2016.272389	53.295	6.775	3	0.261031618
2021.842429	53.205	6.761	3	0.25908029
2021.678957	53.334	6.755	3	0.256895478
2017.624176	53.307	6.673	3	0.255072495
2021.532988	53.31	6.748	3	0.248897483
2021.075597	53.35	6.788	3	0.247988997
2016.943923	53.235	6.935	3	0.24652399
2020.47268	53.276	6.988	3	0.244528864
2021.927063	53.285	7.006	3	0.242543616
2011.881298	53.20567	6.773334	3	0.24
2021.991937	53.309	6.703	3	0.231116576
2018.104281	53.295	6.764	3	0.220069251
2018.526265	53.239	6.684	3	0.21874838
2015.772386	53.266	6.926	3	0.218446569
2017.666616	53.179	6.813	3	0.217993711
2023.147503	53.289	6.815	3	0.214295403
2021.875272	53.307	6.748	3	0.213125688
2016.697397	53.278	6.744	3	0.201193618
2016.139534	53.358	6.739	3	0.197729465
2022.435669	53.326	6.776	3	0.193936845
2015.772743	53.258	6.8	3	0.188684493
2001.926208	53.20417	6.785	3	0.187508494
2016.458852	53.249	6.863	3	0.184720114
2016.572158	53.281	6.86	3	0.179511815
2016.171333	53.191	6.772	3	0.17729842
2015.652157	53.231	6.741	3	0.173457598
1997.902418	53.25433	6.765	3	0.17
2016.618541	53.22	6.678	3	0.164798729
2023.34654	53.217	6.694	3	0.156073763
2022.164218	53.371	6.713	3	0.153373847
2016.929978	53.339	6.838	3	0.133574928
2017.075257	53.302	6.776	3	0.131389435
2016.463288	53.345	6.799	3	0.127465505
2016.55989	53.219	6.898	3	0.125900856
2016.133821	53.317	6.746	3	0.118695252
2018.22958	53.321	6.759	3	0.116567158
2017.362399	53.31	6.723	3	0.109115029
2022.603449	53.24	6.823	3	0.100432458
2003.298463	53.2465	6.75	3	0.098949373
2018.294023	53.309	6.862	3	0.094371366
2017.258568	53.29	6.791	3	0.08465549
2003.260111	53.2715	6.795	3	0.070103437
2020.355723	53.207	6.842	3	0.056509088
2015.484384	53.226	6.721	3	0.024468533
2005.138952	53.17617	6.795	3	0.018200422
2002.66019	53.24683	6.746666	3	0.006053953
2003.295688	53.23817	6.753334	3	0.00371037
2001.926209	53.20417	6.785	3	-0.012296719
1996.987208	53.26117	6.765	3	-0.17
1997.228636	53.2515	6.748333	3	-0.18
				
				
			
			
			
			
			
			
			