1963.0007	0
1963.0856	0
1963.1622	0
1963.2471	0
1963.3292	0
1963.4141	0
1963.4962	0
1963.5811	0
1963.6660	298620
1963.7481	622000
1963.8330	0
1963.9151	0
1964.0000	0
1964.0849	0
1964.1643	0
1964.2491	0
1964.3313	0
1964.4162	0
1964.4983	0
1964.5832	0
1964.6680	0
1964.7502	0
1964.8350	0
1964.9172	0
1965.0021	0
1965.0869	0
1965.1636	0
1965.2485	0
1965.3306	0
1965.4155	0
1965.4976	0
1965.5825	0
1965.6674	0
1965.7495	0
1965.8344	363801600
1965.9165	501174600
1966.0014	774759790
1966.0862	183164240
1966.1629	205318350
1966.2478	170309070
1966.3299	139513850
1966.4148	131410050
1966.4969	122047760
1966.5818	159477930
1966.6667	189748680
1966.7488	286826480
1966.8337	452326950
1966.9158	526439270
1967.0007	578995370
1967.0856	499848320
1967.1622	512304470
1967.2471	470150100
1967.3292	374469050
1967.4141	351902450
1967.4962	340609730
1967.5811	426167910
1967.6660	483095340
1967.7481	690406170
1967.8330	975640570
1967.9151	1199573700
1968.0000	1349736740
1968.0849	1281763490
1968.1643	1211418690
1968.2491	958854000
1968.3313	994300440
1968.4162	801197240
1968.4983	779681570
1968.5832	818448820
1968.6680	964391260
1968.7502	1340335640
1968.8350	1839349510
1968.9172	2253529390
1969.0021	2105288870
1969.0869	2152789950
1969.1636	2288093130
1969.2485	1766559140
1969.3306	1494398000
1969.4155	1297492980
1969.4976	1211029020
1969.5825	1260462100
1969.6674	1583521810
1969.7495	1901233760
1969.8344	2576357170
1969.9165	3513918550
1970.0014	3502113630
1970.0862	3181166230
1970.1629	3392956750
1970.2478	2943496990
1970.3299	2163855470
1970.4148	1909301380
1970.4969	1973478060
1970.5818	1922210830
1970.6667	2302157660
1970.7488	3068245390
1970.8337	3529113270
1970.9158	4364756050
1971.0007	4666110990
1971.0856	4140453000
1971.1622	4736449560
1971.2471	3719413420
1971.3292	3034896450
1971.4141	3143368660
1971.4962	2883518090
1971.5811	2952609010
1971.6660	3352359420
1971.7481	4201038840
1971.8330	5168521620
1971.9151	5337460600
1972.0000	6101833010
1972.0849	5394417820
1972.1643	5359071210
1972.2491	4953953380
1972.3313	4381604260
1972.4162	3848120340
1972.4983	3514114250
1972.5832	3747927800
1972.6680	4472121790
1972.7502	5532075130
1972.8350	6183313030
1972.9172	6887882680
1973.0021	7354162600
1973.0869	6766023240
1973.1636	6579111380
1973.2485	6188804990
1973.3306	5065972460
1973.4155	4070171930
1973.4976	3879208030
1973.5825	3942797110
1973.6674	4340537880
1973.7495	6422625570
1973.8344	7557760900
1973.9165	8528899880
1974.0014	8329117150
1974.0862	7395247900
1974.1629	7942178100
1974.2478	6532568500
1974.3299	6276360600
1974.4148	5121842200
1974.4969	5070499000
1974.5818	4977613100
1974.6667	5914188100
1974.7488	8146859200
1974.8337	8361988990
1974.9158	8349989350
1975.0007	8704235240
1975.0856	8350296700
1975.1622	8924386800
1975.2471	7736573800
1975.3292	6073142000
1975.4141	5188028700
1975.4962	4426231600
1975.5811	4292747300
1975.6660	5155308500
1975.7481	7284213300
1975.8330	8480857000
1975.9151	9431017900
1976.0000	9736202200
1976.0849	9224179300
1976.1643	9504544000
1976.2491	7476339600
1976.3313	5976767500
1976.4162	5110745300
1976.4983	4482295800
1976.5832	4795696800
1976.6680	6008919700
1976.7502	6886644400
1976.8350	8334443900
1976.9172	10199189900
1977.0021	10165951380
1977.0869	8464455764
1977.1636	8285432319
1977.2485	7896385333
1977.3306	5945505694
1977.4155	5007355227
1977.4976	4110893873
1977.5825	4231739189
1977.6674	5271460827
1977.7495	6295414644
1977.8344	8258561392
1977.9165	9379902399
1978.0014	10132077995
1978.0862	9146918016
1978.1629	8121281381
1978.2478	6556126903
1978.3299	5608807762
1978.4148	4122882066
1978.4969	3526948648
1978.5818	3364999618
1978.6667	4285493453
1978.7488	5794925534
1978.8337	7348550824
1978.9158	8756995162
1979.0007	10949611552
1979.0856	9345220794
1979.1622	8364893883
1979.2471	6322221532
1979.3292	4520075106
1979.4141	3163652680
1979.4962	2852494847
1979.5811	2949712485
1979.6660	3772168965
1979.7481	5552561543
1979.8330	7175877055
1979.9151	7199993320
1980.0000	8989614900
1980.0849	6721336200
1980.1643	7317139803
1980.2491	5647072000
1980.3313	4491898697
1980.4162	3437297100
1980.4983	2999112100
1980.5832	2352818200
1980.6680	2859408600
1980.7502	5036639400
1980.8350	7183269800
1980.9172	8008192800
1981.0021	9034677500
1981.0869	8435299009
1981.1636	6483199589
1981.2485	4747510096
1981.3306	3082473286
1981.4155	2457110646
1981.4976	1811656800
1981.5825	1717076296
1981.6674	2744419593
1981.7495	4791853800
1981.8344	5894268297
1981.9165	7853211891
1982.0014	7564650203
1982.0862	6149570604
1982.1629	5830393792
1982.2478	4465686700
1982.3299	2873532395
1982.4148	2075564200
1982.4969	1561491491
1982.5818	1456449500
1982.6667	2176870303
1982.7488	3151348169
1982.8337	4502145110
1982.9158	6561611301
1983.0007	5907073099
1983.0856	6877734109
1983.1622	5894119594
1983.2471	4522985302
1983.3292	3778324195
1983.4141	2259437803
1983.4962	1594924700
1983.5811	1656389100
1983.6660	2673712703
1983.7481	3300336109
1983.8330	4974602795
1983.9151	6616695004
1984.0000	7313966700
1984.0849	7283269706
1984.1643	6772390396
1984.2491	4415224408
1984.3313	3706440605
1984.4162	2753730703
1984.4983	1949435589
1984.5832	1537301973
1984.6680	2325589640
1984.7502	3090603555
1984.8350	3822412442
1984.9172	4836750259
1985.0021	8996053651
1985.0869	7329378799
1985.1636	6455300558
1985.2485	3987584249
1985.3306	2890150308
1985.4155	2258310088
1985.4976	1186679695
1985.5825	1617459924
1985.6674	2350666671
1985.7495	3202894415
1985.8344	6327481194
1985.9165	5305494501
1986.0014	6197948324
1986.0862	7596266257
1986.1629	4544216025
1986.2478	4148092189
1986.3299	1316465171
1986.4148	1674075712
1986.4969	1278315971
1986.5818	1047798815
1986.6667	2503694669
1986.7488	2372214666
1986.8337	3813518776
1986.9158	5053633764
1987.0007	7666901225
1987.0856	5470248254
1987.1622	6342020585
1987.2471	2259820288
1987.3292	1785253195
1987.4141	1327737970
1987.4962	825790479
1987.5811	955175750
1987.6660	1219978397
1987.7481	2290679794
1987.8330	4200338485
1987.9151	4722509685
1988.0000	3918459365
1988.0849	4425805336
1988.1643	3857056756
1988.2491	2069445738
1988.3313	1279249597
1988.4162	1137542883
1988.4983	1191176380
1988.5832	813694907
1988.6680	1412283115
1988.7502	2275831124
1988.8350	3987745556
1988.9172	3973297309
1989.0021	4351774086
1989.0869	3855253080
1989.1636	3104612113
1989.2485	2820703583
1989.3306	1039127991
1989.4155	885714518
1989.4976	658395452
1989.5825	691518708
1989.6674	821690320
1989.7495	1389996675
1989.8344	3595912852
1989.9165	4665497295
1990.0014	4758418988
1990.0862	3079063913
1990.1629	2519033058
1990.2478	1504866066
1990.3299	308042638
1990.4148	898567640
1990.4969	709754422
1990.5818	652766531
1990.6667	1897906666
1990.7488	2621502879
1990.8337	4588884060
1990.9158	5528531312
1991.0007	5488201622
1991.0856	6254172683
1991.1622	2482141221
1991.2471	2194984826
1991.3292	2076511142
1991.4141	2023789435
1991.4962	1366311698
1991.5811	916419097
1991.6660	1158444572
1991.7481	2898692589
1991.8330	5382992082
1991.9151	6337578472
1992.0000	6746132906
1992.0849	5129955646
1992.1643	4084728425
1992.2491	2865232466
1992.3313	1926387173
1992.4162	1614597700
1992.4983	1299942413
1992.5832	1322017067
1992.6680	1812546787
1992.7502	4249739754
1992.8350	4800239652
1992.9172	5658589335
1993.0021	5859714963
1993.0869	5957129679
1993.1636	4461483418
1993.2485	2562549633
1993.3306	1182872687
1993.4155	1344960868
1993.4976	1143929262
1993.5825	1397550712
1993.6674	3125889105
1993.7495	4068903390
1993.8344	6322241273
1993.9165	5680536039
1994.0014	5290500962
1994.0862	5386901133
1994.1629	3838615268
1994.2478	3152892118
1994.3299	1396276126
1994.4148	1048903804
1994.4969	708167962
1994.5818	764212652
1994.6667	1805075593
1994.7488	3666999777
1994.8337	2799484748
1994.9158	4652164782
1995.0007	5776047186
1995.0856	3615806959
1995.1622	4107885826
1995.2471	2348307510
1995.3292	1650752741
1995.4141	1399918363
1995.4962	594928239
1995.5811	661878620
1995.6660	1282193913
1995.7481	1931093128
1995.8330	3888479701
1995.9151	6839870261
1996.0000	6939367786
1996.0849	6714468004
1996.1643	5616526250
1996.2491	2763937218
1996.3313	2366176989
1996.4162	1105810670
1996.4983	1065224285
1996.5832	1033277722
1996.6680	1728212799
1996.7502	2688003067
1996.8350	4071007849
1996.9172	6043530244
1997.0021	6868046258
1997.0869	3660853014
1997.1636	2676040063
1997.2485	2564671264
1997.3306	1251626310
1997.4155	842775347
1997.4976	1295089882
1997.5825	1972216363
1997.6674	1496415739
1997.7495	2987494628
1997.8344	4259144130
1997.9165	4826005026
1998.0014	4296965022
1998.0862	2871160808
1998.1629	2733217886
1998.2478	2038665913
1998.3299	1257210578
1998.4148	911627689
1998.4969	948987211
1998.5818	1351924499
1998.6667	2020779374
1998.7488	2828129037
1998.8337	4862399161
1998.9158	4801638632
1999.0007	3766638301
1999.0856	3829184182
1999.1622	2582131927
1999.2471	1491004067
1999.3292	702231620
1999.4141	573138158
1999.4962	775746706
1999.5811	809481712
1999.6660	750957482
1999.7481	1282900696
1999.8330	2995956167
1999.9151	4343493965
2000.0000	4249063072
2000.0849	3374333561
2000.1643	3008896338
2000.2491	1382999675
2000.3313	636208769
2000.4162	431276895
2000.4983	438281001
2000.5832	382009438
2000.6680	557882901
2000.7502	1106010416
2000.8350	2214202706
2000.9172	3489800620
2001.0021	4611685239
2001.0869	3057043059
2001.1636	3044915743
2001.2485	2233105755
2001.3306	613668997
2001.4155	516315985
2001.4976	353902109
2001.5825	708673317
2001.6674	992904680
2001.7495	716886718
2001.8344	3152764625
2001.9165	4507614607
2002.0014	4867793977
2002.0862	2967989432
2002.1629	2417970268
2002.2478	1305107017
2002.3299	862794123
2002.4148	556547648
2002.4969	880969122
2002.5818	836765745
2002.6667	1071258697
2002.7488	2257149058
2002.8337	3323681610
2002.9158	5633429412
2003.0007	6025165739
2003.0856	5832140632
2003.1622	2974478678
2003.2471	1682429525
2003.3292	454165720
2003.4141	383533880
2003.4962	305664028
2003.5811	402888067
2003.6660	687506237
2003.7481	2665461554
2003.8330	3027738380
2003.9151	4599323162
2004.0000	5406626867
2004.0849	3568621047
2004.1643	3557305013
2004.2491	1498830929
2004.3313	1188566153
2004.4162	414430472
2004.4983	1311850516
2004.5832	1458900704
2004.6680	2010819513
2004.7502	2314158216
2004.8350	4121889221
2004.9172	6011129563
2005.0021	5010267453
2005.0869	4987485626
2005.1636	3734389639
2005.2485	2079750487
2005.3306	1543945879
2005.4155	1243649167
2005.4976	1160078606
2005.5825	1166140291
2005.6674	1190869293
2005.7495	1445450225
2005.8344	4314512499
2005.9165	5907546765
2006.0014	6681438821
2006.0862	5524900383
2006.1629	5041390885
2006.2478	2643097716
2006.3299	1078331099
2006.4148	824880002
2006.4969	747960909
2006.5818	999347834
2006.6667	919372617
2006.7488	986531738
2006.8337	3169686014
2006.9158	4617572030
2007.0007	4449435924
2007.0856	3391080935
2007.1622	2368593365
2007.2471	1134651916
2007.3292	364173795
2007.4141	398711922
2007.4962	374994599
2007.5811	520910479
2007.6660	1518717783
2007.7481	2850315509
2007.8330	5072527520
2007.9151	6473572524
2008.0000	5743995025
2008.0849	4443820659
2008.1643	4079525431
2008.2491	2301162418
2008.3313	1239941131
2008.4162	1845319242
2008.4983	2027873451
2008.5832	1791214358
2008.6680	2787194719
2008.7502	3924902821
2008.8350	4624514951
2008.9172	6393787594
2009.0021	6626369325
2009.0869	5598463473
2009.1636	3939419980
2009.2485	1499666937
2009.3306	839292713
2009.4155	1079556426
2009.4976	1345083290
2009.5825	1202758993
2009.6674	1530149195
2009.7495	2899007827
2009.8344	4569864484
2009.9165	6541182924
2010.0014	7075044265
2010.0862	6495753397
2010.1629	5644057027
2010.2478	3610349188
2010.3299	3109276139
2010.4148	2199987126
2010.4969	1719314187
2010.5818	1885750672
2010.6667	2265182237
2010.7488	4052885288
2010.8337	5419362487
2010.9158	7382121506
2011.0007	6775906962
2011.0856	5908229918
2011.1622	5588901976
2011.2471	3227063597
2011.3292	2466327733
2011.4141	2233342203
2011.4962	2302639522
2011.5811	2128709652
2011.6660	2180531019
2011.7481	3399607498
2011.8330	4842919813
2011.9151	5739460926
2012.0000	6273616467
2012.0849	6518428612
2012.1643	4981137853
2012.2491	3815391439
2012.3313	2814601254
2012.4162	2476238338
2012.4983	2286697818
2012.5832	2077670497
2012.6680	2239162760
2012.7502	3868980290
2012.8350	5203207421
2012.9172	5227244640
2013.0021	5844195803
2013.0869	5378927037
2013.1636	6005528085
2013.2485	5008102815
2013.3306	4178293279
2013.4155	3267975431
2013.4976	3106345670
2013.5825	2871212622
2013.6674	3005073553
2013.7495	3601438348
2013.8344	5384940912
2013.9165	6218636882
2014.0014	5566384769
2014.0862	4522760238
2014.1629	4099080195
2014.2478	3253827031
2014.3299	3248860670
2014.4148	2334149781
2014.4969	2119007948
2014.5818	2199747794
2014.6667	2298058266
2014.7488	3194830517
2014.8337	4290145993
2014.9158	5282026963
2015.0007	4613298191
2015.0856	2684546826
2015.1622	2115651564
2015.2471	2154811207
2015.3292	2569094159
2015.4141	2347852967
2015.4962	2287544335
2015.5811	1746843278
2015.6660	1705321147
2015.7481	1473238486
2015.8330	2215003367
2015.9151	2189672942
2016.0000	2481225134
2016.0849	2317954606
2016.1643	2367590421
2016.2491	2672387077
2016.3313	2682596343
2016.4162	2298227276
2016.4983	2187720076
2016.5832	2148615805
2016.6680	1946443710
2016.7502	1856332985
2016.8350	2245251513
2016.9172	2388341369
2017.0021	2417514593
2017.0869	2407803357
2017.1636	2062324005
2017.2485	2119821934
2017.3306	1659365567
2017.4155	2347852967
2017.4976	2287544335
2017.5825	1746843278
2017.6674	1705321147
2017.7495	1473238486
2017.8344	2215003367
2017.9165	2189672942
2018.0014	2481225134
2018.0862	2317954606
2018.1629	2367590421
2018.2478	2672387077
2018.3299	2682596343
2018.4148	2298227276
2018.4969	2187720076
2018.5818	2148615805
2018.6667	1946443710
2018.7488	1751000000
2018.8337	2502900000
2018.9158	2369000000
2019.0007	2698600000
2019.0856	2461700000
2019.1622	2647100000
2019.2471	2565000000
2019.3292	2071000000
2019.4141	1881000000
2019.4962	1852500000
2019.5811	1881000000
2019.6660	1995000000
2019.7481	1545000000
2019.8330	2266000000
2019.9151	2163000000
2020.0000	2514500000
2020.0849	2332600000
2020.1643	2407500000
2020.2491	2435400000
2020.3313	1930500000
2020.4162	1801800000
2020.4983	1782000000
2020.5832	1801800000
2020.6680	1930500000
2020.7502	1177000000
2020.8350	1722700000
2020.9172	1690600000
2021.0021	1861800000
2021.0869	1701300000
2021.1636	1819000000
2021.2485	2079000000
2021.3306	1663200000
2021.4155	1584000000
2021.4976	1593900000
2021.5825	1593900000
2021.6674	1593900000
2021.7495	877400000
2021.8344	1358900000
2021.9165	1262600000
2022.0014	1433800000
2022.0862	1294700000
2022.1629	1391000000
2022.2478	1683000000
2022.3299	1405800000
2022.4148	1376100000
2022.4969	1395900000
2022.5818	1395900000
2022.6667	1376100000
2022.7488	284800000
2022.8337	516200000
2022.9158	373800000
	
	
	
	
	
	
	
	
	
	
	
	
	
	
	
	
	
	
	
	
	
	
	
	
	
	
	
	
	
	
	
	
	
	
	
	
	
	
	
	
	
	
	
	
	
	
	
	
	
	
	
	
	
	
	
	
	
	
	
	
	
	
	
	
	
	
	
	
	
	
	
	
	
	
	
	
	
	
	
	
	
	
	
	
		
		
		
		
		