   7.5000000e+04   1.1268414e-06
   7.5000000e+04   1.1768715e-06
   7.5000000e+04   1.1013996e-06
   7.5000000e+04   1.7467339e-06
   7.5000000e+04   1.9171999e-06
   7.5000000e+04   1.6030378e-06
   7.5000000e+04   6.9891990e-07
   7.5000000e+04   7.6234798e-07
   7.5000000e+04   6.7016252e-07
   7.5000000e+04   2.5844284e-06
   7.5000000e+04   2.2576977e-06
   7.5000000e+04   1.9981440e-06
   1.5000000e+05   4.3512487e-07
   1.5000000e+05   3.3159126e-07
   1.5000000e+05   1.8891809e-07
   1.5000000e+05   1.8085854e-06
   1.5000000e+05   1.7172242e-06
   1.5000000e+05   2.2680748e-06
   1.5000000e+05   3.9133005e-07
   1.5000000e+05   3.0857661e-07
   1.5000000e+05   3.5734904e-07
   1.5000000e+05   1.8164306e-06
   1.5000000e+05   1.9787616e-06
   1.5000000e+05   2.1093500e-06
   3.0000000e+05   3.3048648e-07
   3.0000000e+05   3.6261137e-07
   3.0000000e+05   3.4539558e-07
   3.0000000e+05   2.7520195e-07
   3.0000000e+05   2.8222567e-07
   3.0000000e+05   2.3664671e-07
   3.0000000e+05   2.1233178e-07
   3.0000000e+05   2.2717847e-07
   3.0000000e+05   2.0449849e-07
   3.0000000e+05   5.6614168e-07
   3.0000000e+05   5.5193675e-07
   3.0000000e+05   5.2590461e-07
