   2.4132500e+06   1.0083639e-07
   3.1027500e+06   8.6483760e-08
   3.1027500e+06   1.0872077e-07
   3.1027500e+06   1.1271787e-08
   3.1027500e+06   1.0911058e-07
   4.3783250e+06   1.8363290e-08
   4.3783250e+06   5.2867808e-08
   4.3783250e+06   5.7128046e-08
   4.3783250e+06   5.6718857e-09
   4.3783250e+06   5.8060043e-08
   6.1020750e+06   8.2990979e-09
   6.1020750e+06   4.0329599e-08
   6.1020750e+06   5.6434839e-08
   6.1020750e+06   3.1789183e-08
   6.1020750e+06   6.5926601e-09
   6.1020750e+06   5.4248520e-08
   6.1020750e+06   3.6940546e-08
   8.6187500e+06   4.2079343e-09
   8.6187500e+06   3.3982083e-08
   8.6187500e+06   2.9031712e-08
   8.6187500e+06   3.7165392e-08
   8.6187500e+06   5.1764332e-09
   8.6187500e+06   3.1634097e-08
   8.6187500e+06   3.6123298e-08
   8.6187500e+06   3.5010463e-08
   1.2066250e+07   8.8271435e-09
   1.2066250e+07   2.1028174e-08
   1.2066250e+07   2.1563085e-08
   1.2066250e+07   1.8036324e-08
   1.2066250e+07   5.0856755e-09
   1.2066250e+07   1.6062913e-08
   1.2066250e+07   1.6357561e-08
   1.2066250e+07   2.8110596e-08
   1.7237500e+07   2.2069766e-09
   1.7237500e+07   1.4858391e-08
   1.7237500e+07   1.6330478e-08
   1.7237500e+07   1.5040191e-08
   1.7237500e+07   3.5390584e-09
   1.7237500e+07   1.3913965e-08
   1.7237500e+07   1.3790686e-08
   1.7237500e+07   1.0958975e-08
   2.4132500e+07   4.4125204e-09
   2.4132500e+07   1.2157370e-08
   2.4132500e+07   9.9658053e-09
   2.4132500e+07   1.0096960e-08
   2.4132500e+07   1.7682752e-09
   2.4132500e+07   9.1041970e-09
   2.4132500e+07   9.8050408e-09
   2.4132500e+07   9.8609461e-09
   2.9303750e+07   3.8438550e-09
   2.9303750e+07   1.1514113e-08
   2.9303750e+07   4.8976103e-09
   2.9303750e+07   5.0784757e-09
   2.9303750e+07   9.3170233e-09
   2.9303750e+07   8.6001411e-09
   2.9303750e+07   9.2291200e-09
   3.2751250e+07   2.5114684e-09
   3.2751250e+07   1.1083552e-08
   3.2751250e+07   4.2156835e-09
   3.2751250e+07   4.4856507e-09
   3.2751250e+07   7.5750091e-09
   3.2751250e+07   6.1021029e-09
   3.2751250e+07   9.5439716e-09
