   1.3287338e+05   2.7923420e-06
   1.5219713e+05   2.0043690e-06
   1.2954768e+05   2.6486751e-06
   1.7345779e+05   2.1703568e-06
   2.1531079e+05   1.9282793e-06
   1.8415126e+05   1.8494435e-06
   2.2306097e+05   1.6905457e-06
   3.0634011e+05   1.3908321e-06
   2.5935403e+05   1.5950533e-06
   2.9182900e+05   1.4165228e-06
   4.5077329e+05   9.5951901e-07
   3.5877337e+05   1.0416089e-06
   3.9779942e+05   1.0658733e-06
   6.0734371e+05   6.2694313e-07
   4.8965272e+05   7.8373859e-07
   5.2857143e+05   6.5525825e-07
   7.4328082e+05   5.1416886e-07
   6.3138416e+05   4.7817679e-07
   6.4919733e+05   5.9195276e-07
   8.5494345e+05   4.1160534e-07
   7.6581108e+05   4.5848442e-07
   7.8447872e+05   5.2895971e-07
   9.7752960e+05   4.6377203e-07
   8.7480596e+05   4.2130860e-07
   9.3328824e+05   3.9753518e-07
   1.1013295e+06   2.7601078e-07
   9.9105011e+05   3.3500678e-07
   1.0888618e+06   3.3072818e-07
   1.2263431e+06   3.2481052e-07
   1.1193996e+06   3.5577554e-07
   1.2523268e+06   2.9709262e-07
   1.3634939e+06   2.7514068e-07
   1.2211045e+06   2.5805334e-07
   1.4203012e+06   2.6613103e-07
   1.4885075e+06   2.6065266e-07
   1.3361128e+06   2.5352048e-07
   1.6130772e+06   2.1281194e-07
   1.6123074e+06   2.6233906e-07
   1.4680797e+06   2.9136973e-07
   1.8069805e+06   1.9079101e-07
   1.7603817e+06   1.7263051e-07
   1.5903489e+06   1.6898009e-07
   1.9681908e+06   2.1527782e-07
   1.9145247e+06   2.2569339e-07
   1.7017166e+06   2.5179740e-07
   2.1372926e+06   1.7925177e-07
   2.0662402e+06   1.4890584e-07
   1.8155095e+06   1.8290693e-07
   2.3323232e+06   1.6138182e-07
   2.2300930e+06   1.8258572e-07
   1.9377612e+06   1.6870066e-07
   2.5239719e+06   1.5297173e-07
   2.4218614e+06   1.4389534e-07
   2.0672710e+06   1.5618721e-07
