   7.5000000e+04   5.0634787e-06
   7.5000000e+04   5.1140340e-06
   7.5000000e+04   5.4096756e-06
   7.5000000e+04   5.7944888e-06
   7.5000000e+04   7.7783023e-06
   7.5000000e+04   7.7494275e-06
   7.5000000e+04   7.7209161e-06
   7.5000000e+04   9.1187720e-06
   1.2500000e+05   2.5622832e-06
   1.2500000e+05   2.5364752e-06
   1.2500000e+05   2.4331229e-06
   1.2500000e+05   2.4960064e-06
   1.2500000e+05   2.2787313e-06
   1.2500000e+05   2.4175128e-06
   1.2500000e+05   1.1376296e-06
   1.2500000e+05   1.0003654e-06
