   6.9355875e+04   3.5842601e-06
   7.4395029e+04   3.5535778e-06
   9.7598473e+04   2.7916794e-06
   1.0540937e+05   2.3987441e-06
   1.5381330e+05   1.7184370e-06
   1.5055790e+05   1.7647385e-06
   2.6565983e+05   1.0873298e-06
   2.0783832e+05   1.2443187e-06
   4.4245159e+05   5.7479853e-07
   3.0987347e+05   8.6033201e-07
   6.3487192e+05   4.2303368e-07
   4.7632396e+05   5.8714892e-07
   8.1363227e+05   3.1248377e-07
   8.0290321e+05   3.3764387e-07
   1.0944621e+06   2.4961281e-07
   1.3751871e+06   1.9328901e-07
   1.6418967e+06   1.6409110e-07
   2.2703760e+06   1.2234790e-07
   2.6083191e+06   1.0133671e-07
   3.3467909e+06   7.2291137e-08
   3.8358568e+06   6.9062588e-08
   4.4247991e+06   6.0804340e-08
   5.1991558e+06   5.1656886e-08
   5.9954066e+06   4.4962565e-08
   6.9738847e+06   3.7649066e-08
   8.1428150e+06   2.9843230e-08
   9.7564766e+06   2.6390106e-08
   1.0528949e+07   2.5451377e-08
