0.10000 5.85349 3.38352 2.68600 849.00000 600.00000 0.00000 0.00000 1.00000 1.00000
0.10000 5.85334 3.38343 2.68597 849.00000 600.00000 0.00000 0.00000 1.00000 1.00000
0.10000 5.85322 3.38336 2.68594 849.00000 600.00000 0.00000 0.00000 1.00000 1.00000
0.10000 5.85311 3.38330 2.68592 849.00000 600.00000 0.00000 0.00000 1.00000 1.00000
0.10000 5.85302 3.38325 2.68590 849.00000 600.00000 0.00000 0.00000 1.00000 1.00000
0.10000 5.85295 3.38321 2.68589 849.00000 600.00000 0.00000 0.00000 1.00000 1.00000
0.10000 5.85290 3.38318 2.68588 849.00000 600.00000 0.00000 0.00000 1.00000 1.00000
0.10000 5.85287 3.38316 2.68587 849.00000 600.00000 0.00000 0.00000 1.00000 1.00000
0.10000 5.85285 3.38315 2.68587 849.00000 600.00000 0.00000 0.00000 1.00000 1.00000
0.10000 5.85286 3.38315 2.68587 849.00000 600.00000 0.00000 0.00000 1.00000 1.00000
0.10000 5.85288 3.38316 2.68587 849.00000 600.00000 0.00000 0.00000 1.00000 1.00000
0.10000 5.85291 3.38318 2.68588 849.00000 600.00000 0.00000 0.00000 1.00000 1.00000
0.10000 5.85296 3.38321 2.68589 849.00000 600.00000 0.00000 0.00000 1.00000 1.00000
0.10000 5.85302 3.38325 2.68590 849.00000 600.00000 0.00000 0.00000 1.00000 1.00000
0.10000 5.85310 3.38330 2.68592 849.00000 600.00000 0.00000 0.00000 1.00000 1.00000
0.10000 5.85319 3.38335 2.68593 849.00000 600.00000 0.00000 0.00000 1.00000 1.00000
0.10000 5.85330 3.38341 2.68596 849.00000 600.00000 0.00000 0.00000 1.00000 1.00000
0.10000 5.85342 3.38348 2.68598 849.00000 600.00000 0.00000 0.00000 1.00000 1.00000
0.10000 5.85355 3.38355 2.68601 849.00000 600.00000 0.00000 0.00000 1.00000 1.00000
0.10000 5.85369 3.38363 2.68604 849.00000 600.00000 0.00000 0.00000 1.00000 1.00000
0.10000 5.85384 3.38372 2.68607 849.00000 600.00000 0.00000 0.00000 1.00000 1.00000
0.10000 5.85400 3.38382 2.68610 849.00000 600.00000 0.00000 0.00000 1.00000 1.00000
0.10000 5.85417 3.38392 2.68613 849.00000 600.00000 0.00000 0.00000 1.00000 1.00000
0.10000 5.85436 3.38402 2.68617 849.00000 600.00000 0.00000 0.00000 1.00000 1.00000
0.10000 5.85455 3.38413 2.68621 849.00000 600.00000 0.00000 0.00000 1.00000 1.00000
0.10000 5.85474 3.38425 2.68625 849.00000 600.00000 0.00000 0.00000 1.00000 1.00000
0.10000 5.85495 3.38436 2.68629 849.00000 600.00000 0.00000 0.00000 1.00000 1.00000
0.10000 5.85517 3.38449 2.68634 849.00000 600.00000 0.00000 0.00000 1.00000 1.00000
0.10000 5.85539 3.38462 2.68638 849.00000 600.00000 0.00000 0.00000 1.00000 1.00000
0.10000 5.85561 3.38475 2.68643 849.00000 600.00000 0.00000 0.00000 1.00000 1.00000
0.10000 5.85584 3.38488 2.68648 849.00000 600.00000 0.00000 0.00000 1.00000 1.00000
0.10000 5.85608 3.38502 2.68652 849.00000 600.00000 0.00000 0.00000 1.00000 1.00000
0.10000 5.85632 3.38516 2.68657 849.00000 600.00000 0.00000 0.00000 1.00000 1.00000
0.10000 5.85657 3.38530 2.68662 849.00000 600.00000 0.00000 0.00000 1.00000 1.00000
0.10000 5.85682 3.38544 2.68667 849.00000 600.00000 0.00000 0.00000 1.00000 1.00000
0.10000 5.85707 3.38559 2.68673 849.00000 600.00000 0.00000 0.00000 1.00000 1.00000
0.10000 5.85732 3.38574 2.68678 849.00000 600.00000 0.00000 0.00000 1.00000 1.00000
0.10000 5.85758 3.38588 2.68683 849.00000 600.00000 0.00000 0.00000 1.00000 1.00000
0.10000 5.85784 3.38603 2.68688 849.00000 600.00000 0.00000 0.00000 1.00000 1.00000
0.10000 5.85809 3.38618 2.68694 849.00000 600.00000 0.00000 0.00000 1.00000 1.00000
0.10000 5.85835 3.38633 2.68699 849.00000 600.00000 0.00000 0.00000 1.00000 1.00000
0.10000 5.85861 3.38648 2.68704 849.00000 600.00000 0.00000 0.00000 1.00000 1.00000
0.10000 5.85887 3.38663 2.68709 849.00000 600.00000 0.00000 0.00000 1.00000 1.00000
0.10000 5.85912 3.38678 2.68715 849.00000 600.00000 0.00000 0.00000 1.00000 1.00000
0.10000 5.85938 3.38692 2.68720 849.00000 600.00000 0.00000 0.00000 1.00000 1.00000
0.10000 5.85963 3.38707 2.68725 849.00000 600.00000 0.00000 0.00000 1.00000 1.00000
0.10000 5.85988 3.38721 2.68730 849.00000 600.00000 0.00000 0.00000 1.00000 1.00000
0.10000 5.86012 3.38735 2.68735 849.00000 600.00000 0.00000 0.00000 1.00000 1.00000
0.10000 5.86036 3.38749 2.68740 849.00000 600.00000 0.00000 0.00000 1.00000 1.00000
0.10000 5.86060 3.38763 2.68745 849.00000 600.00000 0.00000 0.00000 1.00000 1.00000
0.10000 5.86083 3.38776 2.68750 849.00000 600.00000 0.00000 0.00000 1.00000 1.00000
0.10000 5.86105 3.38789 2.68754 849.00000 600.00000 0.00000 0.00000 1.00000 1.00000
0.10000 5.86127 3.38802 2.68759 849.00000 600.00000 0.00000 0.00000 1.00000 1.00000
0.10000 5.86148 3.38814 2.68763 849.00000 600.00000 0.00000 0.00000 1.00000 1.00000
0.10000 5.86168 3.38825 2.68767 849.00000 600.00000 0.00000 0.00000 1.00000 1.00000
0.10000 5.86186 3.38836 2.68771 849.00000 600.00000 0.00000 0.00000 1.00000 1.00000
0.10000 5.86203 3.38846 2.68774 849.00000 600.00000 0.00000 0.00000 1.00000 1.00000
0.10000 5.86218 3.38855 2.68777 849.00000 600.00000 0.00000 0.00000 1.00000 1.00000
0.10000 5.86232 3.38863 2.68780 849.00000 600.00000 0.00000 0.00000 1.00000 1.00000
0.10000 5.86244 3.38869 2.68783 849.00000 600.00000 0.00000 0.00000 1.00000 1.00000
0.10000 5.86254 3.38875 2.68785 849.00000 600.00000 0.00000 0.00000 1.00000 1.00000
0.10000 5.86262 3.38880 2.68786 849.00000 600.00000 0.00000 0.00000 1.00000 1.00000
0.10000 5.86267 3.38883 2.68787 849.00000 600.00000 0.00000 0.00000 1.00000 1.00000
0.10000 5.86270 3.38884 2.68788 849.00000 600.00000 0.00000 0.00000 1.00000 1.00000
0.10000 5.86270 3.38885 2.68788 849.00000 600.00000 0.00000 0.00000 1.00000 1.00000
0.10000 5.86268 3.38883 2.68787 849.00000 600.00000 0.00000 0.00000 1.00000 1.00000
0.10000 5.86262 3.38880 2.68786 849.00000 600.00000 0.00000 0.00000 1.00000 1.00000
0.10000 5.86254 3.38875 2.68784 849.00000 600.00000 0.00000 0.00000 1.00000 1.00000
0.10000 5.86242 3.38868 2.68782 849.00000 600.00000 0.00000 0.00000 1.00000 1.00000
0.10000 5.86227 3.38859 2.68779 849.00000 600.00000 0.00000 0.00000 1.00000 1.00000
0.10000 5.86208 3.38848 2.68775 849.00000 600.00000 0.00000 0.00000 1.00000 1.00000
0.10000 5.86185 3.38836 2.68771 849.00000 600.00000 0.00000 0.00000 1.00000 1.00000
0.10000 5.86160 3.38821 2.68765 849.00000 600.00000 0.00000 0.00000 1.00000 1.00000
0.10000 5.86131 3.38804 2.68759 849.00000 600.00000 0.00000 0.00000 1.00000 1.00000
0.10000 5.86099 3.38785 2.68753 849.00000 600.00000 0.00000 0.00000 1.00000 1.00000
0.10000 5.86064 3.38765 2.68746 849.00000 600.00000 0.00000 0.00000 1.00000 1.00000
0.10000 5.86026 3.38744 2.68738 849.00000 600.00000 0.00000 0.00000 1.00000 1.00000
0.10000 5.85986 3.38721 2.68730 849.00000 600.00000 0.00000 0.00000 1.00000 1.00000
0.10000 5.85944 3.38696 2.68721 849.00000 600.00000 0.00000 0.00000 1.00000 1.00000
0.10000 5.85900 3.38670 2.68712 849.00000 600.00000 0.00000 0.00000 1.00000 1.00000
0.10000 5.85853 3.38644 2.68703 849.00000 600.00000 0.00000 0.00000 1.00000 1.00000
0.10000 5.85805 3.38616 2.68693 849.00000 600.00000 0.00000 0.00000 1.00000 1.00000
0.10000 5.85756 3.38587 2.68683 849.00000 600.00000 0.00000 0.00000 1.00000 1.00000
0.10000 5.85704 3.38558 2.68672 849.00000 600.00000 0.00000 0.00000 1.00000 1.00000
0.10000 5.85652 3.38527 2.68661 849.00000 600.00000 0.00000 0.00000 1.00000 1.00000
0.10000 5.85599 3.38496 2.68651 849.00000 600.00000 0.00000 0.00000 1.00000 1.00000
0.10000 5.85544 3.38465 2.68639 849.00000 600.00000 0.00000 0.00000 1.00000 1.00000
0.10000 5.85489 3.38433 2.68628 849.00000 600.00000 0.00000 0.00000 1.00000 1.00000
0.10000 5.85434 3.38401 2.68617 849.00000 600.00000 0.00000 0.00000 1.00000 1.00000
0.10000 5.85378 3.38369 2.68605 849.00000 600.00000 0.00000 0.00000 1.00000 1.00000
0.10000 5.85322 3.38336 2.68594 849.00000 600.00000 0.00000 0.00000 1.00000 1.00000
0.10000 5.85266 3.38304 2.68583 849.00000 600.00000 0.00000 0.00000 1.00000 1.00000
0.10000 5.85210 3.38272 2.68571 849.00000 600.00000 0.00000 0.00000 1.00000 1.00000
0.10000 5.85153 3.38239 2.68560 849.00000 600.00000 0.00000 0.00000 1.00000 1.00000
0.10000 5.85097 3.38206 2.68548 849.00000 600.00000 0.00000 0.00000 1.00000 1.00000
0.10000 5.85040 3.38173 2.68537 849.00000 600.00000 0.00000 0.00000 1.00000 1.00000
0.10000 5.84983 3.38140 2.68525 849.00000 600.00000 0.00000 0.00000 1.00000 1.00000
0.10000 5.84926 3.38107 2.68513 849.00000 600.00000 0.00000 0.00000 1.00000 1.00000
0.10000 5.84868 3.38074 2.68501 849.00000 600.00000 0.00000 0.00000 1.00000 1.00000
0.10000 5.84810 3.38040 2.68490 849.00000 600.00000 0.00000 0.00000 1.00000 1.00000
0.10000 5.84751 3.38007 2.68478 849.00000 600.00000 0.00000 0.00000 1.00000 1.00000
0.10000 5.84692 3.37972 2.68466 849.00000 600.00000 0.00000 0.00000 1.00000 1.00000
0.10000 5.84633 3.37938 2.68454 849.00000 600.00000 0.00000 0.00000 1.00000 1.00000
0.10000 5.84573 3.37903 2.68441 849.00000 600.00000 0.00000 0.00000 1.00000 1.00000
0.10000 5.84512 3.37868 2.68429 849.00000 600.00000 0.00000 0.00000 1.00000 1.00000
0.10000 5.84451 3.37833 2.68417 849.00000 600.00000 0.00000 0.00000 1.00000 1.00000
0.10000 5.84390 3.37797 2.68404 849.00000 600.00000 0.00000 0.00000 1.00000 1.00000
0.10000 5.84327 3.37761 2.68391 849.00000 600.00000 0.00000 0.00000 1.00000 1.00000
0.10000 5.84264 3.37725 2.68378 849.00000 600.00000 0.00000 0.00000 1.00000 1.00000
0.10000 5.84200 3.37688 2.68365 849.00000 600.00000 0.00000 0.00000 1.00000 1.00000
0.10000 5.84135 3.37651 2.68352 849.00000 600.00000 0.00000 0.00000 1.00000 1.00000
0.10000 5.84070 3.37613 2.68339 849.00000 600.00000 0.00000 0.00000 1.00000 1.00000
0.10000 5.84004 3.37574 2.68326 849.00000 600.00000 0.00000 0.00000 1.00000 1.00000
0.10000 5.83936 3.37536 2.68312 849.00000 600.00000 0.00000 0.00000 1.00000 1.00000
0.10000 5.83868 3.37496 2.68298 849.00000 600.00000 0.00000 0.00000 1.00000 1.00000
0.10000 5.83799 3.37456 2.68284 849.00000 600.00000 0.00000 0.00000 1.00000 1.00000
0.10000 5.83729 3.37416 2.68270 849.00000 600.00000 0.00000 0.00000 1.00000 1.00000
0.10000 5.83658 3.37375 2.68255 849.00000 600.00000 0.00000 0.00000 1.00000 1.00000
0.10000 5.83586 3.37333 2.68241 849.00000 600.00000 0.00000 0.00000 1.00000 1.00000
0.10000 5.83513 3.37290 2.68226 849.00000 600.00000 0.00000 0.00000 1.00000 1.00000
0.10000 5.83438 3.37247 2.68211 849.00000 600.00000 0.00000 0.00000 1.00000 1.00000
0.10000 5.83363 3.37204 2.68195 849.00000 600.00000 0.00000 0.00000 1.00000 1.00000
0.10000 5.83286 3.37159 2.68180 849.00000 600.00000 0.00000 0.00000 1.00000 1.00000
0.10000 5.83208 3.37114 2.68164 849.00000 600.00000 0.00000 0.00000 1.00000 1.00000
0.10000 5.83128 3.37068 2.68148 849.00000 600.00000 0.00000 0.00000 1.00000 1.00000
0.10000 5.83048 3.37022 2.68132 849.00000 600.00000 0.00000 0.00000 1.00000 1.00000
0.10000 5.82966 3.36974 2.68115 849.00000 600.00000 0.00000 0.00000 1.00000 1.00000
0.10000 5.82882 3.36926 2.68098 849.00000 600.00000 0.00000 0.00000 1.00000 1.00000
0.10000 5.82798 3.36877 2.68081 849.00000 600.00000 0.00000 0.00000 1.00000 1.00000
0.10000 5.82712 3.36828 2.68064 849.00000 600.00000 0.00000 0.00000 1.00000 1.00000
0.10000 5.82625 3.36778 2.68046 849.00000 600.00000 0.00000 0.00000 1.00000 1.00000
0.10000 5.82537 3.36727 2.68028 849.00000 600.00000 0.00000 0.00000 1.00000 1.00000
0.10000 5.82448 3.36675 2.68010 849.00000 600.00000 0.00000 0.00000 1.00000 1.00000
0.10000 5.82358 3.36623 2.67992 849.00000 600.00000 0.00000 0.00000 1.00000 1.00000
0.10000 5.82267 3.36570 2.67974 849.00000 600.00000 0.00000 0.00000 1.00000 1.00000
0.10000 5.82175 3.36517 2.67955 849.00000 600.00000 0.00000 0.00000 1.00000 1.00000
0.10000 5.82081 3.36463 2.67936 849.00000 600.00000 0.00000 0.00000 1.00000 1.00000
0.10000 5.81988 3.36409 2.67917 849.00000 600.00000 0.00000 0.00000 1.00000 1.00000
0.10000 5.81893 3.36354 2.67898 849.00000 600.00000 0.00000 0.00000 1.00000 1.00000
0.10000 5.81797 3.36299 2.67879 849.00000 600.00000 0.00000 0.00000 1.00000 1.00000
0.10000 5.81701 3.36243 2.67859 849.00000 600.00000 0.00000 0.00000 1.00000 1.00000
0.10000 5.81603 3.36187 2.67840 849.00000 600.00000 0.00000 0.00000 1.00000 1.00000
0.10000 5.81506 3.36130 2.67820 849.00000 600.00000 0.00000 0.00000 1.00000 1.00000
0.10000 5.81407 3.36073 2.67800 849.00000 600.00000 0.00000 0.00000 1.00000 1.00000
0.10000 5.81308 3.36016 2.67780 849.00000 600.00000 0.00000 0.00000 1.00000 1.00000
0.10000 5.81208 3.35958 2.67760 849.00000 600.00000 0.00000 0.00000 1.00000 1.00000
0.10000 5.81108 3.35900 2.67740 849.00000 600.00000 0.00000 0.00000 1.00000 1.00000
0.10000 5.81007 3.35842 2.67720 849.00000 600.00000 0.00000 0.00000 1.00000 1.00000
0.10000 5.80906 3.35784 2.67699 849.00000 600.00000 0.00000 0.00000 1.00000 1.00000
0.10000 5.80804 3.35725 2.67679 849.00000 600.00000 0.00000 0.00000 1.00000 1.00000
0.10000 5.80702 3.35666 2.67658 849.00000 600.00000 0.00000 0.00000 1.00000 1.00000
0.10000 5.80600 3.35607 2.67638 849.00000 600.00000 0.00000 0.00000 1.00000 1.00000
0.10000 5.80497 3.35547 2.67617 849.00000 600.00000 0.00000 0.00000 1.00000 1.00000
0.10000 5.80394 3.35488 2.67597 849.00000 600.00000 0.00000 0.00000 1.00000 1.00000
0.10000 5.80291 3.35428 2.67576 849.00000 600.00000 0.00000 0.00000 1.00000 1.00000
0.10000 5.80187 3.35368 2.67555 849.00000 600.00000 0.00000 0.00000 1.00000 1.00000
0.10000 5.80083 3.35308 2.67534 849.00000 600.00000 0.00000 0.00000 1.00000 1.00000
0.10000 5.79980 3.35248 2.67514 849.00000 600.00000 0.00000 0.00000 1.00000 1.00000
0.10000 5.79876 3.35188 2.67493 849.00000 600.00000 0.00000 0.00000 1.00000 1.00000
0.10000 5.79772 3.35128 2.67472 849.00000 600.00000 0.00000 0.00000 1.00000 1.00000
0.10000 5.79668 3.35068 2.67451 849.00000 600.00000 0.00000 0.00000 1.00000 1.00000
0.10000 5.79564 3.35008 2.67430 849.00000 600.00000 0.00000 0.00000 1.00000 1.00000
0.10000 5.79461 3.34948 2.67410 849.00000 600.00000 0.00000 0.00000 1.00000 1.00000
0.10000 5.79357 3.34888 2.67389 849.00000 600.00000 0.00000 0.00000 1.00000 1.00000
0.10000 5.79253 3.34829 2.67368 849.00000 600.00000 0.00000 0.00000 1.00000 1.00000
0.10000 5.79150 3.34769 2.67348 849.00000 600.00000 0.00000 0.00000 1.00000 1.00000
0.10000 5.79047 3.34709 2.67327 849.00000 600.00000 0.00000 0.00000 1.00000 1.00000
0.10000 5.78944 3.34650 2.67306 849.00000 600.00000 0.00000 0.00000 1.00000 1.00000
0.10000 5.78842 3.34591 2.67286 849.00000 600.00000 0.00000 0.00000 1.00000 1.00000
0.10000 5.78740 3.34532 2.67266 849.00000 600.00000 0.00000 0.00000 1.00000 1.00000
0.10000 5.78638 3.34473 2.67245 849.00000 600.00000 0.00000 0.00000 1.00000 1.00000
0.10000 5.78537 3.34414 2.67225 849.00000 600.00000 0.00000 0.00000 1.00000 1.00000
0.10000 5.78436 3.34356 2.67205 849.00000 600.00000 0.00000 0.00000 1.00000 1.00000
0.10000 5.78335 3.34298 2.67185 849.00000 600.00000 0.00000 0.00000 1.00000 1.00000
0.10000 5.78235 3.34240 2.67165 849.00000 600.00000 0.00000 0.00000 1.00000 1.00000
0.10000 5.78136 3.34183 2.67145 849.00000 600.00000 0.00000 0.00000 1.00000 1.00000
0.10000 5.78038 3.34126 2.67126 849.00000 600.00000 0.00000 0.00000 1.00000 1.00000
0.10000 5.77940 3.34069 2.67106 849.00000 600.00000 0.00000 0.00000 1.00000 1.00000
0.10000 5.77842 3.34013 2.67087 849.00000 600.00000 0.00000 0.00000 1.00000 1.00000
0.10000 5.77746 3.33957 2.67068 849.00000 600.00000 0.00000 0.00000 1.00000 1.00000
0.10000 5.77650 3.33902 2.67048 849.00000 600.00000 0.00000 0.00000 1.00000 1.00000
0.10000 5.77555 3.33847 2.67030 849.00000 600.00000 0.00000 0.00000 1.00000 1.00000
0.10000 5.77460 3.33792 2.67011 849.00000 600.00000 0.00000 0.00000 1.00000 1.00000
0.10000 5.77367 3.33738 2.66992 849.00000 600.00000 0.00000 0.00000 1.00000 1.00000
0.10000 5.77274 3.33685 2.66974 849.00000 600.00000 0.00000 0.00000 1.00000 1.00000
0.10000 5.77183 3.33632 2.66956 849.00000 600.00000 0.00000 0.00000 1.00000 1.00000
0.10000 5.77092 3.33579 2.66938 849.00000 600.00000 0.00000 0.00000 1.00000 1.00000
0.10000 5.77002 3.33527 2.66920 849.00000 600.00000 0.00000 0.00000 1.00000 1.00000
0.10000 5.76914 3.33476 2.66902 849.00000 600.00000 0.00000 0.00000 1.00000 1.00000
0.10000 5.76826 3.33425 2.66885 849.00000 600.00000 0.00000 0.00000 1.00000 1.00000
0.10000 5.76740 3.33375 2.66868 849.00000 600.00000 0.00000 0.00000 1.00000 1.00000
0.10000 5.76654 3.33326 2.66851 849.00000 600.00000 0.00000 0.00000 1.00000 1.00000
0.10000 5.76570 3.33277 2.66834 849.00000 600.00000 0.00000 0.00000 1.00000 1.00000
0.10000 5.76487 3.33229 2.66818 849.00000 600.00000 0.00000 0.00000 1.00000 1.00000
0.10000 5.76405 3.33182 2.66801 849.00000 600.00000 0.00000 0.00000 1.00000 1.00000
0.10000 5.76324 3.33135 2.66786 849.00000 600.00000 0.00000 0.00000 1.00000 1.00000
0.10000 5.76245 3.33090 2.66770 849.00000 600.00000 0.00000 0.00000 1.00000 1.00000
0.10000 5.76167 3.33044 2.66754 849.00000 600.00000 0.00000 0.00000 1.00000 1.00000
0.10000 5.76090 3.33000 2.66739 849.00000 600.00000 0.00000 0.00000 1.00000 1.00000
0.10000 5.76015 3.32957 2.66724 849.00000 600.00000 0.00000 0.00000 1.00000 1.00000
0.10000 5.75941 3.32914 2.66710 849.00000 600.00000 0.00000 0.00000 1.00000 1.00000
0.10000 5.75869 3.32872 2.66695 849.00000 600.00000 0.00000 0.00000 1.00000 1.00000
0.10000 5.75798 3.32831 2.66681 849.00000 600.00000 0.00000 0.00000 1.00000 1.00000
0.10000 5.75728 3.32791 2.66668 849.00000 600.00000 0.00000 0.00000 1.00000 1.00000
0.10000 5.75660 3.32752 2.66654 849.00000 600.00000 0.00000 0.00000 1.00000 1.00000
0.10000 5.75594 3.32713 2.66641 849.00000 600.00000 0.00000 0.00000 1.00000 1.00000
0.10000 5.75529 3.32676 2.66628 849.00000 600.00000 0.00000 0.00000 1.00000 1.00000
0.10000 5.75466 3.32639 2.66616 849.00000 600.00000 0.00000 0.00000 1.00000 1.00000
0.10000 5.75405 3.32604 2.66604 849.00000 600.00000 0.00000 0.00000 1.00000 1.00000
0.10000 5.75345 3.32570 2.66592 849.00000 600.00000 0.00000 0.00000 1.00000 1.00000
0.10000 5.75287 3.32536 2.66581 849.00000 600.00000 0.00000 0.00000 1.00000 1.00000
0.10000 5.75231 3.32504 2.66570 849.00000 600.00000 0.00000 0.00000 1.00000 1.00000
0.10000 5.75177 3.32472 2.66559 849.00000 600.00000 0.00000 0.00000 1.00000 1.00000
0.10000 5.75125 3.32442 2.66549 849.00000 600.00000 0.00000 0.00000 1.00000 1.00000
0.10000 5.75074 3.32413 2.66539 849.00000 600.00000 0.00000 0.00000 1.00000 1.00000
0.10000 5.75026 3.32385 2.66529 849.00000 600.00000 0.00000 0.00000 1.00000 1.00000
0.10000 5.74979 3.32358 2.66520 849.00000 600.00000 0.00000 0.00000 1.00000 1.00000
0.10000 5.74934 3.32332 2.66511 849.00000 600.00000 0.00000 0.00000 1.00000 1.00000
0.10000 5.74892 3.32307 2.66503 849.00000 600.00000 0.00000 0.00000 1.00000 1.00000
0.10000 5.74851 3.32284 2.66495 849.00000 600.00000 0.00000 0.00000 1.00000 1.00000
0.10000 5.74813 3.32262 2.66487 849.00000 600.00000 0.00000 0.00000 1.00000 1.00000
0.10000 5.74776 3.32241 2.66480 849.00000 600.00000 0.00000 0.00000 1.00000 1.00000
0.10000 5.74742 3.32221 2.66473 849.00000 600.00000 0.00000 0.00000 1.00000 1.00000
0.10000 5.74710 3.32202 2.66467 849.00000 600.00000 0.00000 0.00000 1.00000 1.00000
0.10000 5.74680 3.32185 2.66461 849.00000 600.00000 0.00000 0.00000 1.00000 1.00000
0.10000 5.74653 3.32169 2.66456 849.00000 600.00000 0.00000 0.00000 1.00000 1.00000
0.10000 5.74627 3.32154 2.66451 849.00000 600.00000 0.00000 0.00000 1.00000 1.00000
0.10000 5.74604 3.32141 2.66446 849.00000 600.00000 0.00000 0.00000 1.00000 1.00000
0.10000 5.74584 3.32129 2.66442 849.00000 600.00000 0.00000 0.00000 1.00000 1.00000
0.10000 5.74565 3.32119 2.66438 849.00000 600.00000 0.00000 0.00000 1.00000 1.00000
0.10000 5.74549 3.32109 2.66435 849.00000 600.00000 0.00000 0.00000 1.00000 1.00000
0.10000 5.74535 3.32101 2.66433 849.00000 600.00000 0.00000 0.00000 1.00000 1.00000
0.10000 5.74524 3.32095 2.66430 849.00000 600.00000 0.00000 0.00000 1.00000 1.00000
0.10000 5.74515 3.32090 2.66429 849.00000 600.00000 0.00000 0.00000 1.00000 1.00000
0.10000 5.74508 3.32086 2.66427 849.00000 600.00000 0.00000 0.00000 1.00000 1.00000
0.10000 5.74504 3.32083 2.66426 849.00000 600.00000 0.00000 0.00000 1.00000 1.00000
0.10000 5.74502 3.32082 2.66426 849.00000 600.00000 0.00000 0.00000 1.00000 1.00000
0.10000 5.74503 3.32083 2.66426 849.00000 600.00000 0.00000 0.00000 1.00000 1.00000
0.10000 5.74506 3.32084 2.66427 849.00000 600.00000 0.00000 0.00000 1.00000 1.00000
0.10000 5.74511 3.32087 2.66428 849.00000 600.00000 0.00000 0.00000 1.00000 1.00000
0.10000 5.74519 3.32092 2.66429 849.00000 600.00000 0.00000 0.00000 1.00000 1.00000
0.10000 5.74530 3.32098 2.66431 849.00000 600.00000 0.00000 0.00000 1.00000 1.00000
0.10000 5.74542 3.32105 2.66434 849.00000 600.00000 0.00000 0.00000 1.00000 1.00000
0.10000 5.74558 3.32114 2.66437 849.00000 600.00000 0.00000 0.00000 1.00000 1.00000
0.10000 5.74576 3.32125 2.66441 849.00000 600.00000 0.00000 0.00000 1.00000 1.00000
0.10000 5.74596 3.32136 2.66445 849.00000 600.00000 0.00000 0.00000 1.00000 1.00000
0.10000 5.74619 3.32150 2.66449 849.00000 600.00000 0.00000 0.00000 1.00000 1.00000
0.10000 5.74644 3.32164 2.66454 849.00000 600.00000 0.00000 0.00000 1.00000 1.00000
0.10000 5.74672 3.32180 2.66459 849.00000 600.00000 0.00000 0.00000 1.00000 1.00000
0.10000 5.74703 3.32198 2.66466 849.00000 600.00000 0.00000 0.00000 1.00000 1.00000
0.10000 5.74736 3.32217 2.66472 849.00000 600.00000 0.00000 0.00000 1.00000 1.00000
0.10000 5.74771 3.32238 2.66479 849.00000 600.00000 0.00000 0.00000 1.00000 1.00000
0.10000 5.74810 3.32260 2.66487 849.00000 600.00000 0.00000 0.00000 1.00000 1.00000
0.10000 5.74851 3.32284 2.66495 849.00000 600.00000 0.00000 0.00000 1.00000 1.00000
0.10000 5.74894 3.32309 2.66503 849.00000 600.00000 0.00000 0.00000 1.00000 1.00000
0.10000 5.74940 3.32335 2.66512 849.00000 600.00000 0.00000 0.00000 1.00000 1.00000
0.10000 5.74989 3.32364 2.66522 849.00000 600.00000 0.00000 0.00000 1.00000 1.00000
0.10000 5.75040 3.32393 2.66532 849.00000 600.00000 0.00000 0.00000 1.00000 1.00000
0.10000 5.75095 3.32425 2.66543 849.00000 600.00000 0.00000 0.00000 1.00000 1.00000
0.10000 5.75151 3.32457 2.66554 849.00000 600.00000 0.00000 0.00000 1.00000 1.00000
0.10000 5.75211 3.32492 2.66566 849.00000 600.00000 0.00000 0.00000 1.00000 1.00000
0.10000 5.75273 3.32528 2.66578 849.00000 600.00000 0.00000 0.00000 1.00000 1.00000
0.10000 5.75338 3.32565 2.66591 849.00000 600.00000 0.00000 0.00000 1.00000 1.00000
0.10000 5.75406 3.32604 2.66604 849.00000 600.00000 0.00000 0.00000 1.00000 1.00000
0.10000 5.75476 3.32645 2.66618 849.00000 600.00000 0.00000 0.00000 1.00000 1.00000
0.10000 5.75549 3.32687 2.66632 849.00000 600.00000 0.00000 0.00000 1.00000 1.00000
0.10000 5.75625 3.32731 2.66647 849.00000 600.00000 0.00000 0.00000 1.00000 1.00000
0.10000 5.75704 3.32777 2.66663 849.00000 600.00000 0.00000 0.00000 1.00000 1.00000
0.10000 5.75786 3.32824 2.66679 849.00000 600.00000 0.00000 0.00000 1.00000 1.00000
0.10000 5.75870 3.32873 2.66696 849.00000 600.00000 0.00000 0.00000 1.00000 1.00000
0.10000 5.75957 3.32923 2.66713 849.00000 600.00000 0.00000 0.00000 1.00000 1.00000
0.10000 5.76047 3.32975 2.66731 849.00000 600.00000 0.00000 0.00000 1.00000 1.00000
0.10000 5.76140 3.33029 2.66749 849.00000 600.00000 0.00000 0.00000 1.00000 1.00000
0.10000 5.76236 3.33084 2.66768 849.00000 600.00000 0.00000 0.00000 1.00000 1.00000
0.10000 5.76334 3.33141 2.66788 849.00000 600.00000 0.00000 0.00000 1.00000 1.00000
0.10000 5.76436 3.33200 2.66808 849.00000 600.00000 0.00000 0.00000 1.00000 1.00000
0.10000 5.76540 3.33260 2.66828 849.00000 600.00000 0.00000 0.00000 1.00000 1.00000
0.10000 5.76647 3.33322 2.66850 849.00000 600.00000 0.00000 0.00000 1.00000 1.00000
0.10000 5.76758 3.33386 2.66871 849.00000 600.00000 0.00000 0.00000 1.00000 1.00000
0.10000 5.76871 3.33451 2.66894 849.00000 600.00000 0.00000 0.00000 1.00000 1.00000
0.10000 5.76986 3.33518 2.66917 849.00000 600.00000 0.00000 0.00000 1.00000 1.00000
0.10000 5.77105 3.33587 2.66940 849.00000 600.00000 0.00000 0.00000 1.00000 1.00000
0.10000 5.77227 3.33657 2.66964 849.00000 600.00000 0.00000 0.00000 1.00000 1.00000
0.10000 5.77351 3.33729 2.66989 849.00000 600.00000 0.00000 0.00000 1.00000 1.00000
0.10000 5.77478 3.33802 2.67014 849.00000 600.00000 0.00000 0.00000 1.00000 1.00000
0.10000 5.77608 3.33878 2.67040 849.00000 600.00000 0.00000 0.00000 1.00000 1.00000
0.10000 5.77741 3.33955 2.67067 849.00000 600.00000 0.00000 0.00000 1.00000 1.00000
0.10000 5.77877 3.34033 2.67094 849.00000 600.00000 0.00000 0.00000 1.00000 1.00000
0.10000 5.78016 3.34113 2.67121 849.00000 600.00000 0.00000 0.00000 1.00000 1.00000
0.10000 5.78157 3.34195 2.67149 849.00000 600.00000 0.00000 0.00000 1.00000 1.00000
0.10000 5.78301 3.34278 2.67178 849.00000 600.00000 0.00000 0.00000 1.00000 1.00000
0.10000 5.78448 3.34363 2.67207 849.00000 600.00000 0.00000 0.00000 1.00000 1.00000
0.10000 5.78598 3.34450 2.67237 849.00000 600.00000 0.00000 0.00000 1.00000 1.00000
0.10000 5.78750 3.34538 2.67268 849.00000 600.00000 0.00000 0.00000 1.00000 1.00000
0.10000 5.78906 3.34628 2.67299 849.00000 600.00000 0.00000 0.00000 1.00000 1.00000
0.10000 5.79064 3.34719 2.67330 849.00000 600.00000 0.00000 0.00000 1.00000 1.00000
0.10000 5.79225 3.34812 2.67362 849.00000 600.00000 0.00000 0.00000 1.00000 1.00000
0.10000 5.79388 3.34906 2.67395 849.00000 600.00000 0.00000 0.00000 1.00000 1.00000
0.10000 5.79555 3.35003 2.67428 849.00000 600.00000 0.00000 0.00000 1.00000 1.00000
0.10000 5.79724 3.35100 2.67462 849.00000 600.00000 0.00000 0.00000 1.00000 1.00000
0.10000 5.79895 3.35200 2.67497 849.00000 600.00000 0.00000 0.00000 1.00000 1.00000
0.10000 5.80070 3.35301 2.67532 849.00000 600.00000 0.00000 0.00000 1.00000 1.00000
0.10000 5.80247 3.35403 2.67567 849.00000 600.00000 0.00000 0.00000 1.00000 1.00000
0.10000 5.80427 3.35507 2.67603 849.00000 600.00000 0.00000 0.00000 1.00000 1.00000
0.10000 5.80610 3.35613 2.67640 849.00000 600.00000 0.00000 0.00000 1.00000 1.00000
0.10000 5.80796 3.35720 2.67677 849.00000 600.00000 0.00000 0.00000 1.00000 1.00000
0.10000 5.80984 3.35829 2.67715 849.00000 600.00000 0.00000 0.00000 1.00000 1.00000
0.10000 5.81175 3.35939 2.67754 849.00000 600.00000 0.00000 0.00000 1.00000 1.00000
0.10000 5.81368 3.36051 2.67792 849.00000 600.00000 0.00000 0.00000 1.00000 1.00000
0.10000 5.81565 3.36164 2.67832 849.00000 600.00000 0.00000 0.00000 1.00000 1.00000
0.10000 5.81763 3.36279 2.67872 849.00000 600.00000 0.00000 0.00000 1.00000 1.00000
0.10000 5.81965 3.36396 2.67913 849.00000 600.00000 0.00000 0.00000 1.00000 1.00000
0.10000 5.82169 3.36514 2.67954 849.00000 600.00000 0.00000 0.00000 1.00000 1.00000
0.10000 5.82376 3.36634 2.67996 849.00000 600.00000 0.00000 0.00000 1.00000 1.00000
0.10000 5.82586 3.36755 2.68038 849.00000 600.00000 0.00000 0.00000 1.00000 1.00000
0.10000 5.82798 3.36878 2.68081 849.00000 600.00000 0.00000 0.00000 1.00000 1.00000
0.10000 5.83013 3.37002 2.68125 849.00000 600.00000 0.00000 0.00000 1.00000 1.00000
0.10000 5.83231 3.37127 2.68169 849.00000 600.00000 0.00000 0.00000 1.00000 1.00000
0.10000 5.83451 3.37255 2.68213 849.00000 600.00000 0.00000 0.00000 1.00000 1.00000
0.10000 5.83674 3.37384 2.68259 849.00000 600.00000 0.00000 0.00000 1.00000 1.00000
0.10000 5.83899 3.37514 2.68304 849.00000 600.00000 0.00000 0.00000 1.00000 1.00000
0.10000 5.84127 3.37646 2.68351 849.00000 600.00000 0.00000 0.00000 1.00000 1.00000
0.10000 5.84358 3.37779 2.68398 849.00000 600.00000 0.00000 0.00000 1.00000 1.00000
0.10000 5.84591 3.37914 2.68445 849.00000 600.00000 0.00000 0.00000 1.00000 1.00000
0.10000 5.84827 3.38050 2.68493 849.00000 600.00000 0.00000 0.00000 1.00000 1.00000
0.10000 5.85065 3.38188 2.68542 849.00000 600.00000 0.00000 0.00000 1.00000 1.00000
0.10000 5.85306 3.38327 2.68591 849.00000 600.00000 0.00000 0.00000 1.00000 1.00000
0.10000 5.85550 3.38468 2.68641 849.00000 600.00000 0.00000 0.00000 1.00000 1.00000
0.10000 5.85796 3.38610 2.68691 849.00000 600.00000 0.00000 0.00000 1.00000 1.00000
0.10000 5.86044 3.38754 2.68742 849.00000 600.00000 0.00000 0.00000 1.00000 1.00000
0.10000 5.86296 3.38899 2.68793 849.00000 600.00000 0.00000 0.00000 1.00000 1.00000
0.10000 5.86549 3.39046 2.68845 849.00000 600.00000 0.00000 0.00000 1.00000 1.00000
0.10000 5.86805 3.39194 2.68898 849.00000 600.00000 0.00000 0.00000 1.00000 1.00000
0.10000 5.87064 3.39343 2.68951 849.00000 600.00000 0.00000 0.00000 1.00000 1.00000
0.10000 5.87325 3.39494 2.69004 849.00000 600.00000 0.00000 0.00000 1.00000 1.00000
0.10000 5.87589 3.39647 2.69058 849.00000 600.00000 0.00000 0.00000 1.00000 1.00000
0.10000 5.87855 3.39800 2.69113 849.00000 600.00000 0.00000 0.00000 1.00000 1.00000
0.10000 5.88123 3.39955 2.69168 849.00000 600.00000 0.00000 0.00000 1.00000 1.00000
0.10000 5.88394 3.40112 2.69224 849.00000 600.00000 0.00000 0.00000 1.00000 1.00000
0.10000 5.88667 3.40270 2.69281 849.00000 600.00000 0.00000 0.00000 1.00000 1.00000
0.10000 5.88942 3.40429 2.69337 849.00000 600.00000 0.00000 0.00000 1.00000 1.00000
0.10000 5.89220 3.40590 2.69395 849.00000 600.00000 0.00000 0.00000 1.00000 1.00000
0.10000 5.89500 3.40752 2.69453 849.00000 600.00000 0.00000 0.00000 1.00000 1.00000
0.10000 5.89783 3.40915 2.69511 849.00000 600.00000 0.00000 0.00000 1.00000 1.00000
0.10000 5.90067 3.41079 2.69570 849.00000 600.00000 0.00000 0.00000 1.00000 1.00000
0.10000 5.90354 3.41245 2.69630 849.00000 600.00000 0.00000 0.00000 1.00000 1.00000
0.10000 5.90644 3.41412 2.69690 849.00000 600.00000 0.00000 0.00000 1.00000 1.00000
0.10000 5.90935 3.41581 2.69751 849.00000 600.00000 0.00000 0.00000 1.00000 1.00000
0.10000 5.91229 3.41751 2.69812 849.00000 600.00000 0.00000 0.00000 1.00000 1.00000
0.10000 5.91525 3.41922 2.69873 849.00000 600.00000 0.00000 0.00000 1.00000 1.00000
0.10000 5.91823 3.42094 2.69936 849.00000 600.00000 0.00000 0.00000 1.00000 1.00000
0.10000 5.92123 3.42268 2.69998 849.00000 600.00000 0.00000 0.00000 1.00000 1.00000
0.10000 5.92426 3.42443 2.70062 849.00000 600.00000 0.00000 0.00000 1.00000 1.00000
0.10000 5.92731 3.42619 2.70125 849.00000 600.00000 0.00000 0.00000 1.00000 1.00000
0.10000 5.93037 3.42796 2.70190 849.00000 600.00000 0.00000 0.00000 1.00000 1.00000
0.10000 5.93346 3.42975 2.70254 849.00000 600.00000 0.00000 0.00000 1.00000 1.00000
0.10000 5.93657 3.43155 2.70320 849.00000 600.00000 0.00000 0.00000 1.00000 1.00000
0.10000 5.93971 3.43336 2.70385 849.00000 600.00000 0.00000 0.00000 1.00000 1.00000
0.10000 5.94286 3.43518 2.70452 849.00000 600.00000 0.00000 0.00000 1.00000 1.00000
0.10000 5.94603 3.43701 2.70518 849.00000 600.00000 0.00000 0.00000 1.00000 1.00000
0.10000 5.94922 3.43886 2.70586 849.00000 600.00000 0.00000 0.00000 1.00000 1.00000
0.10000 5.95244 3.44072 2.70654 849.00000 600.00000 0.00000 0.00000 1.00000 1.00000
0.10000 5.95567 3.44258 2.70722 849.00000 600.00000 0.00000 0.00000 1.00000 1.00000
0.10000 5.95892 3.44446 2.70791 849.00000 600.00000 0.00000 0.00000 1.00000 1.00000
0.10000 5.96220 3.44636 2.70860 849.00000 600.00000 0.00000 0.00000 1.00000 1.00000
0.10000 5.96549 3.44826 2.70930 849.00000 600.00000 0.00000 0.00000 1.00000 1.00000
0.10000 5.96880 3.45017 2.71000 849.00000 600.00000 0.00000 0.00000 1.00000 1.00000
0.10000 5.97213 3.45210 2.71071 849.00000 600.00000 0.00000 0.00000 1.00000 1.00000
0.10000 5.97549 3.45404 2.71142 849.00000 600.00000 0.00000 0.00000 1.00000 1.00000
0.10000 5.97885 3.45599 2.71214 849.00000 600.00000 0.00000 0.00000 1.00000 1.00000
0.10000 5.98224 3.45794 2.71286 849.00000 600.00000 0.00000 0.00000 1.00000 1.00000
0.10000 5.98565 3.45991 2.71359 849.00000 600.00000 0.00000 0.00000 1.00000 1.00000
0.10000 5.98908 3.46189 2.71432 849.00000 600.00000 0.00000 0.00000 1.00000 1.00000
0.10000 5.99252 3.46389 2.71505 849.00000 600.00000 0.00000 0.00000 1.00000 1.00000
0.10000 5.99598 3.46589 2.71580 849.00000 600.00000 0.00000 0.00000 1.00000 1.00000
0.10000 5.99946 3.46790 2.71654 849.00000 600.00000 0.00000 0.00000 1.00000 1.00000
0.10000 6.00296 3.46992 2.71729 849.00000 600.00000 0.00000 0.00000 1.00000 1.00000
0.10000 6.00648 3.47195 2.71805 849.00000 600.00000 0.00000 0.00000 1.00000 1.00000
0.10000 6.01001 3.47400 2.71881 849.00000 600.00000 0.00000 0.00000 1.00000 1.00000
0.10000 6.01356 3.47605 2.71957 849.00000 600.00000 0.00000 0.00000 1.00000 1.00000
0.10000 6.01713 3.47811 2.72034 849.00000 600.00000 0.00000 0.00000 1.00000 1.00000
0.10000 6.02072 3.48018 2.72111 849.00000 600.00000 0.00000 0.00000 1.00000 1.00000
0.10000 6.02432 3.48227 2.72189 849.00000 600.00000 0.00000 0.00000 1.00000 1.00000
0.10000 6.02794 3.48436 2.72268 849.00000 600.00000 0.00000 0.00000 1.00000 1.00000
0.10000 6.03157 3.48646 2.72346 849.00000 600.00000 0.00000 0.00000 1.00000 1.00000
0.10000 6.03522 3.48857 2.72426 849.00000 600.00000 0.00000 0.00000 1.00000 1.00000
0.10000 6.03889 3.49069 2.72505 849.00000 600.00000 0.00000 0.00000 1.00000 1.00000
0.10000 6.04258 3.49282 2.72585 849.00000 600.00000 0.00000 0.00000 1.00000 1.00000
0.10000 6.04627 3.49496 2.72666 849.00000 600.00000 0.00000 0.00000 1.00000 1.00000
0.10000 6.04999 3.49710 2.72747 849.00000 600.00000 0.00000 0.00000 1.00000 1.00000
0.10000 6.05372 3.49926 2.72828 849.00000 600.00000 0.00000 0.00000 1.00000 1.00000
0.10000 6.05746 3.50142 2.72910 849.00000 600.00000 0.00000 0.00000 1.00000 1.00000
0.10000 6.06122 3.50360 2.72992 849.00000 600.00000 0.00000 0.00000 1.00000 1.00000
0.10000 6.06500 3.50578 2.73075 849.00000 600.00000 0.00000 0.00000 1.00000 1.00000
0.10000 6.06879 3.50797 2.73158 849.00000 600.00000 0.00000 0.00000 1.00000 1.00000
0.10000 6.07259 3.51017 2.73242 849.00000 600.00000 0.00000 0.00000 1.00000 1.00000
0.10000 6.07641 3.51238 2.73326 849.00000 600.00000 0.00000 0.00000 1.00000 1.00000
0.10000 6.08024 3.51459 2.73410 849.00000 600.00000 0.00000 0.00000 1.00000 1.00000
0.10000 6.08409 3.51682 2.73495 849.00000 600.00000 0.00000 0.00000 1.00000 1.00000
0.10000 6.08795 3.51905 2.73580 849.00000 600.00000 0.00000 0.00000 1.00000 1.00000
0.10000 6.09183 3.52129 2.73665 849.00000 600.00000 0.00000 0.00000 1.00000 1.00000
0.10000 6.09571 3.52353 2.73751 849.00000 600.00000 0.00000 0.00000 1.00000 1.00000
0.10000 6.09961 3.52579 2.73838 849.00000 600.00000 0.00000 0.00000 1.00000 1.00000
0.10000 6.10353 3.52805 2.73925 849.00000 600.00000 0.00000 0.00000 1.00000 1.00000
0.10000 6.10745 3.53032 2.74012 849.00000 600.00000 0.00000 0.00000 1.00000 1.00000
0.10000 6.11139 3.53260 2.74100 849.00000 600.00000 0.00000 0.00000 1.00000 1.00000
0.10000 6.11534 3.53488 2.74188 849.00000 600.00000 0.00000 0.00000 1.00000 1.00000
0.10000 6.11931 3.53717 2.74276 849.00000 600.00000 0.00000 0.00000 1.00000 1.00000
0.10000 6.12328 3.53947 2.74365 849.00000 600.00000 0.00000 0.00000 1.00000 1.00000
0.10000 6.12727 3.54178 2.74454 849.00000 600.00000 0.00000 0.00000 1.00000 1.00000
0.10000 6.13127 3.54409 2.74543 849.00000 600.00000 0.00000 0.00000 1.00000 1.00000
0.10000 6.13528 3.54641 2.74633 849.00000 600.00000 0.00000 0.00000 1.00000 1.00000
0.10000 6.13931 3.54873 2.74724 849.00000 600.00000 0.00000 0.00000 1.00000 1.00000
0.10000 6.14334 3.55106 2.74814 849.00000 600.00000 0.00000 0.00000 1.00000 1.00000
0.10000 6.14739 3.55340 2.74905 849.00000 600.00000 0.00000 0.00000 1.00000 1.00000
0.10000 6.15144 3.55575 2.74997 849.00000 600.00000 0.00000 0.00000 1.00000 1.00000
0.10000 6.15551 3.55810 2.75088 849.00000 600.00000 0.00000 0.00000 1.00000 1.00000
0.10000 6.15959 3.56045 2.75180 849.00000 600.00000 0.00000 0.00000 1.00000 1.00000
0.10000 6.16367 3.56282 2.75273 849.00000 600.00000 0.00000 0.00000 1.00000 1.00000
0.10000 6.16777 3.56519 2.75366 849.00000 600.00000 0.00000 0.00000 1.00000 1.00000
0.10000 6.17188 3.56756 2.75459 849.00000 600.00000 0.00000 0.00000 1.00000 1.00000
0.10000 6.17600 3.56994 2.75552 849.00000 600.00000 0.00000 0.00000 1.00000 1.00000
0.10000 6.18012 3.57233 2.75646 849.00000 600.00000 0.00000 0.00000 1.00000 1.00000
0.10000 6.18426 3.57472 2.75741 849.00000 600.00000 0.00000 0.00000 1.00000 1.00000
0.10000 6.18840 3.57711 2.75835 849.00000 600.00000 0.00000 0.00000 1.00000 1.00000
0.10000 6.19256 3.57951 2.75930 849.00000 600.00000 0.00000 0.00000 1.00000 1.00000
0.10000 6.19672 3.58192 2.76025 849.00000 600.00000 0.00000 0.00000 1.00000 1.00000
0.10000 6.20090 3.58433 2.76121 849.00000 600.00000 0.00000 0.00000 1.00000 1.00000
0.10000 6.20508 3.58675 2.76216 849.00000 600.00000 0.00000 0.00000 1.00000 1.00000
0.10000 6.20927 3.58917 2.76313 849.00000 600.00000 0.00000 0.00000 1.00000 1.00000
0.10000 6.21346 3.59160 2.76409 849.00000 600.00000 0.00000 0.00000 1.00000 1.00000
0.10000 6.21767 3.59403 2.76506 849.00000 600.00000 0.00000 0.00000 1.00000 1.00000
0.10000 6.22189 3.59647 2.76603 849.00000 600.00000 0.00000 0.00000 1.00000 1.00000
0.10000 6.22611 3.59891 2.76701 849.00000 600.00000 0.00000 0.00000 1.00000 1.00000
0.10000 6.23034 3.60135 2.76798 849.00000 600.00000 0.00000 0.00000 1.00000 1.00000
0.10000 6.23457 3.60380 2.76896 849.00000 600.00000 0.00000 0.00000 1.00000 1.00000
0.10000 6.23882 3.60625 2.76995 849.00000 600.00000 0.00000 0.00000 1.00000 1.00000
0.10000 6.24307 3.60871 2.77093 849.00000 600.00000 0.00000 0.00000 1.00000 1.00000
0.10000 6.24733 3.61117 2.77192 849.00000 600.00000 0.00000 0.00000 1.00000 1.00000
0.10000 6.25159 3.61364 2.77292 849.00000 600.00000 0.00000 0.00000 1.00000 1.00000
0.10000 6.25587 3.61611 2.77391 849.00000 600.00000 0.00000 0.00000 1.00000 1.00000
0.10000 6.26015 3.61858 2.77491 849.00000 600.00000 0.00000 0.00000 1.00000 1.00000
0.10000 6.26443 3.62106 2.77591 849.00000 600.00000 0.00000 0.00000 1.00000 1.00000
0.10000 6.26872 3.62354 2.77692 849.00000 600.00000 0.00000 0.00000 1.00000 1.00000
0.10000 6.27302 3.62602 2.77792 849.00000 600.00000 0.00000 0.00000 1.00000 1.00000
0.10000 6.27733 3.62851 2.77893 849.00000 600.00000 0.00000 0.00000 1.00000 1.00000
0.10000 6.28164 3.63100 2.77994 849.00000 600.00000 0.00000 0.00000 1.00000 1.00000
0.10000 6.28595 3.63350 2.78096 849.00000 600.00000 0.00000 0.00000 1.00000 1.00000
0.10000 6.29027 3.63600 2.78198 849.00000 600.00000 0.00000 0.00000 1.00000 1.00000
0.10000 6.29460 3.63850 2.78300 849.00000 600.00000 0.00000 0.00000 1.00000 1.00000
0.10000 6.29893 3.64100 2.78402 849.00000 600.00000 0.00000 0.00000 1.00000 1.00000
0.10000 6.30327 3.64351 2.78505 849.00000 600.00000 0.00000 0.00000 1.00000 1.00000
0.10000 6.30761 3.64602 2.78608 849.00000 600.00000 0.00000 0.00000 1.00000 1.00000
0.10000 6.31195 3.64853 2.78711 849.00000 600.00000 0.00000 0.00000 1.00000 1.00000
0.10000 6.31631 3.65104 2.78814 849.00000 600.00000 0.00000 0.00000 1.00000 1.00000
0.10000 6.32066 3.65356 2.78918 849.00000 600.00000 0.00000 0.00000 1.00000 1.00000
0.10000 6.32502 3.65608 2.79021 849.00000 600.00000 0.00000 0.00000 1.00000 1.00000
0.10000 6.32939 3.65860 2.79125 849.00000 600.00000 0.00000 0.00000 1.00000 1.00000
0.10000 6.33375 3.66113 2.79230 849.00000 600.00000 0.00000 0.00000 1.00000 1.00000
0.10000 6.33812 3.66366 2.79334 849.00000 600.00000 0.00000 0.00000 1.00000 1.00000
0.10000 6.34250 3.66619 2.79439 849.00000 600.00000 0.00000 0.00000 1.00000 1.00000
0.10000 6.34688 3.66872 2.79544 849.00000 600.00000 0.00000 0.00000 1.00000 1.00000
0.10000 6.35126 3.67125 2.79649 849.00000 600.00000 0.00000 0.00000 1.00000 1.00000
0.10000 6.35565 3.67378 2.79755 849.00000 600.00000 0.00000 0.00000 1.00000 1.00000
0.10000 6.36004 3.67632 2.79860 849.00000 600.00000 0.00000 0.00000 1.00000 1.00000
0.10000 6.36443 3.67886 2.79966 849.00000 600.00000 0.00000 0.00000 1.00000 1.00000
0.10000 6.36882 3.68140 2.80072 849.00000 600.00000 0.00000 0.00000 1.00000 1.00000
0.10000 6.37322 3.68394 2.80179 849.00000 600.00000 0.00000 0.00000 1.00000 1.00000
0.10000 6.37762 3.68648 2.80285 849.00000 600.00000 0.00000 0.00000 1.00000 1.00000
0.10000 6.38202 3.68903 2.80392 849.00000 600.00000 0.00000 0.00000 1.00000 1.00000
0.10000 6.38642 3.69157 2.80499 849.00000 600.00000 0.00000 0.00000 1.00000 1.00000
0.10000 6.39083 3.69412 2.80606 849.00000 600.00000 0.00000 0.00000 1.00000 1.00000
0.10000 6.39524 3.69667 2.80713 849.00000 600.00000 0.00000 0.00000 1.00000 1.00000
0.10000 6.39965 3.69922 2.80820 849.00000 600.00000 0.00000 0.00000 1.00000 1.00000
0.10000 6.40406 3.70177 2.80928 849.00000 600.00000 0.00000 0.00000 1.00000 1.00000
0.10000 6.40847 3.70432 2.81036 849.00000 600.00000 0.00000 0.00000 1.00000 1.00000
0.10000 6.41288 3.70687 2.81144 849.00000 600.00000 0.00000 0.00000 1.00000 1.00000
0.10000 6.41730 3.70942 2.81252 849.00000 600.00000 0.00000 0.00000 1.00000 1.00000
0.10000 6.42172 3.71197 2.81360 849.00000 600.00000 0.00000 0.00000 1.00000 1.00000
0.10000 6.42613 3.71453 2.81469 849.00000 600.00000 0.00000 0.00000 1.00000 1.00000
0.10000 6.43055 3.71708 2.81578 849.00000 600.00000 0.00000 0.00000 1.00000 1.00000
0.10000 6.43497 3.71963 2.81686 849.00000 600.00000 0.00000 0.00000 1.00000 1.00000
0.10000 6.43939 3.72219 2.81795 849.00000 600.00000 0.00000 0.00000 1.00000 1.00000
0.10000 6.44381 3.72474 2.81905 849.00000 600.00000 0.00000 0.00000 1.00000 1.00000
0.10000 6.44823 3.72730 2.82014 849.00000 600.00000 0.00000 0.00000 1.00000 1.00000
0.10000 6.45265 3.72985 2.82123 849.00000 600.00000 0.00000 0.00000 1.00000 1.00000
0.10000 6.45707 3.73241 2.82233 849.00000 600.00000 0.00000 0.00000 1.00000 1.00000
0.10000 6.46149 3.73496 2.82343 849.00000 600.00000 0.00000 0.00000 1.00000 1.00000
0.10000 6.46591 3.73752 2.82453 849.00000 600.00000 0.00000 0.00000 1.00000 1.00000
0.10000 6.47033 3.74007 2.82563 849.00000 600.00000 0.00000 0.00000 1.00000 1.00000
0.10000 6.47475 3.74263 2.82673 849.00000 600.00000 0.00000 0.00000 1.00000 1.00000
0.10000 6.47916 3.74518 2.82783 849.00000 600.00000 0.00000 0.00000 1.00000 1.00000
0.10000 6.48358 3.74774 2.82894 849.00000 600.00000 0.00000 0.00000 1.00000 1.00000
0.10000 6.48800 3.75029 2.83004 849.00000 600.00000 0.00000 0.00000 1.00000 1.00000
0.10000 6.49242 3.75284 2.83115 849.00000 600.00000 0.00000 0.00000 1.00000 1.00000
0.10000 6.49683 3.75540 2.83226 849.00000 600.00000 0.00000 0.00000 1.00000 1.00000
0.10000 6.50125 3.75795 2.83337 849.00000 600.00000 0.00000 0.00000 1.00000 1.00000
0.10000 6.50566 3.76050 2.83448 849.00000 600.00000 0.00000 0.00000 1.00000 1.00000
0.10000 6.51008 3.76305 2.83559 849.00000 600.00000 0.00000 0.00000 1.00000 1.00000
0.10000 6.51449 3.76560 2.83670 849.00000 600.00000 0.00000 0.00000 1.00000 1.00000
0.10000 6.51890 3.76815 2.83782 849.00000 600.00000 0.00000 0.00000 1.00000 1.00000
0.10000 6.52331 3.77070 2.83893 849.00000 600.00000 0.00000 0.00000 1.00000 1.00000
0.10000 6.52772 3.77325 2.84005 849.00000 600.00000 0.00000 0.00000 1.00000 1.00000
0.10000 6.53212 3.77579 2.84116 849.00000 600.00000 0.00000 0.00000 1.00000 1.00000
0.10000 6.53653 3.77834 2.84228 849.00000 600.00000 0.00000 0.00000 1.00000 1.00000
0.10000 6.54093 3.78088 2.84340 849.00000 600.00000 0.00000 0.00000 1.00000 1.00000
0.10000 6.54533 3.78343 2.84452 849.00000 600.00000 0.00000 0.00000 1.00000 1.00000
0.10000 6.54972 3.78597 2.84564 849.00000 600.00000 0.00000 0.00000 1.00000 1.00000
0.10000 6.55412 3.78851 2.84676 849.00000 600.00000 0.00000 0.00000 1.00000 1.00000
0.10000 6.55851 3.79105 2.84789 849.00000 600.00000 0.00000 0.00000 1.00000 1.00000
0.10000 6.56290 3.79359 2.84901 849.00000 600.00000 0.00000 0.00000 1.00000 1.00000
0.10000 6.56729 3.79612 2.85013 849.00000 600.00000 0.00000 0.00000 1.00000 1.00000
0.10000 6.57167 3.79866 2.85126 849.00000 600.00000 0.00000 0.00000 1.00000 1.00000
0.10000 6.57606 3.80119 2.85239 849.00000 600.00000 0.00000 0.00000 1.00000 1.00000
0.10000 6.58044 3.80372 2.85351 849.00000 600.00000 0.00000 0.00000 1.00000 1.00000
0.10000 6.58481 3.80625 2.85464 849.00000 600.00000 0.00000 0.00000 1.00000 1.00000
0.10000 6.58918 3.80878 2.85577 849.00000 600.00000 0.00000 0.00000 1.00000 1.00000
0.10000 6.59355 3.81130 2.85689 849.00000 600.00000 0.00000 0.00000 1.00000 1.00000
0.10000 6.59792 3.81383 2.85802 849.00000 600.00000 0.00000 0.00000 1.00000 1.00000
0.10000 6.60228 3.81635 2.85915 849.00000 600.00000 0.00000 0.00000 1.00000 1.00000
0.10000 6.60664 3.81887 2.86028 849.00000 600.00000 0.00000 0.00000 1.00000 1.00000
0.10000 6.61100 3.82138 2.86141 849.00000 600.00000 0.00000 0.00000 1.00000 1.00000
0.10000 6.61535 3.82390 2.86254 849.00000 600.00000 0.00000 0.00000 1.00000 1.00000
0.10000 6.61969 3.82641 2.86367 849.00000 600.00000 0.00000 0.00000 1.00000 1.00000
0.10000 6.62404 3.82892 2.86481 849.00000 600.00000 0.00000 0.00000 1.00000 1.00000
0.10000 6.62838 3.83143 2.86594 849.00000 600.00000 0.00000 0.00000 1.00000 1.00000
0.10000 6.63271 3.83394 2.86707 849.00000 600.00000 0.00000 0.00000 1.00000 1.00000
0.10000 6.63704 3.83644 2.86820 849.00000 600.00000 0.00000 0.00000 1.00000 1.00000
0.10000 6.64137 3.83894 2.86933 849.00000 600.00000 0.00000 0.00000 1.00000 1.00000
0.10000 6.64569 3.84144 2.87047 849.00000 600.00000 0.00000 0.00000 1.00000 1.00000
0.10000 6.65001 3.84393 2.87160 849.00000 600.00000 0.00000 0.00000 1.00000 1.00000
0.10000 6.65432 3.84643 2.87273 849.00000 600.00000 0.00000 0.00000 1.00000 1.00000
0.10000 6.65863 3.84892 2.87386 849.00000 600.00000 0.00000 0.00000 1.00000 1.00000
0.10000 6.66293 3.85140 2.87500 849.00000 600.00000 0.00000 0.00000 1.00000 1.00000
0.10000 6.66723 3.85389 2.87613 849.00000 600.00000 0.00000 0.00000 1.00000 1.00000
0.10000 6.67152 3.85637 2.87726 849.00000 600.00000 0.00000 0.00000 1.00000 1.00000
0.10000 6.67581 3.85885 2.87840 849.00000 600.00000 0.00000 0.00000 1.00000 1.00000
0.10000 6.68009 3.86132 2.87953 849.00000 600.00000 0.00000 0.00000 1.00000 1.00000
0.10000 6.68437 3.86380 2.88067 849.00000 600.00000 0.00000 0.00000 1.00000 1.00000
0.10000 6.68864 3.86627 2.88180 849.00000 600.00000 0.00000 0.00000 1.00000 1.00000
0.10000 6.69291 3.86873 2.88293 849.00000 600.00000 0.00000 0.00000 1.00000 1.00000
0.10000 6.69717 3.87120 2.88407 849.00000 600.00000 0.00000 0.00000 1.00000 1.00000
0.10000 6.70143 3.87366 2.88520 849.00000 600.00000 0.00000 0.00000 1.00000 1.00000
0.10000 6.70568 3.87612 2.88633 849.00000 600.00000 0.00000 0.00000 1.00000 1.00000
0.10000 6.70993 3.87857 2.88747 849.00000 600.00000 0.00000 0.00000 1.00000 1.00000
0.10000 6.71417 3.88102 2.88860 849.00000 600.00000 0.00000 0.00000 1.00000 1.00000
0.10000 6.71840 3.88347 2.88973 849.00000 600.00000 0.00000 0.00000 1.00000 1.00000
0.10000 6.72263 3.88591 2.89086 849.00000 600.00000 0.00000 0.00000 1.00000 1.00000
0.10000 6.72685 3.88835 2.89200 849.00000 600.00000 0.00000 0.00000 1.00000 1.00000
0.10000 6.73107 3.89079 2.89313 849.00000 600.00000 0.00000 0.00000 1.00000 1.00000
0.10000 6.73528 3.89323 2.89426 849.00000 600.00000 0.00000 0.00000 1.00000 1.00000
0.10000 6.73948 3.89566 2.89539 849.00000 600.00000 0.00000 0.00000 1.00000 1.00000
0.10000 6.74368 3.89808 2.89652 849.00000 600.00000 0.00000 0.00000 1.00000 1.00000
0.10000 6.74788 3.90051 2.89765 849.00000 600.00000 0.00000 0.00000 1.00000 1.00000
0.10000 6.75206 3.90293 2.89878 849.00000 600.00000 0.00000 0.00000 1.00000 1.00000
0.10000 6.75624 3.90534 2.89991 849.00000 600.00000 0.00000 0.00000 1.00000 1.00000
0.10000 6.76042 3.90776 2.90104 849.00000 600.00000 0.00000 0.00000 1.00000 1.00000
0.10000 6.76458 3.91016 2.90217 849.00000 600.00000 0.00000 0.00000 1.00000 1.00000
0.10000 6.76875 3.91257 2.90330 849.00000 600.00000 0.00000 0.00000 1.00000 1.00000
0.10000 6.77290 3.91497 2.90443 849.00000 600.00000 0.00000 0.00000 1.00000 1.00000
0.10000 6.77705 3.91737 2.90556 849.00000 600.00000 0.00000 0.00000 1.00000 1.00000
0.10000 6.78119 3.91976 2.90669 849.00000 600.00000 0.00000 0.00000 1.00000 1.00000
0.10000 6.78532 3.92215 2.90781 849.00000 600.00000 0.00000 0.00000 1.00000 1.00000
0.10000 6.78945 3.92454 2.90894 849.00000 600.00000 0.00000 0.00000 1.00000 1.00000
0.10000 6.79357 3.92692 2.91006 849.00000 600.00000 0.00000 0.00000 1.00000 1.00000
0.10000 6.79768 3.92930 2.91119 849.00000 600.00000 0.00000 0.00000 1.00000 1.00000
0.10000 6.80179 3.93167 2.91231 849.00000 600.00000 0.00000 0.00000 1.00000 1.00000
0.10000 6.80589 3.93404 2.91343 849.00000 600.00000 0.00000 0.00000 1.00000 1.00000
0.10000 6.80998 3.93641 2.91456 849.00000 600.00000 0.00000 0.00000 1.00000 1.00000
0.10000 6.81407 3.93877 2.91568 849.00000 600.00000 0.00000 0.00000 1.00000 1.00000
0.10000 6.81814 3.94112 2.91680 849.00000 600.00000 0.00000 0.00000 1.00000 1.00000
0.10000 6.82221 3.94348 2.91792 849.00000 600.00000 0.00000 0.00000 1.00000 1.00000
0.10000 6.82628 3.94583 2.91904 849.00000 600.00000 0.00000 0.00000 1.00000 1.00000
0.10000 6.83033 3.94817 2.92016 849.00000 600.00000 0.00000 0.00000 1.00000 1.00000
0.10000 6.83438 3.95051 2.92128 849.00000 600.00000 0.00000 0.00000 1.00000 1.00000
0.10000 6.83842 3.95284 2.92239 849.00000 600.00000 0.00000 0.00000 1.00000 1.00000
0.10000 6.84245 3.95517 2.92351 849.00000 600.00000 0.00000 0.00000 1.00000 1.00000
0.10000 6.84648 3.95750 2.92462 849.00000 600.00000 0.00000 0.00000 1.00000 1.00000
0.10000 6.85049 3.95982 2.92574 849.00000 600.00000 0.00000 0.00000 1.00000 1.00000
0.10000 6.85450 3.96214 2.92685 849.00000 600.00000 0.00000 0.00000 1.00000 1.00000
0.10000 6.85850 3.96445 2.92796 849.00000 600.00000 0.00000 0.00000 1.00000 1.00000
0.10000 6.86249 3.96676 2.92907 849.00000 600.00000 0.00000 0.00000 1.00000 1.00000
0.10000 6.86648 3.96906 2.93018 849.00000 600.00000 0.00000 0.00000 1.00000 1.00000
0.10000 6.87046 3.97136 2.93129 849.00000 600.00000 0.00000 0.00000 1.00000 1.00000
0.10000 6.87442 3.97366 2.93240 849.00000 600.00000 0.00000 0.00000 1.00000 1.00000
0.10000 6.87839 3.97595 2.93351 849.00000 600.00000 0.00000 0.00000 1.00000 1.00000
0.10000 6.88234 3.97823 2.93461 849.00000 600.00000 0.00000 0.00000 1.00000 1.00000
0.10000 6.88628 3.98051 2.93572 849.00000 600.00000 0.00000 0.00000 1.00000 1.00000
0.10000 6.89022 3.98279 2.93682 849.00000 600.00000 0.00000 0.00000 1.00000 1.00000
0.10000 6.89415 3.98506 2.93792 849.00000 600.00000 0.00000 0.00000 1.00000 1.00000
0.10000 6.89807 3.98732 2.93902 849.00000 600.00000 0.00000 0.00000 1.00000 1.00000
0.10000 6.90198 3.98959 2.94012 849.00000 600.00000 0.00000 0.00000 1.00000 1.00000
0.10000 6.90589 3.99184 2.94122 849.00000 600.00000 0.00000 0.00000 1.00000 1.00000
0.10000 6.90978 3.99409 2.94232 849.00000 600.00000 0.00000 0.00000 1.00000 1.00000
0.10000 6.91367 3.99634 2.94341 849.00000 600.00000 0.00000 0.00000 1.00000 1.00000
0.10000 6.91755 3.99858 2.94451 849.00000 600.00000 0.00000 0.00000 1.00000 1.00000
0.10000 6.92142 4.00082 2.94560 849.00000 600.00000 0.00000 0.00000 1.00000 1.00000
0.10000 6.92528 4.00305 2.94670 849.00000 600.00000 0.00000 0.00000 1.00000 1.00000
0.10000 6.92914 4.00528 2.94779 849.00000 600.00000 0.00000 0.00000 1.00000 1.00000
0.10000 6.93299 4.00751 2.94888 849.00000 600.00000 0.00000 0.00000 1.00000 1.00000
0.10000 6.93682 4.00972 2.94997 849.00000 600.00000 0.00000 0.00000 1.00000 1.00000
0.10000 6.94065 4.01194 2.95105 849.00000 600.00000 0.00000 0.00000 1.00000 1.00000
0.10000 6.94447 4.01415 2.95214 849.00000 600.00000 0.00000 0.00000 1.00000 1.00000
0.10000 6.94829 4.01635 2.95322 849.00000 600.00000 0.00000 0.00000 1.00000 1.00000
0.10000 6.95209 4.01855 2.95431 849.00000 600.00000 0.00000 0.00000 1.00000 1.00000
0.10000 6.95588 4.02074 2.95539 849.00000 600.00000 0.00000 0.00000 1.00000 1.00000
0.10000 6.95967 4.02293 2.95647 849.00000 600.00000 0.00000 0.00000 1.00000 1.00000
0.10000 6.96345 4.02512 2.95755 849.00000 600.00000 0.00000 0.00000 1.00000 1.00000
0.10000 6.96722 4.02729 2.95863 849.00000 600.00000 0.00000 0.00000 1.00000 1.00000
0.10000 6.97098 4.02947 2.95970 849.00000 600.00000 0.00000 0.00000 1.00000 1.00000
0.10000 6.97473 4.03164 2.96078 849.00000 600.00000 0.00000 0.00000 1.00000 1.00000
0.10000 6.97848 4.03380 2.96185 849.00000 600.00000 0.00000 0.00000 1.00000 1.00000
0.10000 6.98221 4.03596 2.96292 849.00000 600.00000 0.00000 0.00000 1.00000 1.00000
0.10000 6.98594 4.03811 2.96399 849.00000 600.00000 0.00000 0.00000 1.00000 1.00000
0.10000 6.98965 4.04026 2.96506 849.00000 600.00000 0.00000 0.00000 1.00000 1.00000
0.10000 6.99336 4.04241 2.96613 849.00000 600.00000 0.00000 0.00000 1.00000 1.00000
0.10000 6.99706 4.04454 2.96719 849.00000 600.00000 0.00000 0.00000 1.00000 1.00000
0.10000 7.00075 4.04668 2.96826 849.00000 600.00000 0.00000 0.00000 1.00000 1.00000
0.10000 7.00443 4.04881 2.96932 849.00000 600.00000 0.00000 0.00000 1.00000 1.00000
0.10000 7.00811 4.05093 2.97038 849.00000 600.00000 0.00000 0.00000 1.00000 1.00000
0.10000 7.01177 4.05305 2.97144 849.00000 600.00000 0.00000 0.00000 1.00000 1.00000
0.10000 7.01542 4.05516 2.97250 849.00000 600.00000 0.00000 0.00000 1.00000 1.00000
0.10000 7.01907 4.05727 2.97356 849.00000 600.00000 0.00000 0.00000 1.00000 1.00000
0.10000 7.02271 4.05937 2.97461 849.00000 600.00000 0.00000 0.00000 1.00000 1.00000
0.10000 7.02633 4.06147 2.97566 849.00000 600.00000 0.00000 0.00000 1.00000 1.00000
0.10000 7.02995 4.06356 2.97671 849.00000 600.00000 0.00000 0.00000 1.00000 1.00000
0.10000 7.03356 4.06564 2.97776 849.00000 600.00000 0.00000 0.00000 1.00000 1.00000
0.10000 7.03716 4.06772 2.97881 849.00000 600.00000 0.00000 0.00000 1.00000 1.00000
0.10000 7.04075 4.06980 2.97986 849.00000 600.00000 0.00000 0.00000 1.00000 1.00000
0.10000 7.04434 4.07187 2.98090 849.00000 600.00000 0.00000 0.00000 1.00000 1.00000
0.10000 7.04791 4.07394 2.98194 849.00000 600.00000 0.00000 0.00000 1.00000 1.00000
0.10000 7.05147 4.07600 2.98298 849.00000 600.00000 0.00000 0.00000 1.00000 1.00000
0.10000 7.05503 4.07805 2.98402 849.00000 600.00000 0.00000 0.00000 1.00000 1.00000
0.10000 7.05857 4.08010 2.98506 849.00000 600.00000 0.00000 0.00000 1.00000 1.00000
0.10000 7.06210 4.08214 2.98609 849.00000 600.00000 0.00000 0.00000 1.00000 1.00000
0.10000 7.06563 4.08418 2.98713 849.00000 600.00000 0.00000 0.00000 1.00000 1.00000
0.10000 7.06915 4.08621 2.98816 849.00000 600.00000 0.00000 0.00000 1.00000 1.00000
0.10000 7.07265 4.08824 2.98919 849.00000 600.00000 0.00000 0.00000 1.00000 1.00000
0.10000 7.07615 4.09026 2.99022 849.00000 600.00000 0.00000 0.00000 1.00000 1.00000
0.10000 7.07964 4.09228 2.99124 849.00000 600.00000 0.00000 0.00000 1.00000 1.00000
0.10000 7.08312 4.09429 2.99227 849.00000 600.00000 0.00000 0.00000 1.00000 1.00000
0.10000 7.08658 4.09629 2.99329 849.00000 600.00000 0.00000 0.00000 1.00000 1.00000
0.10000 7.09004 4.09829 2.99431 849.00000 600.00000 0.00000 0.00000 1.00000 1.00000
0.10000 7.09349 4.10028 2.99532 849.00000 600.00000 0.00000 0.00000 1.00000 1.00000
0.10000 7.09693 4.10227 2.99634 849.00000 600.00000 0.00000 0.00000 1.00000 1.00000
0.10000 7.10036 4.10425 2.99735 849.00000 600.00000 0.00000 0.00000 1.00000 1.00000
0.10000 7.10378 4.10623 2.99837 849.00000 600.00000 0.00000 0.00000 1.00000 1.00000
0.10000 7.10719 4.10820 2.99937 849.00000 600.00000 0.00000 0.00000 1.00000 1.00000
0.10000 7.11059 4.11017 3.00038 849.00000 600.00000 0.00000 0.00000 1.00000 1.00000
0.10000 7.11398 4.11213 3.00139 849.00000 600.00000 0.00000 0.00000 1.00000 1.00000
0.10000 7.11736 4.11408 3.00239 849.00000 600.00000 0.00000 0.00000 1.00000 1.00000
0.10000 7.12073 4.11603 3.00339 849.00000 600.00000 0.00000 0.00000 1.00000 1.00000
0.10000 7.12409 4.11797 3.00439 849.00000 600.00000 0.00000 0.00000 1.00000 1.00000
0.10000 7.12744 4.11991 3.00539 849.00000 600.00000 0.00000 0.00000 1.00000 1.00000
0.10000 7.13078 4.12184 3.00638 849.00000 600.00000 0.00000 0.00000 1.00000 1.00000
0.10000 7.13411 4.12376 3.00737 849.00000 600.00000 0.00000 0.00000 1.00000 1.00000
0.10000 7.13743 4.12568 3.00836 849.00000 600.00000 0.00000 0.00000 1.00000 1.00000
0.10000 7.14074 4.12759 3.00935 849.00000 600.00000 0.00000 0.00000 1.00000 1.00000
0.10000 7.14404 4.12950 3.01034 849.00000 600.00000 0.00000 0.00000 1.00000 1.00000
0.10000 7.14733 4.13140 3.01132 849.00000 600.00000 0.00000 0.00000 1.00000 1.00000
0.10000 7.15060 4.13330 3.01230 849.00000 600.00000 0.00000 0.00000 1.00000 1.00000
0.10000 7.15387 4.13519 3.01328 849.00000 600.00000 0.00000 0.00000 1.00000 1.00000
0.10000 7.15713 4.13707 3.01426 849.00000 600.00000 0.00000 0.00000 1.00000 1.00000
0.10000 7.16038 4.13895 3.01523 849.00000 600.00000 0.00000 0.00000 1.00000 1.00000
0.10000 7.16361 4.14082 3.01620 849.00000 600.00000 0.00000 0.00000 1.00000 1.00000
0.10000 7.16684 4.14268 3.01717 849.00000 600.00000 0.00000 0.00000 1.00000 1.00000
0.10000 7.17006 4.14454 3.01814 849.00000 600.00000 0.00000 0.00000 1.00000 1.00000
0.10000 7.17326 4.14639 3.01910 849.00000 600.00000 0.00000 0.00000 1.00000 1.00000
0.10000 7.17646 4.14824 3.02006 849.00000 600.00000 0.00000 0.00000 1.00000 1.00000
0.10000 7.17964 4.15008 3.02102 849.00000 600.00000 0.00000 0.00000 1.00000 1.00000
0.10000 7.18282 4.15192 3.02198 849.00000 600.00000 0.00000 0.00000 1.00000 1.00000
0.10000 7.18598 4.15375 3.02293 849.00000 600.00000 0.00000 0.00000 1.00000 1.00000
0.10000 7.18913 4.15557 3.02388 849.00000 600.00000 0.00000 0.00000 1.00000 1.00000
0.10000 7.19227 4.15738 3.02483 849.00000 600.00000 0.00000 0.00000 1.00000 1.00000
0.10000 7.19540 4.15919 3.02578 849.00000 600.00000 0.00000 0.00000 1.00000 1.00000
0.10000 7.19852 4.16100 3.02672 849.00000 600.00000 0.00000 0.00000 1.00000 1.00000
0.10000 7.20163 4.16279 3.02767 849.00000 600.00000 0.00000 0.00000 1.00000 1.00000
0.10000 7.20473 4.16459 3.02861 849.00000 600.00000 0.00000 0.00000 1.00000 1.00000
0.10000 7.20782 4.16637 3.02954 849.00000 600.00000 0.00000 0.00000 1.00000 1.00000
0.10000 7.21090 4.16815 3.03048 849.00000 600.00000 0.00000 0.00000 1.00000 1.00000
0.10000 7.21397 4.16992 3.03141 849.00000 600.00000 0.00000 0.00000 1.00000 1.00000
0.10000 7.21702 4.17169 3.03234 849.00000 600.00000 0.00000 0.00000 1.00000 1.00000
0.10000 7.22007 4.17345 3.03326 849.00000 600.00000 0.00000 0.00000 1.00000 1.00000
0.10000 7.22311 4.17521 3.03419 849.00000 600.00000 0.00000 0.00000 1.00000 1.00000
0.10000 7.22613 4.17696 3.03511 849.00000 600.00000 0.00000 0.00000 1.00000 1.00000
0.10000 7.22915 4.17870 3.03603 849.00000 600.00000 0.00000 0.00000 1.00000 1.00000
0.10000 7.23216 4.18044 3.03695 849.00000 600.00000 0.00000 0.00000 1.00000 1.00000
0.10000 7.23516 4.18217 3.03786 849.00000 600.00000 0.00000 0.00000 1.00000 1.00000
0.10000 7.23814 4.18390 3.03877 849.00000 600.00000 0.00000 0.00000 1.00000 1.00000
0.10000 7.24112 4.18562 3.03968 849.00000 600.00000 0.00000 0.00000 1.00000 1.00000
0.10000 7.24409 4.18734 3.04059 849.00000 600.00000 0.00000 0.00000 1.00000 1.00000
0.10000 7.24705 4.18905 3.04150 849.00000 600.00000 0.00000 0.00000 1.00000 1.00000
0.10000 7.25000 4.19075 3.04240 849.00000 600.00000 0.00000 0.00000 1.00000 1.00000
0.10000 7.25295 4.19245 3.04330 849.00000 600.00000 0.00000 0.00000 1.00000 1.00000
0.10000 7.25588 4.19415 3.04420 849.00000 600.00000 0.00000 0.00000 1.00000 1.00000
0.10000 7.25880 4.19584 3.04510 849.00000 600.00000 0.00000 0.00000 1.00000 1.00000
0.10000 7.26172 4.19753 3.04599 849.00000 600.00000 0.00000 0.00000 1.00000 1.00000
0.10000 7.26463 4.19921 3.04689 849.00000 600.00000 0.00000 0.00000 1.00000 1.00000
0.10000 7.26752 4.20088 3.04778 849.00000 600.00000 0.00000 0.00000 1.00000 1.00000
0.10000 7.27041 4.20255 3.04867 849.00000 600.00000 0.00000 0.00000 1.00000 1.00000
0.10000 7.27330 4.20422 3.04956 849.00000 600.00000 0.00000 0.00000 1.00000 1.00000
0.10000 7.27617 4.20588 3.05044 849.00000 600.00000 0.00000 0.00000 1.00000 1.00000
0.10000 7.27903 4.20753 3.05132 849.00000 600.00000 0.00000 0.00000 1.00000 1.00000
0.10000 7.28189 4.20919 3.05221 849.00000 600.00000 0.00000 0.00000 1.00000 1.00000
0.10000 7.28474 4.21083 3.05308 849.00000 600.00000 0.00000 0.00000 1.00000 1.00000
0.10000 7.28758 4.21248 3.05396 849.00000 600.00000 0.00000 0.00000 1.00000 1.00000
0.10000 7.29042 4.21411 3.05484 849.00000 600.00000 0.00000 0.00000 1.00000 1.00000
0.10000 7.29324 4.21575 3.05571 849.00000 600.00000 0.00000 0.00000 1.00000 1.00000
0.10000 7.29606 4.21738 3.05658 849.00000 600.00000 0.00000 0.00000 1.00000 1.00000
0.10000 7.29887 4.21900 3.05746 849.00000 600.00000 0.00000 0.00000 1.00000 1.00000
0.10000 7.30168 4.22062 3.05832 849.00000 600.00000 0.00000 0.00000 1.00000 1.00000
0.10000 7.30448 4.22224 3.05919 849.00000 600.00000 0.00000 0.00000 1.00000 1.00000
0.10000 7.30727 4.22385 3.06006 849.00000 600.00000 0.00000 0.00000 1.00000 1.00000
0.10000 7.31005 4.22546 3.06092 849.00000 600.00000 0.00000 0.00000 1.00000 1.00000
0.10000 7.31282 4.22707 3.06178 849.00000 600.00000 0.00000 0.00000 1.00000 1.00000
0.10000 7.31559 4.22867 3.06264 849.00000 600.00000 0.00000 0.00000 1.00000 1.00000
0.10000 7.31836 4.23026 3.06350 849.00000 600.00000 0.00000 0.00000 1.00000 1.00000
0.10000 7.32111 4.23186 3.06436 849.00000 600.00000 0.00000 0.00000 1.00000 1.00000
0.10000 7.32386 4.23345 3.06522 849.00000 600.00000 0.00000 0.00000 1.00000 1.00000
0.10000 7.32661 4.23503 3.06607 849.00000 600.00000 0.00000 0.00000 1.00000 1.00000
0.10000 7.32934 4.23661 3.06693 849.00000 600.00000 0.00000 0.00000 1.00000 1.00000
0.10000 7.33207 4.23819 3.06778 849.00000 600.00000 0.00000 0.00000 1.00000 1.00000
0.10000 7.33480 4.23977 3.06863 849.00000 600.00000 0.00000 0.00000 1.00000 1.00000
0.10000 7.33752 4.24134 3.06948 849.00000 600.00000 0.00000 0.00000 1.00000 1.00000
0.10000 7.34023 4.24291 3.07032 849.00000 600.00000 0.00000 0.00000 1.00000 1.00000
0.10000 7.34294 4.24447 3.07117 849.00000 600.00000 0.00000 0.00000 1.00000 1.00000
0.10000 7.34564 4.24603 3.07202 849.00000 600.00000 0.00000 0.00000 1.00000 1.00000
0.10000 7.34833 4.24759 3.07286 849.00000 600.00000 0.00000 0.00000 1.00000 1.00000
0.10000 7.35102 4.24915 3.07370 849.00000 600.00000 0.00000 0.00000 1.00000 1.00000
0.10000 7.35370 4.25070 3.07454 849.00000 600.00000 0.00000 0.00000 1.00000 1.00000
0.10000 7.35638 4.25224 3.07538 849.00000 600.00000 0.00000 0.00000 1.00000 1.00000
0.10000 7.35905 4.25378 3.07622 849.00000 600.00000 0.00000 0.00000 1.00000 1.00000
0.10000 7.36171 4.25532 3.07705 849.00000 600.00000 0.00000 0.00000 1.00000 1.00000
0.10000 7.36436 4.25685 3.07789 849.00000 600.00000 0.00000 0.00000 1.00000 1.00000
0.10000 7.36700 4.25838 3.07872 849.00000 600.00000 0.00000 0.00000 1.00000 1.00000
0.10000 7.36963 4.25990 3.07955 849.00000 600.00000 0.00000 0.00000 1.00000 1.00000
0.10000 7.37226 4.26142 3.08037 849.00000 600.00000 0.00000 0.00000 1.00000 1.00000
0.10000 7.37487 4.26293 3.08120 849.00000 600.00000 0.00000 0.00000 1.00000 1.00000
0.10000 7.37748 4.26444 3.08202 849.00000 600.00000 0.00000 0.00000 1.00000 1.00000
0.10000 7.38007 4.26594 3.08284 849.00000 600.00000 0.00000 0.00000 1.00000 1.00000
0.10000 7.38266 4.26743 3.08365 849.00000 600.00000 0.00000 0.00000 1.00000 1.00000
0.10000 7.38523 4.26892 3.08446 849.00000 600.00000 0.00000 0.00000 1.00000 1.00000
0.10000 7.38779 4.27040 3.08527 849.00000 600.00000 0.00000 0.00000 1.00000 1.00000
0.10000 7.39034 4.27187 3.08608 849.00000 600.00000 0.00000 0.00000 1.00000 1.00000
0.10000 7.39288 4.27334 3.08688 849.00000 600.00000 0.00000 0.00000 1.00000 1.00000
0.10000 7.39541 4.27480 3.08768 849.00000 600.00000 0.00000 0.00000 1.00000 1.00000
0.10000 7.39792 4.27626 3.08848 849.00000 600.00000 0.00000 0.00000 1.00000 1.00000
0.10000 7.40043 4.27770 3.08927 849.00000 600.00000 0.00000 0.00000 1.00000 1.00000
0.10000 7.40291 4.27914 3.09006 849.00000 600.00000 0.00000 0.00000 1.00000 1.00000
0.10000 7.40539 4.28057 3.09084 849.00000 600.00000 0.00000 0.00000 1.00000 1.00000
0.10000 7.40785 4.28199 3.09162 849.00000 600.00000 0.00000 0.00000 1.00000 1.00000
0.10000 7.41030 4.28341 3.09240 849.00000 600.00000 0.00000 0.00000 1.00000 1.00000
0.10000 7.41273 4.28481 3.09317 849.00000 600.00000 0.00000 0.00000 1.00000 1.00000
0.10000 7.41515 4.28621 3.09394 849.00000 600.00000 0.00000 0.00000 1.00000 1.00000
0.10000 7.41755 4.28760 3.09470 849.00000 600.00000 0.00000 0.00000 1.00000 1.00000
0.10000 7.41994 4.28898 3.09546 849.00000 600.00000 0.00000 0.00000 1.00000 1.00000
0.10000 7.42231 4.29035 3.09622 849.00000 600.00000 0.00000 0.00000 1.00000 1.00000
0.10000 7.42466 4.29171 3.09697 849.00000 600.00000 0.00000 0.00000 1.00000 1.00000
0.10000 7.42700 4.29306 3.09771 849.00000 600.00000 0.00000 0.00000 1.00000 1.00000
0.10000 7.42932 4.29441 3.09845 849.00000 600.00000 0.00000 0.00000 1.00000 1.00000
0.10000 7.43163 4.29574 3.09919 849.00000 600.00000 0.00000 0.00000 1.00000 1.00000
0.10000 7.43391 4.29706 3.09992 849.00000 600.00000 0.00000 0.00000 1.00000 1.00000
0.10000 7.43618 4.29837 3.10064 849.00000 600.00000 0.00000 0.00000 1.00000 1.00000
0.10000 7.43844 4.29967 3.10136 849.00000 600.00000 0.00000 0.00000 1.00000 1.00000
0.10000 7.44067 4.30096 3.10207 849.00000 600.00000 0.00000 0.00000 1.00000 1.00000
0.10000 7.44288 4.30224 3.10278 849.00000 600.00000 0.00000 0.00000 1.00000 1.00000
0.10000 7.44508 4.30351 3.10348 849.00000 600.00000 0.00000 0.00000 1.00000 1.00000
0.10000 7.44725 4.30477 3.10418 849.00000 600.00000 0.00000 0.00000 1.00000 1.00000
0.10000 7.44941 4.30602 3.10487 849.00000 600.00000 0.00000 0.00000 1.00000 1.00000
0.10000 7.45154 4.30725 3.10555 849.00000 600.00000 0.00000 0.00000 1.00000 1.00000
0.10000 7.45366 4.30847 3.10623 849.00000 600.00000 0.00000 0.00000 1.00000 1.00000
0.10000 7.45575 4.30968 3.10690 849.00000 600.00000 0.00000 0.00000 1.00000 1.00000
0.10000 7.45783 4.31088 3.10756 849.00000 600.00000 0.00000 0.00000 1.00000 1.00000
0.10000 7.45988 4.31207 3.10822 849.00000 600.00000 0.00000 0.00000 1.00000 1.00000
0.10000 7.46191 4.31324 3.10887 849.00000 600.00000 0.00000 0.00000 1.00000 1.00000
0.10000 7.46392 4.31440 3.10952 849.00000 600.00000 0.00000 0.00000 1.00000 1.00000
0.10000 7.46590 4.31555 3.11016 849.00000 600.00000 0.00000 0.00000 1.00000 1.00000
0.10000 7.46786 4.31668 3.11079 849.00000 600.00000 0.00000 0.00000 1.00000 1.00000
0.10000 7.46981 4.31781 3.11141 849.00000 600.00000 0.00000 0.00000 1.00000 1.00000
0.10000 7.47173 4.31892 3.11203 849.00000 600.00000 0.00000 0.00000 1.00000 1.00000
0.10000 7.47363 4.32001 3.11264 849.00000 600.00000 0.00000 0.00000 1.00000 1.00000
0.10000 7.47550 4.32110 3.11324 849.00000 600.00000 0.00000 0.00000 1.00000 1.00000
0.10000 7.47736 4.32217 3.11384 849.00000 600.00000 0.00000 0.00000 1.00000 1.00000
0.10000 7.47919 4.32323 3.11443 849.00000 600.00000 0.00000 0.00000 1.00000 1.00000
0.10000 7.48101 4.32428 3.11502 849.00000 600.00000 0.00000 0.00000 1.00000 1.00000
0.10000 7.48280 4.32532 3.11559 849.00000 600.00000 0.00000 0.00000 1.00000 1.00000
0.10000 7.48458 4.32634 3.11617 849.00000 600.00000 0.00000 0.00000 1.00000 1.00000
0.10000 7.48633 4.32736 3.11673 849.00000 600.00000 0.00000 0.00000 1.00000 1.00000
0.10000 7.48806 4.32836 3.11729 849.00000 600.00000 0.00000 0.00000 1.00000 1.00000
0.10000 7.48977 4.32935 3.11784 849.00000 600.00000 0.00000 0.00000 1.00000 1.00000
0.10000 7.49147 4.33033 3.11839 849.00000 600.00000 0.00000 0.00000 1.00000 1.00000
0.10000 7.49314 4.33130 3.11893 849.00000 600.00000 0.00000 0.00000 1.00000 1.00000
0.10000 7.49480 4.33225 3.11947 849.00000 600.00000 0.00000 0.00000 1.00000 1.00000
0.10000 7.49643 4.33320 3.11999 849.00000 600.00000 0.00000 0.00000 1.00000 1.00000
0.10000 7.49805 4.33413 3.12052 849.00000 600.00000 0.00000 0.00000 1.00000 1.00000
0.10000 7.49964 4.33505 3.12103 849.00000 600.00000 0.00000 0.00000 1.00000 1.00000
0.10000 7.50122 4.33597 3.12154 849.00000 600.00000 0.00000 0.00000 1.00000 1.00000
0.10000 7.50278 4.33687 3.12205 849.00000 600.00000 0.00000 0.00000 1.00000 1.00000
0.10000 7.50432 4.33776 3.12255 849.00000 600.00000 0.00000 0.00000 1.00000 1.00000
0.10000 7.50585 4.33864 3.12304 849.00000 600.00000 0.00000 0.00000 1.00000 1.00000
0.10000 7.50735 4.33951 3.12353 849.00000 600.00000 0.00000 0.00000 1.00000 1.00000
0.10000 7.50884 4.34037 3.12401 849.00000 600.00000 0.00000 0.00000 1.00000 1.00000
0.10000 7.51031 4.34122 3.12449 849.00000 600.00000 0.00000 0.00000 1.00000 1.00000
0.10000 7.51176 4.34206 3.12496 849.00000 600.00000 0.00000 0.00000 1.00000 1.00000
0.10000 7.51320 4.34289 3.12542 849.00000 600.00000 0.00000 0.00000 1.00000 1.00000
0.10000 7.51462 4.34371 3.12588 849.00000 600.00000 0.00000 0.00000 1.00000 1.00000
0.10000 7.51602 4.34452 3.12634 849.00000 600.00000 0.00000 0.00000 1.00000 1.00000
0.10000 7.51740 4.34532 3.12679 849.00000 600.00000 0.00000 0.00000 1.00000 1.00000
0.10000 7.51877 4.34611 3.12723 849.00000 600.00000 0.00000 0.00000 1.00000 1.00000
0.10000 7.52012 4.34689 3.12767 849.00000 600.00000 0.00000 0.00000 1.00000 1.00000
0.10000 7.52146 4.34766 3.12811 849.00000 600.00000 0.00000 0.00000 1.00000 1.00000
0.10000 7.52278 4.34843 3.12853 849.00000 600.00000 0.00000 0.00000 1.00000 1.00000
0.10000 7.52408 4.34918 3.12896 849.00000 600.00000 0.00000 0.00000 1.00000 1.00000
0.10000 7.52537 4.34992 3.12938 849.00000 600.00000 0.00000 0.00000 1.00000 1.00000
0.10000 7.52664 4.35066 3.12979 849.00000 600.00000 0.00000 0.00000 1.00000 1.00000
0.10000 7.52789 4.35138 3.13020 849.00000 600.00000 0.00000 0.00000 1.00000 1.00000
0.10000 7.52914 4.35210 3.13060 849.00000 600.00000 0.00000 0.00000 1.00000 1.00000
0.10000 7.53036 4.35281 3.13100 849.00000 600.00000 0.00000 0.00000 1.00000 1.00000
0.10000 7.53157 4.35351 3.13140 849.00000 600.00000 0.00000 0.00000 1.00000 1.00000
0.10000 7.53277 4.35420 3.13179 849.00000 600.00000 0.00000 0.00000 1.00000 1.00000
0.10000 7.53395 4.35489 3.13217 849.00000 600.00000 0.00000 0.00000 1.00000 1.00000
0.10000 7.53512 4.35556 3.13255 849.00000 600.00000 0.00000 0.00000 1.00000 1.00000
0.10000 7.53627 4.35623 3.13293 849.00000 600.00000 0.00000 0.00000 1.00000 1.00000
0.10000 7.53741 4.35689 3.13330 849.00000 600.00000 0.00000 0.00000 1.00000 1.00000
0.10000 7.53854 4.35754 3.13367 849.00000 600.00000 0.00000 0.00000 1.00000 1.00000
0.10000 7.53965 4.35818 3.13403 849.00000 600.00000 0.00000 0.00000 1.00000 1.00000
0.10000 7.54075 4.35882 3.13439 849.00000 600.00000 0.00000 0.00000 1.00000 1.00000
0.10000 7.54184 4.35944 3.13474 849.00000 600.00000 0.00000 0.00000 1.00000 1.00000
0.10000 7.54291 4.36006 3.13509 849.00000 600.00000 0.00000 0.00000 1.00000 1.00000
0.10000 7.54397 4.36068 3.13544 849.00000 600.00000 0.00000 0.00000 1.00000 1.00000
0.10000 7.54502 4.36128 3.13578 849.00000 600.00000 0.00000 0.00000 1.00000 1.00000
0.10000 7.54605 4.36188 3.13612 849.00000 600.00000 0.00000 0.00000 1.00000 1.00000
0.10000 7.54707 4.36247 3.13645 849.00000 600.00000 0.00000 0.00000 1.00000 1.00000
0.10000 7.54808 4.36305 3.13678 849.00000 600.00000 0.00000 0.00000 1.00000 1.00000
0.10000 7.54908 4.36363 3.13711 849.00000 600.00000 0.00000 0.00000 1.00000 1.00000
0.10000 7.55006 4.36420 3.13743 849.00000 600.00000 0.00000 0.00000 1.00000 1.00000
0.10000 7.55104 4.36476 3.13775 849.00000 600.00000 0.00000 0.00000 1.00000 1.00000
0.10000 7.55200 4.36532 3.13806 849.00000 600.00000 0.00000 0.00000 1.00000 1.00000
0.10000 7.55295 4.36587 3.13837 849.00000 600.00000 0.00000 0.00000 1.00000 1.00000
0.10000 7.55389 4.36641 3.13868 849.00000 600.00000 0.00000 0.00000 1.00000 1.00000
0.10000 7.55482 4.36695 3.13898 849.00000 600.00000 0.00000 0.00000 1.00000 1.00000
0.10000 7.55574 4.36748 3.13929 849.00000 600.00000 0.00000 0.00000 1.00000 1.00000
0.10000 7.55665 4.36800 3.13958 849.00000 600.00000 0.00000 0.00000 1.00000 1.00000
0.10000 7.55754 4.36852 3.13988 849.00000 600.00000 0.00000 0.00000 1.00000 1.00000
0.10000 7.55843 4.36903 3.14017 849.00000 600.00000 0.00000 0.00000 1.00000 1.00000
0.10000 7.55931 4.36954 3.14045 849.00000 600.00000 0.00000 0.00000 1.00000 1.00000
0.10000 7.56017 4.37004 3.14074 849.00000 600.00000 0.00000 0.00000 1.00000 1.00000
0.10000 7.56103 4.37054 3.14102 849.00000 600.00000 0.00000 0.00000 1.00000 1.00000
0.10000 7.56188 4.37103 3.14129 849.00000 600.00000 0.00000 0.00000 1.00000 1.00000
0.10000 7.56271 4.37151 3.14157 849.00000 600.00000 0.00000 0.00000 1.00000 1.00000
0.10000 7.56354 4.37199 3.14184 849.00000 600.00000 0.00000 0.00000 1.00000 1.00000
0.10000 7.56436 4.37246 3.14211 849.00000 600.00000 0.00000 0.00000 1.00000 1.00000
0.10000 7.56517 4.37293 3.14237 849.00000 600.00000 0.00000 0.00000 1.00000 1.00000
0.10000 7.56597 4.37339 3.14264 849.00000 600.00000 0.00000 0.00000 1.00000 1.00000
0.10000 7.56677 4.37385 3.14290 849.00000 600.00000 0.00000 0.00000 1.00000 1.00000
0.10000 7.56755 4.37431 3.14316 849.00000 600.00000 0.00000 0.00000 1.00000 1.00000
0.10000 7.56833 4.37475 3.14341 849.00000 600.00000 0.00000 0.00000 1.00000 1.00000
0.10000 7.56909 4.37520 3.14366 849.00000 600.00000 0.00000 0.00000 1.00000 1.00000
0.10000 7.56985 4.37564 3.14391 849.00000 600.00000 0.00000 0.00000 1.00000 1.00000
0.10000 7.57061 4.37607 3.14416 849.00000 600.00000 0.00000 0.00000 1.00000 1.00000
0.10000 7.57135 4.37650 3.14440 849.00000 600.00000 0.00000 0.00000 1.00000 1.00000
0.10000 7.57209 4.37693 3.14465 849.00000 600.00000 0.00000 0.00000 1.00000 1.00000
0.10000 7.57282 4.37735 3.14489 849.00000 600.00000 0.00000 0.00000 1.00000 1.00000
0.10000 7.57355 4.37777 3.14512 849.00000 600.00000 0.00000 0.00000 1.00000 1.00000
0.10000 7.57426 4.37819 3.14536 849.00000 600.00000 0.00000 0.00000 1.00000 1.00000
0.10000 7.57497 4.37860 3.14559 849.00000 600.00000 0.00000 0.00000 1.00000 1.00000
0.10000 7.57568 4.37900 3.14582 849.00000 600.00000 0.00000 0.00000 1.00000 1.00000
0.10000 7.57637 4.37941 3.14605 849.00000 600.00000 0.00000 0.00000 1.00000 1.00000
0.10000 7.57707 4.37981 3.14628 849.00000 600.00000 0.00000 0.00000 1.00000 1.00000
0.10000 7.57775 4.38020 3.14651 849.00000 600.00000 0.00000 0.00000 1.00000 1.00000
0.10000 7.57843 4.38060 3.14673 849.00000 600.00000 0.00000 0.00000 1.00000 1.00000
0.10000 7.57910 4.38099 3.14695 849.00000 600.00000 0.00000 0.00000 1.00000 1.00000
0.10000 7.57977 4.38137 3.14717 849.00000 600.00000 0.00000 0.00000 1.00000 1.00000
0.10000 7.58044 4.38176 3.14739 849.00000 600.00000 0.00000 0.00000 1.00000 1.00000
0.10000 7.58110 4.38214 3.14760 849.00000 600.00000 0.00000 0.00000 1.00000 1.00000
0.10000 7.58175 4.38251 3.14782 849.00000 600.00000 0.00000 0.00000 1.00000 1.00000
0.10000 7.58240 4.38289 3.14803 849.00000 600.00000 0.00000 0.00000 1.00000 1.00000
0.10000 7.58304 4.38326 3.14825 849.00000 600.00000 0.00000 0.00000 1.00000 1.00000
0.10000 7.58368 4.38363 3.14846 849.00000 600.00000 0.00000 0.00000 1.00000 1.00000
0.10000 7.58432 4.38400 3.14866 849.00000 600.00000 0.00000 0.00000 1.00000 1.00000
0.10000 7.58495 4.38436 3.14887 849.00000 600.00000 0.00000 0.00000 1.00000 1.00000
0.10000 7.58558 4.38473 3.14908 849.00000 600.00000 0.00000 0.00000 1.00000 1.00000
0.10000 7.58620 4.38509 3.14928 849.00000 600.00000 0.00000 0.00000 1.00000 1.00000
0.10000 7.58682 4.38545 3.14949 849.00000 600.00000 0.00000 0.00000 1.00000 1.00000
0.10000 7.58744 4.38580 3.14969 849.00000 600.00000 0.00000 0.00000 1.00000 1.00000
0.10000 7.58805 4.38616 3.14989 849.00000 600.00000 0.00000 0.00000 1.00000 1.00000
0.10000 7.58866 4.38651 3.15010 849.00000 600.00000 0.00000 0.00000 1.00000 1.00000
0.10000 7.58927 4.38686 3.15030 849.00000 600.00000 0.00000 0.00000 1.00000 1.00000
0.10000 7.58988 4.38721 3.15050 849.00000 600.00000 0.00000 0.00000 1.00000 1.00000
0.10000 7.59048 4.38756 3.15069 849.00000 600.00000 0.00000 0.00000 1.00000 1.00000
0.10000 7.59108 4.38791 3.15089 849.00000 600.00000 0.00000 0.00000 1.00000 1.00000
0.10000 7.59168 4.38825 3.15109 849.00000 600.00000 0.00000 0.00000 1.00000 1.00000
0.10000 7.59228 4.38860 3.15129 849.00000 600.00000 0.00000 0.00000 1.00000 1.00000
0.10000 7.59287 4.38894 3.15148 849.00000 600.00000 0.00000 0.00000 1.00000 1.00000
0.10000 7.59347 4.38929 3.15168 849.00000 600.00000 0.00000 0.00000 1.00000 1.00000
0.10000 7.59406 4.38963 3.15187 849.00000 600.00000 0.00000 0.00000 1.00000 1.00000
0.10000 7.59465 4.38997 3.15207 849.00000 600.00000 0.00000 0.00000 1.00000 1.00000
0.10000 7.59524 4.39031 3.15226 849.00000 600.00000 0.00000 0.00000 1.00000 1.00000
0.10000 7.59583 4.39065 3.15246 849.00000 600.00000 0.00000 0.00000 1.00000 1.00000
0.10000 7.59642 4.39099 3.15265 849.00000 600.00000 0.00000 0.00000 1.00000 1.00000
0.10000 7.59701 4.39133 3.15285 849.00000 600.00000 0.00000 0.00000 1.00000 1.00000
0.10000 7.59759 4.39167 3.15304 849.00000 600.00000 0.00000 0.00000 1.00000 1.00000
0.10000 7.59818 4.39201 3.15323 849.00000 600.00000 0.00000 0.00000 1.00000 1.00000
0.10000 7.59877 4.39235 3.15343 849.00000 600.00000 0.00000 0.00000 1.00000 1.00000
0.10000 7.59935 4.39269 3.15362 849.00000 600.00000 0.00000 0.00000 1.00000 1.00000
0.10000 7.59994 4.39303 3.15382 849.00000 600.00000 0.00000 0.00000 1.00000 1.00000
0.10000 7.60053 4.39337 3.15401 849.00000 600.00000 0.00000 0.00000 1.00000 1.00000
0.10000 7.60112 4.39371 3.15420 849.00000 600.00000 0.00000 0.00000 1.00000 1.00000
0.10000 7.60171 4.39405 3.15440 849.00000 600.00000 0.00000 0.00000 1.00000 1.00000
0.10000 7.60230 4.39439 3.15459 849.00000 600.00000 0.00000 0.00000 1.00000 1.00000
0.10000 7.60289 4.39474 3.15479 849.00000 600.00000 0.00000 0.00000 1.00000 1.00000
0.10000 7.60349 4.39508 3.15499 849.00000 600.00000 0.00000 0.00000 1.00000 1.00000
0.10000 7.60408 4.39542 3.15518 849.00000 600.00000 0.00000 0.00000 1.00000 1.00000
0.10000 7.60468 4.39577 3.15538 849.00000 600.00000 0.00000 0.00000 1.00000 1.00000
0.10000 7.60528 4.39611 3.15558 849.00000 600.00000 0.00000 0.00000 1.00000 1.00000
0.10000 7.60588 4.39646 3.15578 849.00000 600.00000 0.00000 0.00000 1.00000 1.00000
0.10000 7.60648 4.39681 3.15598 849.00000 600.00000 0.00000 0.00000 1.00000 1.00000
0.10000 7.60709 4.39716 3.15618 849.00000 600.00000 0.00000 0.00000 1.00000 1.00000
0.10000 7.60769 4.39751 3.15638 849.00000 600.00000 0.00000 0.00000 1.00000 1.00000
0.10000 7.60831 4.39786 3.15658 849.00000 600.00000 0.00000 0.00000 1.00000 1.00000
0.10000 7.60892 4.39822 3.15678 849.00000 600.00000 0.00000 0.00000 1.00000 1.00000
0.10000 7.60954 4.39858 3.15699 849.00000 600.00000 0.00000 0.00000 1.00000 1.00000
0.10000 7.61016 4.39893 3.15719 849.00000 600.00000 0.00000 0.00000 1.00000 1.00000
0.10000 7.61078 4.39929 3.15740 849.00000 600.00000 0.00000 0.00000 1.00000 1.00000
0.10000 7.61141 4.39966 3.15761 849.00000 600.00000 0.00000 0.00000 1.00000 1.00000
0.10000 7.61204 4.40002 3.15781 849.00000 600.00000 0.00000 0.00000 1.00000 1.00000
0.10000 7.61267 4.40039 3.15802 849.00000 600.00000 0.00000 0.00000 1.00000 1.00000
0.10000 7.61331 4.40076 3.15824 849.00000 600.00000 0.00000 0.00000 1.00000 1.00000
0.10000 7.61396 4.40113 3.15845 849.00000 600.00000 0.00000 0.00000 1.00000 1.00000
0.10000 7.61461 4.40151 3.15866 849.00000 600.00000 0.00000 0.00000 1.00000 1.00000
0.10000 7.61526 4.40188 3.15888 849.00000 600.00000 0.00000 0.00000 1.00000 1.00000
0.10000 7.61592 4.40226 3.15910 849.00000 600.00000 0.00000 0.00000 1.00000 1.00000
0.10000 7.61658 4.40265 3.15932 849.00000 600.00000 0.00000 0.00000 1.00000 1.00000
0.10000 7.61725 4.40303 3.15954 849.00000 600.00000 0.00000 0.00000 1.00000 1.00000
0.10000 7.61792 4.40342 3.15976 849.00000 600.00000 0.00000 0.00000 1.00000 1.00000
0.10000 7.61860 4.40382 3.15999 849.00000 600.00000 0.00000 0.00000 1.00000 1.00000
0.10000 7.61929 4.40421 3.16022 849.00000 600.00000 0.00000 0.00000 1.00000 1.00000
0.10000 7.61998 4.40461 3.16044 849.00000 600.00000 0.00000 0.00000 1.00000 1.00000
0.10000 7.62067 4.40501 3.16068 849.00000 600.00000 0.00000 0.00000 1.00000 1.00000
0.10000 7.62138 4.40542 3.16091 849.00000 600.00000 0.00000 0.00000 1.00000 1.00000
0.10000 7.62209 4.40583 3.16114 849.00000 600.00000 0.00000 0.00000 1.00000 1.00000
0.10000 7.62280 4.40625 3.16138 849.00000 600.00000 0.00000 0.00000 1.00000 1.00000
0.10000 7.62353 4.40666 3.16162 849.00000 600.00000 0.00000 0.00000 1.00000 1.00000
0.10000 7.62426 4.40709 3.16186 849.00000 600.00000 0.00000 0.00000 1.00000 1.00000
0.10000 7.62500 4.40751 3.16211 849.00000 600.00000 0.00000 0.00000 1.00000 1.00000
0.10000 7.62574 4.40794 3.16236 849.00000 600.00000 0.00000 0.00000 1.00000 1.00000
0.10000 7.62649 4.40838 3.16260 849.00000 600.00000 0.00000 0.00000 1.00000 1.00000
0.10000 7.62725 4.40882 3.16286 849.00000 600.00000 0.00000 0.00000 1.00000 1.00000
0.10000 7.62802 4.40926 3.16311 849.00000 600.00000 0.00000 0.00000 1.00000 1.00000
0.10000 7.62880 4.40971 3.16337 849.00000 600.00000 0.00000 0.00000 1.00000 1.00000
0.10000 7.62958 4.41016 3.16363 849.00000 600.00000 0.00000 0.00000 1.00000 1.00000
0.10000 7.63037 4.41062 3.16389 849.00000 600.00000 0.00000 0.00000 1.00000 1.00000
0.10000 7.63117 4.41108 3.16416 849.00000 600.00000 0.00000 0.00000 1.00000 1.00000
0.10000 7.63198 4.41155 3.16443 849.00000 600.00000 0.00000 0.00000 1.00000 1.00000
0.10000 7.63280 4.41202 3.16470 849.00000 600.00000 0.00000 0.00000 1.00000 1.00000
0.10000 7.63363 4.41250 3.16498 849.00000 600.00000 0.00000 0.00000 1.00000 1.00000
0.10000 7.63447 4.41299 3.16525 849.00000 600.00000 0.00000 0.00000 1.00000 1.00000
0.10000 7.63531 4.41348 3.16553 849.00000 600.00000 0.00000 0.00000 1.00000 1.00000
0.10000 7.63617 4.41397 3.16582 849.00000 600.00000 0.00000 0.00000 1.00000 1.00000
0.10000 7.63703 4.41447 3.16611 849.00000 600.00000 0.00000 0.00000 1.00000 1.00000
0.10000 7.63791 4.41498 3.16640 849.00000 600.00000 0.00000 0.00000 1.00000 1.00000
0.10000 7.63880 4.41549 3.16669 849.00000 600.00000 0.00000 0.00000 1.00000 1.00000
0.10000 7.63969 4.41601 3.16699 849.00000 600.00000 0.00000 0.00000 1.00000 1.00000
0.10000 7.64060 4.41653 3.16729 849.00000 600.00000 0.00000 0.00000 1.00000 1.00000
0.10000 7.64151 4.41706 3.16760 849.00000 600.00000 0.00000 0.00000 1.00000 1.00000
0.10000 7.64244 4.41760 3.16791 849.00000 600.00000 0.00000 0.00000 1.00000 1.00000
0.10000 7.64338 4.41814 3.16822 849.00000 600.00000 0.00000 0.00000 1.00000 1.00000
0.10000 7.64433 4.41869 3.16854 849.00000 600.00000 0.00000 0.00000 1.00000 1.00000
0.10000 7.64529 4.41924 3.16886 849.00000 600.00000 0.00000 0.00000 1.00000 1.00000
0.10000 7.64627 4.41981 3.16918 849.00000 600.00000 0.00000 0.00000 1.00000 1.00000
0.10000 7.64725 4.42038 3.16951 849.00000 600.00000 0.00000 0.00000 1.00000 1.00000
0.10000 7.64825 4.42095 3.16984 849.00000 600.00000 0.00000 0.00000 1.00000 1.00000
0.10000 7.64926 4.42154 3.17018 849.00000 600.00000 0.00000 0.00000 1.00000 1.00000
0.10000 7.65028 4.42213 3.17052 849.00000 600.00000 0.00000 0.00000 1.00000 1.00000
0.10000 7.65131 4.42272 3.17086 849.00000 600.00000 0.00000 0.00000 1.00000 1.00000
0.10000 7.65236 4.42333 3.17121 849.00000 600.00000 0.00000 0.00000 1.00000 1.00000
0.10000 7.65342 4.42394 3.17156 849.00000 600.00000 0.00000 0.00000 1.00000 1.00000
0.10000 7.65449 4.42456 3.17192 849.00000 600.00000 0.00000 0.00000 1.00000 1.00000
0.10000 7.65557 4.42519 3.17228 849.00000 600.00000 0.00000 0.00000 1.00000 1.00000
0.10000 7.65667 4.42582 3.17265 849.00000 600.00000 0.00000 0.00000 1.00000 1.00000
0.10000 7.65778 4.42646 3.17302 849.00000 600.00000 0.00000 0.00000 1.00000 1.00000
0.10000 7.65891 4.42711 3.17340 849.00000 600.00000 0.00000 0.00000 1.00000 1.00000
0.10000 7.66004 4.42777 3.17378 849.00000 600.00000 0.00000 0.00000 1.00000 1.00000
0.10000 7.66120 4.42844 3.17416 849.00000 600.00000 0.00000 0.00000 1.00000 1.00000
0.10000 7.66236 4.42911 3.17455 849.00000 600.00000 0.00000 0.00000 1.00000 1.00000
0.10000 7.66354 4.42979 3.17495 849.00000 600.00000 0.00000 0.00000 1.00000 1.00000
0.10000 7.66474 4.43049 3.17535 849.00000 600.00000 0.00000 0.00000 1.00000 1.00000
0.10000 7.66595 4.43119 3.17575 849.00000 600.00000 0.00000 0.00000 1.00000 1.00000
0.10000 7.66718 4.43189 3.17616 849.00000 600.00000 0.00000 0.00000 1.00000 1.00000
0.10000 7.66842 4.43261 3.17658 849.00000 600.00000 0.00000 0.00000 1.00000 1.00000
0.10000 7.66967 4.43334 3.17700 849.00000 600.00000 0.00000 0.00000 1.00000 1.00000
0.10000 7.67094 4.43407 3.17742 849.00000 600.00000 0.00000 0.00000 1.00000 1.00000
0.10000 7.67223 4.43481 3.17785 849.00000 600.00000 0.00000 0.00000 1.00000 1.00000
0.10000 7.67353 4.43557 3.17829 849.00000 600.00000 0.00000 0.00000 1.00000 1.00000
0.10000 7.67485 4.43633 3.17873 849.00000 600.00000 0.00000 0.00000 1.00000 1.00000
0.10000 7.67618 4.43710 3.17918 849.00000 600.00000 0.00000 0.00000 1.00000 1.00000
0.10000 7.67753 4.43788 3.17963 849.00000 600.00000 0.00000 0.00000 1.00000 1.00000
0.10000 7.67890 4.43867 3.18009 849.00000 600.00000 0.00000 0.00000 1.00000 1.00000
0.10000 7.68028 4.43947 3.18055 849.00000 600.00000 0.00000 0.00000 1.00000 1.00000
0.10000 7.68168 4.44028 3.18102 849.00000 600.00000 0.00000 0.00000 1.00000 1.00000
0.00000 7.68168 4.44028 3.18102 849.00000 600.00000 0.00000 0.00000 1.00000 1.00000
